0
0
0
0
0
0
0
0
0
0
0
0
0
0
0
0
0
0
0
0
0
0
0
0
0
0
0
0
0
0
0
0
0
0
0
0
0
0
0
0
0
0
0
0
0
0
0
0
0
0
0
0
0
0
0
0
0
0
0
0
0
0
0
0
0
0
0
0
0
0
0
0
0
0
0
0
0
0
0
0
0
0
0
0
0
0
0
0
0
0
0
0
0
0
0
0
0
0
0
0
0
0
0
0
0
0.286275
0.776471
0.780392
0.635294
0.258824
0.431373
0.611765
0.533333
0.254902
0
0
0
0
0
0
0
0
0
0
0
0.721569
0.27451
0.0745098
0.231373
0.592157
0.670588
0.286275
0.341176
0.678431
0.647059
0.0392157
0
0
0
0
0
0
0
0
0
0.533333
0.545098
0
0
0
0
0
0
0
0.498039
0.592157
0
0
0
0
0
0
0
0
0
0.105882
0.964706
0.537255
0
0
0
0
0
0
0.0352941
0.894118
0.545098
0.0235294
0
0
0
0
0
0
0
0.670588
0.419608
0.0784314
0
0
0
0
0
0
0
0.0784314
0.564706
0.592157
0
0
0
0
0
0
0
0.607843
0.407843
0
0
0
0
0
0
0
0
0
0
0.780392
0.180392
0
0
0
0
0
0
0.0235294
0.729412
0.301961
0.00784314
0
0
0
0
0
0
0.105882
0.145098
0.847059
0.12549
0
0
0
0
0
0
0
0.0745098
0.980392
0.886275
0.67451
0.101961
0
0
0
0.0352941
0.921569
0.807843
0.341176
0
0
0
0
0
0
0
0
0.00392157
0.396078
0.568627
0.698039
0.133333
0.839216
0.556863
0.309804
0.796078
0.262745
0
0
0
0
0
0
0
0
0
0
0
0
0.145098
0.752941
0.0196078
0.894118
0.380392
0.619608
0.368627
0
0
0
0
0
0
0
0
0
0
0
0
0
0
0.768627
0.137255
0.866667
0
0
0
0
0
0
0
0
0
0
0
0
0
0
0
0
0
0.611765
0.290196
0.713726
0
0
0
0
0
0
0
0
0
0
0
0
0
0
0
0
0
0.72549
0.239216
0.823529
0
0
0
0
0
0
0
0
0
0
0
0
0
0
0
0
0.00392157
0.631373
0.0352941
0.972549
0.00392157
0
0
0
0
0
0
0
0
0
0
0
0
0
0
0
0
0
0
0.298039
0
0
0
0
0
0
0
0
