0
0
0
0
0
0
0
0
0
0
0
0
0
0
0
0
0
0
0
0
0
0
0
0
0
0
0
0
0
0
0
0
0
0
0
0
0
0
0
0
0
0
0
0
0
0
0
0
0
0
0
0
0
0
0
0
0
0
0
0
0
0
0
0
0
0
0
0
0
0
0
0
0
0
0
0
0
0
0
0
0
0
0
0
0
0
0
0
0
0
0
0
0
0
0
0
0
0
0
0
0
0
0
0
0
0.301961
0.894118
0.866667
0.407843
0.670588
0.352941
0.0117647
0
0
0
0
0
0
0
0
0
0
0
0
0.105882
0.839216
0.639216
0.137255
0.0117647
0.176471
0.690196
0.894118
0.886275
0.768627
0.247059
0
0
0
0
0
0
0
0
0
0.529412
0.658824
0.988235
0.898039
0
0
0.105882
0.486275
0.0196078
0.152941
0.741176
0.458824
0
0
0
0
0
0
0
0
0.501961
0.376471
0.286275
0.560784
0
0
0
0
0
0
0.211765
0.811765
0.0235294
0
0
0
0
0
0
0
0.2
0.694118
0
0
0
0
0
0
0
0
0.0117647
0.545098
0.509804
0
0
0
0
0
0
0
0
0.713726
0.792157
0.662745
0.0313726
0
0
0
0
0
0
0.027451
0.447059
0.247059
0
0
0
0
0
0
0
0.258824
0.827451
0.541176
0.0588235
0
0
0
0
0
0.235294
0.364706
0.580392
0.486275
0
0
0
0
0
0
0
0.207843
0.8
0.243137
0
0
0
0
0.203922
0
0.698039
0.67451
0.623529
0.266667
0
0
0
0
0
0
0
0.0117647
0.396078
0.87451
0.447059
0.0235294
0.768627
0.533333
0.992157
0.627451
0.886275
0.0196078
0
0
0
0
0
0
0
0
0
0
0
0.0588235
0.780392
0.513726
0.92549
0.403922
0.2
0.278431
0.145098
0
0
0
0
0
0
0
0
0
0
0
0
0
0.027451
0.168627
0.858824
0
0
0
0
0
0
0
0
0
0
0
0
0
0
0
0
0
0
0
0.635294
0.0352941
0
0
0
0
0
0
0
0
0
0
0
0
0
0
0
0
0
0
0.768627
0.105882
0
0
0
0
0
0
0
0
0
0
0
0
0
0
0
0
0
0
0.745098
0.145098
0
0
0
0
0
0
0
0
0
0
0
0
0
0
0
0
0
0
0.737255
0.137255
0
0
0
0
0
0
0
0
