0
0
0
0
0
0
0
0
0
0
0
0
0
0
0
0
0
0
0
0
0
0
0
0
0
0
0
0
0
0
0
0
0
0
0
0
0
0
0
0
0
0
0
0
0
0
0
0
0
0
0
0
0
0
0
0
0
0
0
0
0
0
0
0
0
0
0
0
0
0
0
0
0
0
0
0
0
0
0
0
0
0
0
0
0
0.101961
0.658824
0.729412
0.701961
0.286275
0.156863
0
0
0
0
0
0
0
0
0
0
0
0
0
0
0.494118
0.52549
0.129412
0.152941
0.196078
0.698039
0.713726
0.666667
0.431373
0.0352941
0
0
0
0
0
0
0
0
0
0
0.52549
0.356863
0
0
0
0.164706
0.329412
0.227451
0.454902
0.819608
0.211765
0
0
0
0
0
0
0
0
0
0.360784
0.737255
0.0784314
0
0
0
0
0
0
0.176471
0.839216
0.188235
0
0
0
0
0
0
0
0
0.427451
0.780392
0.101961
0
0
0
0
0
0
0
0.478431
0.466667
0
0
0
0
0
0
0
0
0.745098
0.164706
0
0
0
0
0
0
0
0
0.286275
0.741176
0
0
0
0
0
0
0
0
0.635294
0.662745
0.164706
0
0
0
0
0
0
0.0431373
0.509804
0.756863
0
0
0
0
0
0
0
0
0.027451
0.619608
0.419608
0
0
0
0
0
0
0.105882
1
0.6
0
0
0
0
0
0
0
0
0
0.337255
0.643137
0
0
0
0
0
0
0.203922
0.741176
0.00784314
0
0
0
0
0
0
0
0
0
0.00392157
0.752941
0.694118
0.654902
0
0.356863
0.360784
0.168627
0.741176
0.352941
0
0
0
0
0
0
0
0
0
0
0
0.054902
0.6
0.960784
0.0117647
0.827451
0.698039
0.760784
0.458824
0
0
0
0
0
0
0
0
0
0
0
0
0
0
0.886275
0.0941176
0.835294
0
0
0
0
0
0
0
0
0
0
0
0
0
0
0
0
0.0117647
0.839216
0.0862745
0.811765
0
0
0
0
0
0
0
0
0
0
0
0
0
0
0
0
0.560784
0.619608
0.0862745
0.819608
0
0
0
0
0
0
0
0
0
0
0
0
0
0
0
0.00784314
0.490196
0.0588235
0.0352941
0.862745
0.192157
0
0
0
0
0
0
0
0
0
0
0
0
0
0
0
0
0
0
0.356863
0.341176
0
0
0
0
0
0
0
