0
0
0
0
0
0
0
0
0
0
0
0
0
0
0
0
0
0
0
0
0
0
0
0
0
0
0
0
0
0
0
0
0
0
0
0
0
0
0
0
0
0
0
0
0
0
0
0
0
0
0
0
0
0
0
0
0
0
0
0
0
0
0
0
0
0
0
0
0
0
0
0
0
0
0
0
0
0
0
0
0
0
0
0
0
0
0
0
0.0784314
0.470588
0.454902
0.462745
0.403922
0.0784314
0
0
0
0
0
0
0
0
0
0
0
0
0
0
0.823529
0.498039
0.388235
0.396078
0.556863
0.870588
0.4
0.188235
0
0
0
0
0
0
0
0
0
0
0
0
0.792157
0.0392157
0
0
0.0235294
0.470588
0.47451
0.8
0.454902
0
0
0
0
0
0
0
0
0
0.101961
0.705882
0.792157
0.854902
0.129412
0
0
0
0
0.0313726
0.733333
0.356863
0
0
0
0
0
0
0
0
0.364706
0.588235
0.0627451
0.243137
0.0627451
0
0
0
0
0
0.180392
0.478431
0
0
0
0
0
0
0
0
0.129412
0.831373
0.0941176
0
0
0
0
0
0
0.101961
0.572549
0.478431
0
0
0
0
0
0
0
0
0
0.556863
0.533333
0
0
0
0
0
0
0.807843
0.619608
0.0588235
0
0
0
0
0
0
0
0
0
0.666667
0.278431
0
0
0
0
0
0
0.894118
0
0
0
0
0
0
0
0
0
0
0
0.380392
0.443137
0.0235294
0
0
0
0
0
0.87451
0
0
0
0
0
0
0
0
0
0
0
0
0.462745
0.439216
0.0235294
0.372549
0.364706
0.133333
0.168627
0.803922
0
0
0
0
0
0
0
0
0
0
0
0
0.607843
0.270588
0.341176
0.768627
0.537255
0.729412
0.807843
0.329412
0
0
0
0
0
0
0
0
0
0
0
0
0.741176
0.133333
0.266667
0.458824
0
0
0
0
0
0
0
0
0
0
0
0
0
0
0
0
0.764706
0.0352941
0.341176
0.541176
0
0
0
0
0
0
0
0
0
0
0
0
0
0
0
0.00392157
0.831373
0.00392157
0.239216
0.443137
0
0
0
0
0
0
0
0
0
0
0
0
0
0
0
0.0352941
0.819608
0
0.345098
0.635294
0
0
0
0
0
0
0
0
0
0
0
0
0
0
0
0.027451
0.396078
0
0.0392157
0.101961
0
0
0
0
0
0
0
0
