0
0
0
0
0
0
0
0
0
0
0
0
0
0
0
0
0
0
0
0
0
0
0
0
0
0
0
0
0
0
0
0
0
0
0
0
0
0
0
0
0
0
0
0
0
0
0
0
0
0
0
0
0
0
0
0
0
0
0
0
0
0
0
0
0
0
0
0
0
0
0
0
0
0
0
0
0
0
0
0
0
0
0
0
0
0
0.254902
0.439216
0.176471
0.192157
0.12549
0.00784314
0
0
0
0
0
0
0
0
0
0
0
0
0
0.207843
0.831373
0.470588
0.866667
0.807843
0.713726
0.776471
0.439216
0.121569
0
0
0
0
0
0
0
0
0
0
0
0.298039
0.560784
0
0.0431373
0.0313726
0
0.0352941
0.352941
0.811765
0.396078
0
0
0
0
0
0
0
0
0
0
0.0901961
0.823529
0.0862745
0
0
0
0
0
0.0117647
0.858824
0.145098
0
0
0
0
0
0
0
0
0
0.219608
0.905882
0.972549
0.458824
0
0
0
0
0.0901961
0.913725
0.752941
0.266667
0
0
0
0
0
0
0
0
0.639216
0.305882
0.0901961
0.0980392
0
0
0
0
0
0.0352941
0.0431373
0.321569
0.0745098
0
0
0
0
0
0
0
0.635294
0.419608
0
0
0
0
0
0
0
0
0
0.0352941
0.858824
0.0352941
0
0
0
0
0
0
0.211765
0.760784
0
0
0
0
0
0
0
0
0
0
0.67451
0.180392
0
0
0
0
0
0
0.0862745
0.854902
0.0431373
0.0627451
0
0.0745098
0
0
0.00784314
0.027451
0
0.160784
0.870588
0.0745098
0
0
0
0
0
0
0
0.403922
0.960784
0.662745
0
0.937255
0.396078
0.0313726
0.392157
0.545098
0.0117647
0.788235
0.352941
0
0
0
0
0
0
0
0
0
0.172549
0.0117647
0
0.819608
0.678431
0.878431
0.901961
0.745098
0.490196
0.658824
0
0
0
0
0
0
0
0
0
0
0
0
0
0.847059
0
0
0
0.513726
0.792157
0.0745098
0
0
0
0
0
0
0
0
0
0
0
0
0
0.87451
0
0
0
0
0
0
0
0
0
0
0
0
0
0
0
0
0
0
0
0.866667
0.027451
0
0
0
0
0
0
0
0
0
0
0
0
0
0
0
0
0
0
0.745098
0.129412
0
0
0
0
0
0
0
0
0
0
0
0
0
0
0
0
0
0
0.764706
0.137255
0
0
0
0
0
0
0
0
