0
0
0
0
0
0
0
0
0
0
0
0
0
0
0
0
0
0
0
0
0
0
0
0
0
0
0
0
0
0
0
0
0
0
0
0
0
0
0
0
0
0
0
0
0
0
0
0
0
0
0
0
0
0
0
0
0
0
0
0
0
0
0
0
0
0
0
0
0
0
0
0
0
0
0
0
0
0
0
0
0
0
0
0
0
0
0
0
0
0
0
0
0
0
0
0
0
0
0
0
0
0
0
0
0
0
0
0
0
0
0
0
0
0
0
0
0
0
0
0
0
0
0
0
0
0
0
0
0
0
0
0
0
0
0
0
0
0
0
0
0
0
0
0
0
0
0
0
0
0
0
0.423529
0.192157
0
0
0
0
0
0
0
0
0
0
0
0
0
0
0
0
0.0235294
0.623529
0.654902
0.105882
0
0
0
0
0
0
0
0
0
0
0
0
0
0
0
0
0.564706
0.556863
0.870588
0.027451
0
0
0
0
0
0
0
0
0
0
0
0
0
0
0
0
0.807843
0.454902
0.92549
0.00392157
0
0
0
0
0
0
0
0
0
0
0
0
0
0
0
0
0.337255
0.733333
0.901961
0.00392157
0
0
0
0
0
0
0
0
0
0
0
0
0
0
0
0
0
0
0.823529
0.00784314
0
0
0
0
0
0
0
0
0
0
0
0
0
0
0
0
0
0
0.662745
0
0
0
0
0
0
0
0
0
0
0
0
0
0
0
0
0
0
0
0.913725
0
0
0
0
0
0
0
0
0
0
0
0
0
0
0
0
0
0
0
0.545098
0.0196078
0
0
0
0
0
0
0
0
0
0
0
0
0
0
0
0
0
0
0
0
0
0
0
0
0
0
0
0
0
0
0
0
0
0
0
0
0
0
0
0
0
0
0
0
0
0
0
0
0
0
0
0
0
0
0
0
0
0
0
0
0
0
0
0
0
0
0
0
0
0
0
0
0
0
0
0
0
0
0
0
0
0
0
0
0
0
0
