0
0
0
0
0
0
0
0
0
0
0
0
0
0
0
0
0
0
0
0
0
0
0
0
0
0
0
0
0
0
0
0
0
0
0
0
0
0
0
0
0
0
0
0
0
0
0
0
0
0
0
0
0
0
0
0
0
0
0
0
0
0
0
0
0
0
0
0
0
0
0
0
0
0
0
0
0
0
0
0
0
0
0
0
0
0
0
0
0
0.152941
0.662745
0.447059
0
0
0
0
0
0
0
0
0
0
0
0
0
0
0
0
0.0666667
0.737255
0.541176
0.92549
0.219608
0
0
0
0
0
0
0
0
0
0
0
0
0
0
0.00392157
0.698039
0.356863
0
0.286275
0.811765
0.0352941
0
0
0
0
0
0
0
0
0
0
0
0
0
0.254902
0.737255
0
0
0
0.564706
0.494118
0
0
0
0
0
0
0
0
0
0
0
0
0
0.431373
0.411765
0
0
0
0.0745098
0.862745
0
0
0
0
0
0
0
0
0
0
0
0
0
0.52549
0.333333
0
0
0
0.0196078
0.886275
0
0
0
0
0
0
0
0
0
0
0
0
0
0.545098
0.356863
0
0
0
0.105882
0.796078
0
0
0
0
0
0
0
0
0
0
0
0
0
0.286275
0.709804
0
0
0
0.537255
0.521569
0
0
0
0
0
0
0
0
0
0
0
0
0
0.0117647
0.698039
0.501961
0
0.243137
0.890196
0.133333
0
0
0
0
0
0
0
0
0
0
0
0
0
0
0.0627451
0.666667
0.764706
0.854902
0.890196
0.00784314
0
0
0
0
0
0
0
0
0
0
0
0
0
0
0
0
0.180392
0.0901961
0.87451
0.00784314
0
0
0
0
0
0
0
0
0
0
0
0
0
0
0
0
0
0.0627451
0.854902
0
0
0
0
0
0
0
0
0
0
0
0
0
0
0
0
0
0
0.286275
0.654902
0
0
0
0
0
0
0
0
0
0
0
0
0
0
0.0392157
0.364706
0.352941
0.407843
0.878431
0.2
0
0
0
0
0
0
0
0
0
0
0
0
0
0
0.0862745
0.564706
0.552941
0.533333
0.180392
0
0
0
0
0
0
0
0
0
0
0
0
0
0
0
0
0
0
0
0
0
0
0
0
0
0
0
0
