0
0
0
0
0
0
0
0
0
0
0
0
0
0
0
0
0
0
0
0
0
0
0
0
0
0
0
0
0
0
0
0
0
0
0
0
0
0
0
0
0
0
0
0
0
0
0
0
0
0
0
0
0
0
0
0
0
0
0
0
0
0
0
0
0
0
0
0
0
0
0
0
0
0
0
0
0
0
0
0
0
0
0
0
0
0
0
0
0
0
0
0
0
0
0
0
0
0
0
0
0
0
0
0
0
0
0
0
0
0
0.407843
0.670588
0.156863
0
0
0
0
0
0
0
0
0
0
0
0
0
0
0
0
0.286275
0.803922
0.243137
0.27451
0.0117647
0
0
0
0
0
0
0
0
0
0
0
0
0
0
0
0.701961
0.160784
0
0.988235
0.513726
0
0
0
0
0
0
0
0
0
0
0
0
0
0
0.243137
0.701961
0
0
0.537255
0.764706
0
0
0
0
0
0
0
0
0
0
0
0
0
0
0.352941
0.576471
0
0
0.509804
0.72549
0
0
0
0
0
0
0
0
0
0
0
0
0
0
0.0901961
0.87451
0.156863
0.329412
0.776471
0.772549
0
0
0
0
0
0
0
0
0
0
0
0
0
0
0
0.258824
0.894118
0.713726
0.0862745
0.878431
0
0
0
0
0
0
0
0
0
0
0
0
0
0
0
0
0.0666667
0.027451
0.00392157
0.709804
0
0
0
0
0
0
0
0
0
0
0
0
0
0
0
0
0
0
0.0352941
0.733333
0
0
0
0
0
0
0
0
0
0
0
0
0
0
0
0
0
0
0.160784
0.678431
0
0
0
0
0
0
0
0
0
0
0
0
0
0
0
0
0
0
0.407843
0.611765
0
0
0
0
0
0
0
0
0
0
0
0
0
0
0.466667
0.639216
0.705882
0.811765
0.756863
0.121569
0
0
0
0
0
0
0
0
0
0
0
0
0
0.0196078
0.6
0.266667
0.172549
0.00784314
0
0
0
0
0
0
0
0
0
0
0
0
0
0
0
0
0
0
0
0
0
0
0
0
0
0
0
0
0
0
0
0
0
0
0
0
0
0
0
0
0
0
0
0
0
0
0
0
