0
0
0
0
0
0
0
0
0
0
0
0
0
0
0
0
0
0
0
0
0
0
0
0
0
0
0
0
0
0
0
0
0
0
0
0
0
0
0
0
0
0
0
0
0
0
0
0
0
0
0
0
0
0
0
0
0
0
0
0
0
0
0
0
0
0
0
0
0
0
0
0
0
0
0
0
0
0
0
0
0
0
0
0
0
0
0
0
0
0
0
0
0
0
0
0
0
0
0
0
0
0
0
0
0
0
0
0
0
0
0
0
0
0
0
0
0
0
0
0
0
0
0
0
0
0
0
0
0
0.0627451
0.580392
0.396078
0.254902
0.137255
0
0
0
0
0
0
0
0
0
0
0
0
0
0
0.027451
0.729412
0.486275
0.156863
0.67451
0.647059
0
0
0
0
0
0
0
0
0
0
0
0
0
0
0.435294
0.596078
0
0
0.537255
0.870588
0
0
0
0
0
0
0
0
0
0
0
0
0
0
0.733333
0.207843
0
0
0.556863
0.701961
0
0
0
0
0
0
0
0
0
0
0
0
0
0
0.568627
0.545098
0.0196078
0.164706
0.792157
0.337255
0
0
0
0
0
0
0
0
0
0
0
0
0
0
0.0352941
0.552941
0.858824
0.87451
0.705882
0.341176
0
0
0
0
0
0
0
0
0
0
0
0
0
0
0
0
0.0627451
0.0862745
0.552941
0.352941
0
0
0
0
0
0
0
0
0
0
0
0
0
0
0
0
0
0
0.529412
0.192157
0
0
0
0
0
0
0
0
0
0
0
0
0
0
0
0
0
0
0.788235
0.0745098
0
0
0
0
0
0
0
0
0
0
0
0
0
0
0
0.47451
0.631373
0.709804
0.709804
0
0
0
0
0
0
0
0
0
0
0
0
0
0
0
0
0.203922
0.298039
0.27451
0.0196078
0
0
0
0
0
0
0
0
0
0
0
0
0
0
0
0
0
0
0
0
0
0
0
0
0
0
0
0
0
0
0
0
0
0
0
0
0
0
0
0
0
0
0
0
0
0
0
0
0
0
0
0
0
0
0
0
0
0
0
0
0
0
0
0
0
0
0
