0
0
0
0
0
0
0
0
0
0
0
0
0
0
0
0
0
0
0
0
0
0
0
0
0
0
0
0
0
0
0
0
0
0
0
0
0
0
0
0
0
0
0
0
0
0
0
0
0
0
0
0
0
0
0
0
0
0
0
0
0
0
0
0
0
0
0
0
0
0
0
0
0
0
0
0
0
0
0
0
0
0
0
0
0
0
0
0
0
0
0
0
0
0
0
0
0
0
0
0
0
0
0
0
0
0
0
0
0
0
0
0
0
0
0
0
0
0
0
0
0
0
0
0
0
0
0
0
0
0
0.0235294
0.121569
0
0
0
0
0
0
0
0
0
0
0
0
0
0
0
0
0
0.0862745
0.8
0.788235
0.52549
0.207843
0
0
0
0
0
0
0
0
0
0
0
0
0
0
0.00784314
0.647059
0.403922
0
0.705882
0.435294
0
0
0
0
0
0
0
0
0
0
0
0
0
0
0.333333
0.654902
0.00392157
0
0.745098
0.411765
0
0
0
0
0
0
0
0
0
0
0
0
0
0
0.552941
0.4
0
0.180392
0.819608
0.207843
0
0
0
0
0
0
0
0
0
0
0
0
0
0
0.231373
0.894118
0.776471
0.592157
0.741176
0.137255
0
0
0
0
0
0
0
0
0
0
0
0
0
0
0
0.105882
0.0313726
0
0.745098
0.145098
0
0
0
0
0
0
0
0
0
0
0
0
0
0
0
0
0
0
0.752941
0.152941
0
0
0
0
0
0
0
0
0
0
0
0
0
0
0
0.0784314
0.12549
0
0.752941
0.152941
0
0
0
0
0
0
0
0
0
0
0
0
0
0
0
0.231373
0.862745
0.466667
0.866667
0.137255
0
0
0
0
0
0
0
0
0
0
0
0
0
0
0
0
0.227451
0.443137
0.4
0
0
0
0
0
0
0
0
0
0
0
0
0
0
0
0
0
0
0
0
0
0
0
0
0
0
0
0
0
0
0
0
0
0
0
0
0
0
0
0
0
0
0
0
0
0
0
0
0
0
0
0
0
0
0
0
0
0
0
0
0
0
0
0
0
0
0
