0
0
0
0
0
0
0
0
0
0
0
0
0
0
0
0
0
0
0
0
0
0
0
0
0
0
0
0
0
0
0
0
0
0
0
0
0
0
0
0
0
0
0
0
0
0
0
0
0
0
0
0
0
0
0
0
0
0
0
0
0
0
0
0
0
0
0
0
0
0
0
0
0
0
0
0
0
0
0
0
0
0
0
0
0
0
0
0
0
0
0
0
0
0
0
0
0
0
0
0
0
0
0
0
0
0
0
0
0
0
0.0588235
0.054902
0
0
0
0
0
0
0
0
0
0
0
0
0
0
0
0
0
0.435294
0.886275
0.898039
0.490196
0
0
0
0
0
0
0
0
0
0
0
0
0
0
0
0.101961
0.854902
0.0470588
0.0235294
0.756863
0.333333
0
0
0
0
0
0
0
0
0
0
0
0
0
0
0.266667
0.643137
0
0
0.262745
0.992157
0.027451
0
0
0
0
0
0
0
0
0
0
0
0
0
0.27451
0.607843
0
0
0.301961
0.92549
0
0
0
0
0
0
0
0
0
0
0
0
0
0
0.223529
0.760784
0.00392157
0.176471
0.862745
0.843137
0
0
0
0
0
0
0
0
0
0
0
0
0
0
0.00784314
0.729412
0.792157
0.870588
0.231373
0.894118
0
0
0
0
0
0
0
0
0
0
0
0
0
0
0
0.0196078
0.211765
0.0313726
0
0.768627
0
0
0
0
0
0
0
0
0
0
0
0
0
0
0
0
0
0
0.00392157
0.909804
0
0
0
0
0
0
0
0
0
0
0
0
0
0
0
0
0
0
0.247059
0.788235
0
0
0
0
0
0
0
0
0
0
0
0
0
0
0.733333
0.392157
0.223529
0.290196
0.858824
0.207843
0
0
0
0
0
0
0
0
0
0
0
0
0
0
0.192157
0.631373
0.690196
0.631373
0.223529
0
0
0
0
0
0
0
0
0
0
0
0
0
0
0
0
0
0
0
0
0
0
0
0
0
0
0
0
0
0
0
0
0
0
0
0
0
0
0
0
0
0
0
0
0
0
0
0
0
0
0
0
0
0
0
0
0
0
0
0
0
0
0
0
0
0
0
