0
0
0
0
0
0
0
0
0
0
0
0
0
0
0
0
0
0
0
0
0
0
0
0
0
0
0
0
0
0
0
0
0
0
0
0
0
0
0
0
0
0
0
0
0
0
0
0
0
0
0
0
0
0
0
0
0
0
0
0
0
0
0
0
0
0
0
0
0
0
0
0
0
0
0
0
0
0
0
0
0
0
0
0
0
0
0
0
0
0
0
0
0
0
0
0
0
0
0
0
0
0
0
0
0
0
0
0
0
0
0
0
0
0
0
0
0
0
0
0
0
0
0
0
0
0
0
0
0.0117647
0.305882
0.305882
0.392157
0.203922
0.00392157
0
0
0
0
0
0
0
0
0
0
0
0
0
0.0235294
0.690196
0.666667
0.505882
0.564706
0.690196
0.866667
0.447059
0.00784314
0
0
0
0
0
0
0
0
0
0
0
0.454902
0.631373
0
0
0
0
0.0784314
0.6
0.556863
0
0
0
0
0
0
0
0
0
0
0
0.662745
0.176471
0
0
0
0
0
0.0117647
0.909804
0
0
0
0
0
0
0
0
0
0
0
0.698039
0.105882
0
0
0
0
0
0
0.901961
0
0
0
0
0
0
0
0
0
0
0
0.741176
0.141176
0
0
0
0
0
0.00392157
0.713726
0
0
0
0
0
0
0
0
0
0
0
0.729412
0.207843
0
0
0
0
0
0.188235
0.690196
0
0
0
0
0
0
0
0
0
0
0
0.290196
0.803922
0.0901961
0
0
0
0.0117647
0.760784
0.231373
0
0
0
0
0
0
0
0
0
0
0
0
0.329412
0.847059
0.298039
0.12549
0.235294
0.678431
0.556863
0
0
0
0
0
0
0
0
0
0
0
0
0
0
0.211765
0.505882
0.698039
0.658824
0.356863
0.00392157
0
0
0
0
0
0
0
0
0
0
0
0
0
0
0
0
0
0
0
0
0
0
0
0
0
0
0
0
0
0
0
0
0
0
0
0
0
0
0
0
0
0
0
0
0
0
0
0
0
0
0
0
0
0
0
0
0
0
0
0
0
0
0
0
0
0
0
0
0
0
0
0
0
0
0
0
0
0
0
0
0
0
0
0
0
