0
0
0
0
0
0
0
0
0
0
0
0
0
0
0
0
0
0
0
0
0
0
0
0
0
0
0
0
0
0
0
0
0
0
0
0
0
0
0
0
0
0
0
0
0
0
0
0
0
0
0
0
0
0
0
0
0
0
0
0
0
0
0
0
0
0
0
0
0
0
0
0
0
0
0
0
0
0
0
0
0
0
0
0
0
0
0
0
0
0
0
0
0
0
0
0
0
0
0
0
0
0
0
0
0
0
0
0
0.0745098
0.878431
0.635294
0.0196078
0
0
0
0
0
0
0
0
0
0
0
0
0
0
0
0
0.647059
0.239216
0.47451
0.807843
0.054902
0
0
0
0
0
0
0
0
0
0
0
0
0
0
0.0745098
0.858824
0.00392157
0
0.541176
0.541176
0
0
0
0
0
0
0
0
0
0
0
0
0
0
0.270588
0.607843
0
0
0.0431373
0.760784
0.0313726
0
0
0
0
0
0
0
0
0
0
0
0
0
0.262745
0.596078
0
0
0
0.737255
0.0392157
0
0
0
0
0
0
0
0
0
0
0
0
0
0.0588235
0.4
0
0
0
0.733333
0.133333
0
0
0
0
0
0
0
0
0
0
0
0
0
0.0862745
0.631373
0
0
0
0.745098
0.145098
0
0
0
0
0
0
0
0
0
0
0
0
0
0.0196078
0.768627
0
0
0
0.745098
0.145098
0
0
0
0
0
0
0
0
0
0
0
0
0
0
0.854902
0.0705882
0
0
0.698039
0.0862745
0
0
0
0
0
0
0
0
0
0
0
0
0
0
0.588235
0.372549
0
0
0.847059
0.0627451
0
0
0
0
0
0
0
0
0
0
0
0
0
0
0.258824
0.745098
0.00392157
0.266667
0.768627
0
0
0
0
0
0
0
0
0
0
0
0
0
0
0
0
0.658824
0.721569
0.854902
0.231373
0
0
0
0
0
0
0
0
0
0
0
0
0
0
0
0
0.00392157
0.313726
0.196078
0
0
0
0
0
0
0
0
0
0
0
0
0
0
0
0
0
0
0
0
0
0
0
0
0
0
0
0
0
0
0
0
0
0
0
0
0
0
0
0
0
0
0
0
0
0
0
0
