0
0
0
0
0
0
0
0
0
0
0
0
0
0
0
0
0
0
0
0
0
0
0
0
0
0
0
0
0
0
0
0
0
0
0
0
0
0
0
0
0
0
0
0
0
0
0
0
0
0
0
0
0
0
0
0
0
0
0
0
0
0
0
0
0
0
0
0
0
0
0
0
0
0
0
0
0
0
0
0
0
0
0
0
0
0
0
0
0
0
0
0
0
0
0
0
0
0
0
0
0
0
0
0
0
0
0
0
0
0
0
0
0
0
0
0
0
0
0
0
0
0
0
0
0
0
0
0
0.0235294
0.560784
0.631373
0.196078
0
0
0
0
0
0
0
0
0
0
0
0
0
0
0
0
0.658824
0.611765
0.298039
0.835294
0.298039
0
0
0
0
0
0
0
0
0
0
0
0
0
0
0.313726
0.698039
0.00392157
0
0.054902
0.733333
0.164706
0
0
0
0
0
0
0
0
0
0
0
0
0
0.627451
0.235294
0
0
0
0.203922
0.8
0.00392157
0
0
0
0
0
0
0
0
0
0
0
0
0.733333
0.133333
0
0
0
0
0.670588
0.301961
0
0
0
0
0
0
0
0
0
0
0
0
0.698039
0.172549
0
0
0
0
0.4
0.466667
0
0
0
0
0
0
0
0
0
0
0
0
0.596078
0.305882
0
0
0
0
0.372549
0.431373
0
0
0
0
0
0
0
0
0
0
0
0
0.305882
0.721569
0.00392157
0
0
0
0.698039
0.223529
0
0
0
0
0
0
0
0
0
0
0
0
0
0.670588
0.592157
0.054902
0.0745098
0.603922
0.6
0
0
0
0
0
0
0
0
0
0
0
0
0
0
0.0313726
0.588235
0.839216
0.878431
0.360784
0
0
0
0
0
0
0
0
0
0
0
0
0
0
0
0
0
0
0
0
0
0
0
0
0
0
0
0
0
0
0
0
0
0
0
0
0
0
0
0
0
0
0
0
0
0
0
0
0
0
0
0
0
0
0
0
0
0
0
0
0
0
0
0
0
0
0
0
0
0
0
0
0
0
0
0
0
0
0
0
0
0
0
0
0
0
0
