0
0
0
0
0
0
0
0
0
0
0
0
0
0
0
0
0
0
0
0
0
0
0
0
0
0
0
0
0
0
0
0
0
0
0
0
0
0
0
0
0
0
0
0
0
0
0
0
0
0
0
0
0
0
0
0
0
0
0
0
0
0
0
0
0
0
0
0
0
0
0.239216
0.490196
0.027451
0
0
0
0
0
0
0
0
0
0
0
0
0
0
0
0
0.247059
0.803922
0.545098
0.709804
0.0627451
0
0
0
0
0
0
0
0
0
0
0
0
0
0
0
0.666667
0.223529
0
0.333333
0.666667
0
0
0
0
0
0
0
0
0
0
0
0
0
0
0
0.792157
0.0117647
0
0
0.537255
0.0745098
0
0
0
0
0
0
0
0
0
0
0
0
0
0.00392157
0.709804
0
0
0
0.00392157
0.662745
0
0
0
0
0
0
0
0
0
0
0
0
0
0.00392157
0.419608
0
0
0
0.0117647
0.745098
0
0
0
0
0
0
0
0
0
0
0
0
0
0
0.419608
0.168627
0
0
0.333333
0.533333
0
0
0
0
0
0
0
0
0
0
0
0
0
0
0.0627451
0.243137
0.00784314
0.211765
0.862745
0.129412
0
0
0
0
0
0
0
0
0
0
0
0
0
0
0
0.403922
0.356863
0.380392
0.196078
0
0
0
0
0
0
0
0
0
0
0
0
0
0
0
0.0470588
0.694118
0.890196
0.521569
0
0
0
0
0
0
0
0
0
0
0
0
0
0
0
0
0.662745
0.505882
0
0.694118
0.345098
0
0
0
0
0
0
0
0
0
0
0
0
0
0
0.235294
0.756863
0.00784314
0
0.101961
0.827451
0
0
0
0
0
0
0
0
0
0
0
0
0
0
0.478431
0.411765
0
0
0.227451
0.776471
0
0
0
0
0
0
0
0
0
0
0
0
0
0
0.364706
0.886275
0.745098
0.807843
0.823529
0.133333
0
0
0
0
0
0
0
0
0
0
0
0
0
0
0.00392157
0.0705882
0.0470588
0.0588235
0.00392157
0
0
0
0
0
0
0
0
0
0
0
0
0
0
0
0
0
0
0
0
0
0
0
0
0
0
0
0
0
0
0
0
0
0
0
0
0
0
0
0
0
0
0
0
0
0
0
