0
0
0
0
0
0
0
0
0
0
0
0
0
0
0
0
0
0
0
0
0
0
0
0
0
0
0
0
0
0
0
0
0
0
0
0
0
0
0
0
0
0
0
0
0
0
0
0
0
0
0
0
0
0
0
0
0
0
0
0
0
0
0
0
0
0
0
0
0
0
0
0
0
0
0
0
0
0
0
0
0
0
0
0
0
0
0
0
0
0
0
0
0
0
0
0
0
0
0
0
0
0
0
0
0
0
0
0
0
0.0588235
0.592157
0.603922
0.054902
0
0
0
0
0
0
0
0
0
0
0
0
0
0
0
0.00784314
0.72549
0.478431
0.486275
0.733333
0.027451
0
0
0
0
0
0
0
0
0
0
0
0
0
0
0.419608
0.607843
0
0
0.8
0.172549
0
0
0
0
0
0
0
0
0
0
0
0
0
0
0.768627
0.141176
0
0.290196
0.752941
0
0
0
0
0
0
0
0
0
0
0
0
0
0
0
0.796078
0.0980392
0.219608
0.819608
0.101961
0
0
0
0
0
0
0
0
0
0
0
0
0
0
0
0.266667
0.301961
0.701961
0.054902
0
0
0
0
0
0
0
0
0
0
0
0
0
0
0
0
0
0.811765
0.658824
0
0
0
0
0
0
0
0
0
0
0
0
0
0
0
0
0
0.176471
0.827451
0.768627
0.258824
0
0
0
0
0
0
0
0
0
0
0
0
0
0
0
0
0.827451
0.211765
0.0392157
0.894118
0.101961
0
0
0
0
0
0
0
0
0
0
0
0
0
0
0
0.901961
0
0
0.733333
0.211765
0
0
0
0
0
0
0
0
0
0
0
0
0
0
0
0.823529
0.694118
0.580392
0.866667
0.0392157
0
0
0
0
0
0
0
0
0
0
0
0
0
0
0
0.0117647
0.266667
0.32549
0.0784314
0
0
0
0
0
0
0
0
0
0
0
0
0
0
0
0
0
0
0
0
0
0
0
0
0
0
0
0
0
0
0
0
0
0
0
0
0
0
0
0
0
0
0
0
0
0
0
0
0
0
0
0
0
0
0
0
0
0
0
0
0
0
0
0
0
0
0
0
