0
0
0
0
0
0
0
0
0
0
0
0
0
0
0
0
0
0
0
0
0
0
0
0
0
0
0
0
0
0
0
0
0
0
0
0
0
0
0
0
0
0
0
0
0
0
0
0
0
0
0
0
0
0
0
0
0
0
0
0
0
0
0
0
0
0
0
0
0
0
0
0
0
0
0
0
0
0
0
0
0
0
0
0
0
0
0
0
0.00392157
0.2
0.207843
0.0392157
0
0
0
0
0
0
0
0
0
0
0
0
0
0
0
0.0235294
0.729412
0.752941
0.729412
0.878431
0.647059
0.243137
0
0
0
0
0
0
0
0
0
0
0
0
0
0.32549
0.556863
0
0
0.0313726
0.270588
0.768627
0.6
0.0196078
0
0
0
0
0
0
0
0
0
0
0
0.603922
0.270588
0
0
0
0
0.00392157
0.603922
0.490196
0
0
0
0
0
0
0
0
0
0
0
0.419608
0.168627
0
0
0
0
0
0.294118
0.611765
0
0
0
0
0
0
0
0
0
0
0
0.00392157
0.623529
0
0
0
0
0.0588235
0.623529
0.486275
0
0
0
0
0
0
0
0
0
0
0
0
0.109804
0.552941
0
0
0.0862745
0.854902
0.929412
0.137255
0
0
0
0
0
0
0
0
0
0
0
0
0
0.109804
0.603922
0.270588
0.827451
0.368627
0.00392157
0
0
0
0
0
0
0
0
0
0
0
0
0
0
0.0784314
0.756863
0.952941
0.270588
0
0
0
0
0
0
0
0
0
0
0
0
0
0
0
0.211765
0.866667
0.152941
0.356863
0.513726
0
0
0
0
0
0
0
0
0
0
0
0
0
0
0.0901961
0.847059
0.180392
0
0
0.603922
0.341176
0
0
0
0
0
0
0
0
0
0
0
0
0
0.392157
0.537255
0
0
0
0.0862745
0.835294
0.0431373
0
0
0
0
0
0
0
0
0
0
0
0
0.227451
0.839216
0.372549
0
0
0
0.796078
0.156863
0
0
0
0
0
0
0
0
0
0
0
0
0
0.0235294
0.254902
0.827451
0.713726
0.819608
0.690196
0.0117647
0
0
0
0
0
0
0
0
0
0
0
0
0
0
0
0.0705882
0.113725
0.109804
0
0
0
0
0
0
0
0
0
0
0
0
0
0
0
0
0
0
0
0
0
0
0
0
0
0
0
