0
0
0
0
0
0
0
0
0
0
0
0
0
0
0
0
0
0
0
0
0
0
0
0
0
0
0
0
0
0
0
0
0
0
0
0
0
0
0
0
0
0
0
0
0
0
0
0
0
0
0
0
0
0
0
0
0
0
0
0
0
0
0
0
0
0
0
0
0
0
0
0
0
0
0
0
0
0
0
0
0
0
0
0
0
0
0
0
0
0
0.027451
0.2
0.0117647
0
0
0
0
0
0
0
0
0
0
0
0
0
0
0
0
0
0.647059
0.807843
0.764706
0.0705882
0
0
0
0
0
0
0
0
0
0
0
0
0
0
0
0.407843
0.690196
0
0.372549
0.670588
0.027451
0
0
0
0
0
0
0
0
0
0
0
0
0
0.0745098
0.792157
0.0392157
0
0
0.435294
0.694118
0
0
0
0
0
0
0
0
0
0
0
0
0
0.396078
0.235294
0
0
0
0.0745098
0.921569
0.00784314
0
0
0
0
0
0
0
0
0
0
0
0
0.407843
0.164706
0
0.0235294
0.219608
0.501961
0.360784
0
0
0
0
0
0
0
0
0
0
0
0
0
0.376471
0.376471
0.623529
0.0901961
0.368627
0
0
0
0
0
0
0
0
0
0
0
0
0
0
0
0
0.192157
0.435294
0
0
0
0
0
0
0
0
0
0
0
0
0
0
0
0
0
0
0.494118
0.505882
0.156863
0
0
0
0
0
0
0
0
0
0
0
0
0
0
0
0
0.2
0.611765
0.188235
0.266667
0.12549
0
0
0
0
0
0
0
0
0
0
0
0
0
0
0.129412
0.827451
0.133333
0
0
0.772549
0.286275
0
0
0
0
0
0
0
0
0
0
0
0
0
0.364706
0.745098
0.0392157
0
0
0.490196
0.486275
0
0
0
0
0
0
0
0
0
0
0
0
0
0.00392157
0.501961
0.858824
0.611765
0.643137
0.866667
0.109804
0
0
0
0
0
0
0
0
0
0
0
0
0
0
0
0.113725
0.262745
0.243137
0.0745098
0
0
0
0
0
0
0
0
0
0
0
0
0
0
0
0
0
0
0
0
0
0
0
0
0
0
0
0
0
0
0
0
0
0
0
0
0
0
0
0
0
0
0
0
0
0
0
