0
0
0
0
0
0
0
0
0
0
0
0
0
0
0
0
0
0
0
0
0
0
0
0
0
0
0
0
0
0
0
0
0
0
0
0
0
0
0
0
0
0
0
0
0
0
0
0
0
0
0
0
0
0
0
0
0
0
0
0
0
0
0
0
0
0
0
0
0
0
0
0
0
0
0
0
0
0
0
0
0
0
0
0
0
0
0
0
0
0
0
0
0
0
0
0
0
0
0
0
0
0
0
0
0
0
0
0
0.105882
0.407843
0.32549
0.0666667
0
0
0
0
0
0
0
0
0
0
0
0
0
0
0
0.027451
0.788235
0.537255
0.580392
0.662745
0.345098
0.0705882
0
0
0
0
0
0
0
0
0
0
0
0
0
0.431373
0.545098
0
0
0.054902
0.313726
0.831373
0.00784314
0
0
0
0
0
0
0
0
0
0
0
0
0.611765
0.219608
0
0
0
0
0.819608
0.0862745
0
0
0
0
0
0
0
0
0
0
0
0
0.576471
0.137255
0
0
0
0.341176
0.745098
0.00392157
0
0
0
0
0
0
0
0
0
0
0
0
0.27451
0.67451
0.027451
0
0.278431
0.835294
0.0862745
0
0
0
0
0
0
0
0
0
0
0
0
0
0
0.407843
0.807843
0.396078
0.792157
0.109804
0
0
0
0
0
0
0
0
0
0
0
0
0
0
0
0
0.627451
0.878431
0.133333
0
0
0
0
0
0
0
0
0
0
0
0
0
0
0
0
0.207843
0.862745
0.509804
0.592157
0
0
0
0
0
0
0
0
0
0
0
0
0
0
0
0
0.678431
0.305882
0.0117647
0.764706
0.298039
0
0
0
0
0
0
0
0
0
0
0
0
0
0
0
0.713726
0.290196
0
0.4
0.560784
0
0
0
0
0
0
0
0
0
0
0
0
0
0
0
0.176471
0.87451
0.698039
0.898039
0.258824
0
0
0
0
0
0
0
0
0
0
0
0
0
0
0
0
0.0666667
0.223529
0.121569
0
0
0
0
0
0
0
0
0
0
0
0
0
0
0
0
0
0
0
0
0
0
0
0
0
0
0
0
0
0
0
0
0
0
0
0
0
0
0
0
0
0
0
0
0
0
0
0
