0
0
0
0
0
0
0
0
0
0
0
0
0
0
0
0
0
0
0
0
0
0
0
0
0
0
0
0
0
0
0
0
0
0
0
0
0
0
0
0
0
0
0
0
0
0
0
0
0
0
0
0
0
0
0
0
0
0
0
0
0
0
0
0
0
0
0
0
0
0
0
0
0
0
0
0
0
0
0
0
0
0
0
0
0
0
0
0
0
0
0
0
0
0
0
0
0
0
0
0
0
0
0
0
0
0
0
0
0
0
0.027451
0.0627451
0
0
0
0
0
0
0
0
0
0
0
0
0
0
0
0
0
0.145098
0.858824
0.909804
0.368627
0
0
0
0
0
0
0
0
0
0
0
0
0
0
0
0.0392157
0.776471
0.290196
0.0862745
0.862745
0.0470588
0
0
0
0
0
0
0
0
0
0
0
0
0
0
0.223529
0.756863
0
0
0.643137
0.262745
0
0
0
0
0
0
0
0
0
0
0
0
0
0
0.054902
0.796078
0.164706
0.00392157
0.752941
0.168627
0
0
0
0
0
0
0
0
0
0
0
0
0
0
0
0.164706
0.831373
0.466667
0.611765
0
0
0
0
0
0
0
0
0
0
0
0
0
0
0
0
0
0.419608
0.976471
0.298039
0
0
0
0
0
0
0
0
0
0
0
0
0
0
0
0
0.0352941
0.839216
0.466667
0.745098
0
0
0
0
0
0
0
0
0
0
0
0
0
0
0
0
0.0784314
0.811765
0.0313726
0.8
0
0
0
0
0
0
0
0
0
0
0
0
0
0
0
0
0.0627451
0.87451
0
0.901961
0
0
0
0
0
0
0
0
0
0
0
0
0
0
0
0
0
0.898039
0.764706
0.854902
0
0
0
0
0
0
0
0
0
0
0
0
0
0
0
0
0
0.219608
0.145098
0
0
0
0
0
0
0
0
0
0
0
0
0
0
0
0
0
0
0
0
0
0
0
0
0
0
0
0
0
0
0
0
0
0
0
0
0
0
0
0
0
0
0
0
0
0
0
0
0
0
0
0
0
0
0
0
0
0
0
0
0
0
0
0
0
0
0
0
