0
0
0
0
0
0
0
0
0
0
0
0
0
0
0
0
0
0
0
0
0
0
0
0
0
0
0
0
0
0
0
0
0
0
0
0
0
0
0
0
0
0
0
0
0
0
0
0
0
0
0
0
0
0
0
0
0
0
0
0
0
0
0
0
0
0
0
0
0
0
0
0
0
0
0
0
0
0
0
0
0
0
0
0
0
0
0
0
0
0
0.113725
0.290196
0.0980392
0
0
0
0
0
0
0
0
0
0
0
0
0
0
0
0
0
0.780392
0.670588
0.807843
0.776471
0.380392
0
0
0
0
0
0
0
0
0
0
0
0
0
0
0.2
0.831373
0
0
0.145098
0.745098
0.403922
0
0
0
0
0
0
0
0
0
0
0
0
0
0.521569
0.419608
0
0
0.0392157
0.803922
0.301961
0
0
0
0
0
0
0
0
0
0
0
0
0
0.603922
0.270588
0
0.027451
0.729412
0.454902
0
0
0
0
0
0
0
0
0
0
0
0
0
0
0.470588
0.478431
0.00392157
0.647059
0.498039
0
0
0
0
0
0
0
0
0
0
0
0
0
0
0
0.0627451
0.847059
0.709804
0.639216
0
0
0
0
0
0
0
0
0
0
0
0
0
0
0
0.00784314
0.32549
0.666667
0.909804
0.627451
0.0745098
0
0
0
0
0
0
0
0
0
0
0
0
0
0.0352941
0.72549
0.705882
0.121569
0.141176
0.898039
0.666667
0
0
0
0
0
0
0
0
0
0
0
0
0
0.333333
0.627451
0
0
0
0.290196
0.988235
0.0117647
0
0
0
0
0
0
0
0
0
0
0
0
0.337255
0.580392
0
0
0
0.105882
0.937255
0.0117647
0
0
0
0
0
0
0
0
0
0
0
0
0.0784314
0.729412
0.803922
0.737255
0.792157
0.890196
0.388235
0
0
0
0
0
0
0
0
0
0
0
0
0
0
0
0.0980392
0.137255
0.121569
0.00784314
0
0
0
0
0
0
0
0
0
0
0
0
0
0
0
0
0
0
0
0
0
0
0
0
0
0
0
0
0
0
0
0
0
0
0
0
0
0
0
0
0
0
0
0
0
0
0
0
0
0
0
0
0
0
0
0
0
0
0
0
0
0
0
0
0
0
0
