0
0
0
0
0
0
0
0
0
0
0
0
0
0
0
0
0
0
0
0
0
0
0
0
0
0
0
0
0
0
0
0
0
0
0
0
0
0
0
0
0
0
0
0
0
0
0
0
0
0
0
0
0
0
0
0
0
0
0
0
0
0
0
0
0
0
0
0
0
0
0
0
0
0
0
0
0
0
0
0
0
0
0
0
0
0
0
0
0
0
0
0
0
0
0
0
0
0
0
0
0
0
0
0
0
0
0
0
0
0.109804
0.635294
0.886275
0.788235
0.286275
0
0
0
0
0
0
0
0
0
0
0
0
0
0
0
0.807843
0.333333
0.0117647
0.160784
0.803922
0.243137
0
0
0
0
0
0
0
0
0
0
0
0
0
0.00784314
0.898039
0.00784314
0
0
0.639216
0.301961
0
0
0
0
0
0
0
0
0
0
0
0
0
0
0.52549
0.611765
0.0235294
0.247059
0.819608
0.0313726
0
0
0
0
0
0
0
0
0
0
0
0
0
0
0.00392157
0.52549
0.592157
0.866667
0.141176
0
0
0
0
0
0
0
0
0
0
0
0
0
0
0
0.00392157
0.462745
0.921569
0.564706
0
0
0
0
0
0
0
0
0
0
0
0
0
0
0
0.0313726
0.690196
0.619608
0.0588235
0.721569
0.423529
0
0
0
0
0
0
0
0
0
0
0
0
0
0.0117647
0.729412
0.709804
0.054902
0
0.054902
0.843137
0.0588235
0
0
0
0
0
0
0
0
0
0
0
0
0.368627
0.741176
0.843137
0.0705882
0
0
0.521569
0.47451
0
0
0
0
0
0
0
0
0
0
0
0
0.694118
0.862745
0.498039
0
0
0.105882
0.803922
0.4
0
0
0
0
0
0
0
0
0
0
0
0
0.160784
0.458824
0.933333
0.878431
0.87451
0.878431
0.403922
0
0
0
0
0
0
0
0
0
0
0
0
0
0
0
0.0196078
0.0117647
0.00784314
0.00392157
0
0
0
0
0
0
0
0
0
0
0
0
0
0
0
0
0
0
0
0
0
0
0
0
0
0
0
0
0
0
0
0
0
0
0
0
0
0
0
0
0
0
0
0
0
0
0
0
0
0
0
0
0
0
0
0
0
0
0
0
0
0
0
0
0
0
0
