0
0
0
0
0
0
0
0
0
0
0
0
0
0
0
0
0
0
0
0
0
0
0
0
0
0
0
0
0
0
0
0
0
0
0
0
0
0
0
0
0
0
0
0
0
0
0
0
0
0
0
0
0
0
0
0
0
0
0
0
0
0
0
0
0
0
0
0
0
0
0
0
0
0
0
0
0
0
0
0
0
0
0
0
0
0
0
0
0.027451
0.133333
0.0352941
0
0
0
0
0
0
0
0
0
0
0
0
0
0
0
0
0
0.788235
0.752941
0.505882
0.556863
0.258824
0.00392157
0
0
0
0
0
0
0
0
0
0
0
0
0
0.141176
0.792157
0
0
0.176471
0.686275
0.709804
0.0235294
0
0
0
0
0
0
0
0
0
0
0
0
0.00784314
0.847059
0.101961
0
0
0
0.647059
0.360784
0
0
0
0
0
0
0
0
0
0
0
0
0
0.294118
0.6
0
0
0
0.627451
0.345098
0
0
0
0
0
0
0
0
0
0
0
0
0
0.00392157
0.788235
0.32549
0
0.235294
0.823529
0.0352941
0
0
0
0
0
0
0
0
0
0
0
0
0
0
0.152941
0.847059
0.227451
0.886275
0.156863
0
0
0
0
0
0
0
0
0
0
0
0
0
0
0
0
0.568627
1
0.439216
0
0
0
0
0
0
0
0
0
0
0
0
0
0
0
0
0.266667
0.878431
0.721569
0.529412
0.00392157
0
0
0
0
0
0
0
0
0
0
0
0
0
0
0.356863
0.807843
0.133333
0.00784314
0.607843
0.431373
0
0
0
0
0
0
0
0
0
0
0
0
0
0.0235294
0.870588
0.0980392
0
0
0.137255
0.792157
0
0
0
0
0
0
0
0
0
0
0
0
0
0.0705882
0.803922
0
0
0
0.431373
0.67451
0
0
0
0
0
0
0
0
0
0
0
0
0
0.0392157
0.890196
0.345098
0.337255
0.631373
0.819608
0.0666667
0
0
0
0
0
0
0
0
0
0
0
0
0
0
0.32549
0.541176
0.52549
0.380392
0.0627451
0
0
0
0
0
0
0
0
0
0
0
0
0
0
0
0
0
0
0
0
0
0
0
0
0
0
0
0
0
0
0
0
0
0
0
0
0
0
0
0
0
0
0
0
0
0
0
