0
0
0
0
0
0
0
0
0
0
0
0
0
0
0
0
0
0
0
0
0
0
0
0
0
0
0
0
0
0
0
0
0
0
0
0
0
0
0
0
0
0
0
0
0
0
0
0
0
0
0
0
0
0
0
0
0
0
0
0
0
0
0
0
0
0
0
0
0
0
0
0
0
0
0
0
0
0
0
0
0
0
0
0
0
0
0
0
0
0.145098
0.403922
0.278431
0.0235294
0
0
0
0
0
0
0
0
0
0
0
0
0
0
0
0.0235294
0.796078
0.501961
0.635294
0.764706
0.0431373
0
0
0
0
0
0
0
0
0
0
0
0
0
0
0.203922
0.654902
0
0
0.541176
0.529412
0
0
0
0
0
0
0
0
0
0
0
0
0
0
0.145098
0.639216
0
0.0470588
0.670588
0.521569
0
0
0
0
0
0
0
0
0
0
0
0
0
0
0
0.603922
0.278431
0.698039
0.537255
0.0117647
0
0
0
0
0
0
0
0
0
0
0
0
0
0
0
0.0705882
0.839216
0.803922
0.00392157
0
0
0
0
0
0
0
0
0
0
0
0
0
0
0
0
0.388235
0.752941
0.760784
0.278431
0
0
0
0
0
0
0
0
0
0
0
0
0
0
0
0.164706
0.827451
0.0862745
0.121569
0.843137
0.176471
0
0
0
0
0
0
0
0
0
0
0
0
0
0
0.607843
0.301961
0
0
0.266667
0.745098
0
0
0
0
0
0
0
0
0
0
0
0
0
0.121569
0.847059
0.0196078
0
0
0.027451
0.886275
0
0
0
0
0
0
0
0
0
0
0
0
0
0.290196
0.745098
0.0901961
0
0.0117647
0.588235
0.603922
0
0
0
0
0
0
0
0
0
0
0
0
0
0.027451
0.501961
0.878431
0.835294
0.901961
0.513726
0.00392157
0
0
0
0
0
0
0
0
0
0
0
0
0
0
0
0.0117647
0.0666667
0.00392157
0
0
0
0
0
0
0
0
0
0
0
0
0
0
0
0
0
0
0
0
0
0
0
0
0
0
0
0
0
0
0
0
0
0
0
0
0
0
0
0
0
0
0
0
0
0
0
0
0
0
0
0
0
0
0
0
0
0
0
0
0
0
0
0
0
0
0
0
