0
0
0
0
0
0
0
0
0
0
0
0
0
0
0
0
0
0
0
0
0
0
0
0
0
0
0
0
0
0
0
0
0
0
0
0
0
0
0
0
0
0
0
0
0
0
0
0
0
0
0
0
0
0
0
0
0
0
0
0
0
0
0
0
0
0
0
0
0
0
0
0
0
0
0
0
0
0
0
0
0
0
0
0
0
0
0
0
0
0
0
0
0
0
0
0
0
0
0
0
0
0
0
0
0
0
0
0
0.164706
0.447059
0.431373
0.152941
0
0
0
0
0
0
0
0
0
0
0
0
0
0
0
0
0.235294
0.423529
0.407843
0.819608
0
0
0
0
0
0
0
0
0
0
0
0
0
0
0
0
0
0
0
0.756863
0.207843
0
0
0
0
0
0
0
0
0
0
0
0
0
0
0
0
0
0
0.698039
0.258824
0
0
0
0
0
0
0
0
0
0
0
0
0
0
0
0
0
0.52549
0.87451
0.0352941
0
0
0
0
0
0
0
0
0
0
0
0
0
0
0
0
0
0.196078
0.666667
0.666667
0
0
0
0
0
0
0
0
0
0
0
0
0
0
0
0
0
0
0
0.701961
0.203922
0
0
0
0
0
0
0
0
0
0
0
0
0
0
0
0
0
0
0.666667
0.32549
0
0
0
0
0
0
0
0
0
0
0
0
0
0
0
0.00392157
0.223529
0.564706
0.666667
0.027451
0
0
0
0
0
0
0
0
0
0
0
0
0
0.654902
0.752941
0.858824
0.705882
0.333333
0
0
0
0
0
0
0
0
0
0
0
0
0
0
0
0.152941
0.0196078
0
0
0
0
0
0
0
0
0
0
0
0
0
0
0
0
0
0
0
0
0
0
0
0
0
0
0
0
0
0
0
0
0
0
0
0
0
0
0
0
0
0
0
0
0
0
0
0
0
0
0
0
0
0
0
0
0
0
0
0
0
0
0
0
0
0
0
0
0
0
0
0
0
0
0
0
0
0
0
0
0
0
0
0
0
0
0
0
0
0
0
