0
0
0
0
0
0
0
0
0
0
0
0
0
0
0
0
0
0
0
0
0
0
0
0
0
0
0
0
0
0
0
0
0
0
0
0
0
0
0
0
0
0
0
0
0
0
0
0
0
0
0
0
0
0
0
0
0
0
0
0
0
0
0
0
0
0
0
0
0
0
0
0
0
0
0
0
0
0
0
0
0
0
0
0
0
0
0
0
0
0
0
0
0
0
0
0
0
0
0
0
0
0
0
0
0
0
0
0
0
0
0.00392157
0.0235294
0
0
0
0
0
0
0
0
0
0
0
0
0
0.0117647
0.466667
0.796078
0.254902
0.552941
0.533333
0.945098
0.309804
0
0
0
0
0
0
0
0
0
0
0
0
0.0627451
0.505882
0.105882
0.00392157
0.0352941
0
0.32549
0.270588
0
0
0
0
0
0
0
0
0
0
0
0
0
0
0
0
0
0
0.270588
0.333333
0
0
0
0
0
0
0
0
0
0
0
0
0
0
0
0
0
0
0.4
0.458824
0
0
0
0
0
0
0
0
0
0
0
0
0
0
0
0
0
0
0.494118
0.419608
0
0
0
0
0
0
0
0
0
0
0
0
0
0
0
0
0
0.0784314
0.890196
0.172549
0
0
0
0
0
0
0
0
0
0
0
0
0
0
0
0
0
0.0666667
0.772549
0.588235
0.027451
0
0
0
0
0
0
0
0
0
0
0
0
0
0
0
0
0
0.00392157
0.443137
0.760784
0.376471
0
0
0
0
0
0
0
0
0
0
0
0
0
0
0
0
0
0
0.690196
0.372549
0
0
0
0
0
0
0
0
0
0
0
0
0
0
0
0.12549
0.403922
0.803922
0.521569
0.00392157
0
0
0
0
0
0
0
0
0
0
0
0
0
0
0.180392
0.854902
0.529412
0.141176
0
0
0
0
0
0
0
0
0
0
0
0
0
0
0
0
0
0
0
0
0
0
0
0
0
0
0
0
0
0
0
0
0
0
0
0
0
0
0
0
0
0
0
0
0
0
0
0
0
0
0
0
0
0
0
0
0
0
0
0
0
0
0
0
0
0
0
