0
0
0
0
0
0
0
0
0
0
0
0
0
0
0
0
0
0
0
0
0
0
0
0
0
0
0
0
0
0
0
0
0
0
0
0
0
0
0
0
0
0
0
0
0
0
0
0
0
0
0
0
0
0
0
0
0
0
0
0
0
0
0
0
0
0
0
0
0
0
0
0
0
0
0
0
0
0
0
0
0
0
0
0
0
0
0
0
0
0
0
0
0
0
0
0
0
0
0
0
0
0
0
0
0
0
0
0
0.258824
0.286275
0.364706
0.270588
0.0431373
0
0
0
0
0
0
0
0
0
0
0
0
0
0
0.0745098
0.705882
0.466667
0.431373
0.580392
0.901961
0.129412
0
0
0
0
0
0
0
0
0
0
0
0
0
0
0
0
0
0
0.654902
0.262745
0
0
0
0
0
0
0
0
0
0
0
0
0
0
0
0
0
0.2
0.698039
0.0117647
0
0
0
0
0
0
0
0
0
0
0
0
0
0
0
0
0.419608
0.843137
0.0745098
0
0
0
0
0
0
0
0
0
0
0
0
0
0
0
0
0.278431
0.968627
0.137255
0
0
0
0
0
0
0
0
0
0
0
0
0
0
0
0
0
0.0117647
0.4
0.835294
0.2
0
0
0
0
0
0
0
0
0
0
0
0
0
0
0
0
0
0
0.0352941
0.694118
0.266667
0
0
0
0
0
0
0
0
0
0
0
0
0
0
0
0
0
0
0.0862745
0.807843
0.109804
0
0
0
0
0
0
0
0
0
0
0
0
0
0
0
0
0
0
0.313726
0.623529
0
0
0
0
0
0
0
0
0
0
0
0
0
0.133333
0.447059
0.501961
0.537255
0.533333
0.745098
0.537255
0
0
0
0
0
0
0
0
0
0
0
0
0
0.164706
0.490196
0.4
0.337255
0.333333
0.239216
0
0
0
0
0
0
0
0
0
0
0
0
0
0
0
0
0
0
0
0
0
0
0
0
0
0
0
0
0
0
0
0
0
0
0
0
0
0
0
0
0
0
0
0
0
0
0
0
0
0
0
0
0
0
0
0
0
0
0
0
0
0
0
0
0
0
