0
0
0
0
0
0
0
0
0
0
0
0
0
0
0
0
0
0
0
0
0
0
0
0
0
0
0
0
0
0
0
0
0
0
0
0
0
0
0
0
0
0
0
0
0
0
0
0
0
0
0
0
0
0
0
0
0
0
0
0
0
0
0
0
0
0
0
0
0
0
0
0
0
0
0
0
0
0
0
0
0
0
0
0
0
0
0
0
0
0.164706
0.388235
0.109804
0
0
0
0
0
0
0
0
0
0
0
0
0
0
0
0
0
0.235294
0.529412
0.796078
0.686275
0.0235294
0
0
0
0
0
0
0
0
0
0
0
0
0
0
0
0
0
0.00392157
0.729412
0.192157
0
0
0
0
0
0
0
0
0
0
0
0
0
0
0
0
0
0
0.737255
0.160784
0
0
0
0
0
0
0
0
0
0
0
0
0
0
0
0
0
0.0313726
0.878431
0.00784314
0
0
0
0
0
0
0
0
0
0
0
0
0
0
0
0
0
0.478431
0.360784
0
0
0
0
0
0
0
0
0
0
0
0
0
0
0
0
0
0.0705882
0.470588
0
0
0
0
0
0
0
0
0
0
0
0
0
0
0
0
0
0
0.486275
0.376471
0
0
0
0
0
0
0
0
0
0
0
0
0
0
0
0
0
0.0862745
0.788235
0.0627451
0
0
0
0
0
0
0
0
0
0
0
0
0
0
0
0
0
0.568627
0.345098
0
0
0
0
0
0
0
0
0
0
0
0
0
0
0
0
0
0.439216
0.776471
0.176471
0.247059
0.439216
0.611765
0.603922
0
0
0
0
0
0
0
0
0
0
0
0
0.12549
0.941176
0.803922
0.698039
0.580392
0.388235
0.278431
0.247059
0
0
0
0
0
0
0
0
0
0
0
0
0
0
0
0
0
0
0
0
0
0
0
0
0
0
0
0
0
0
0
0
0
0
0
0
0
0
0
0
0
0
0
0
0
0
0
0
0
0
0
0
0
0
0
0
0
0
0
0
0
0
0
0
0
0
0
0
0
0
0
0
0
0
0
0
0
0
0
0
0
0
0
0
0
