0
0
0
0
0
0
0
0
0
0
0
0
0
0
0
0
0
0
0
0
0
0
0
0
0
0
0
0
0
0
0
0
0
0
0
0
0
0
0
0
0
0
0
0
0
0
0
0
0
0
0
0
0
0
0
0
0
0
0
0
0
0
0
0
0
0
0
0
0
0
0
0
0
0
0
0
0
0
0
0
0
0
0
0
0
0
0
0
0
0
0
0
0
0
0
0
0
0
0
0
0
0
0
0
0
0
0
0
0
0
0
0
0
0
0
0
0
0
0
0
0
0
0
0
0
0
0
0
0
0
0.133333
0.192157
0
0
0
0
0
0
0
0
0
0
0
0
0
0
0
0
0
0.145098
0.87451
0.847059
0.364706
0
0
0
0
0
0
0
0
0
0
0
0
0
0
0
0
0.0117647
0.109804
0.247059
0.67451
0
0
0
0
0
0
0
0
0
0
0
0
0
0
0
0
0
0
0.156863
0.752941
0
0
0
0
0
0
0
0
0
0
0
0
0
0
0
0
0
0
0.509804
0.580392
0
0
0
0
0
0
0
0
0
0
0
0
0
0
0
0
0
0.380392
0.756863
0.0235294
0
0
0
0
0
0
0
0
0
0
0
0
0
0
0
0
0.109804
0.913725
0.462745
0.254902
0.0784314
0
0
0
0
0
0
0
0
0
0
0
0
0
0
0
0.254902
0.560784
0.490196
0.686275
0.788235
0.00392157
0
0
0
0
0
0
0
0
0
0
0
0
0
0
0
0
0
0
0
0
0
0
0
0
0
0
0
0
0
0
0
0
0
0
0
0
0
0
0
0
0
0
0
0
0
0
0
0
0
0
0
0
0
0
0
0
0
0
0
0
0
0
0
0
0
0
0
0
0
0
0
0
0
0
0
0
0
0
0
0
0
0
0
0
0
0
0
0
0
0
0
0
0
0
0
0
0
0
0
0
0
0
0
0
0
0
0
0
0
0
0
0
0
0
0
0
0
0
0
0
0
0
0
0
0
