0
0
0
0
0
0
0
0
0
0
0
0
0
0
0
0
0
0
0
0
0
0
0
0
0
0
0
0
0
0
0
0
0
0
0
0
0
0
0
0
0
0
0
0
0
0
0
0
0
0
0
0
0
0
0
0
0
0
0
0
0
0
0
0
0
0
0
0
0
0
0
0
0
0
0
0
0
0
0
0
0
0
0
0
0
0
0
0
0
0
0
0
0
0
0
0
0
0
0
0
0
0
0
0
0
0.0431373
0
0
0
0
0
0.0784314
0.101961
0
0
0
0
0
0
0
0
0
0
0
0.00392157
0.678431
0
0
0
0
0
0.219608
0.262745
0
0
0
0
0
0
0
0
0
0
0
0
0
0
0
0
0
0
0
0
0
0
0
0
0
0
0
0
0
0
0
0
0
0
0
0
0
0
0
0
0
0
0
0
0
0
0
0
0
0
0
0.298039
0
0
0
0
0
0
0
0
0
0
0
0.631373
0.0627451
0
0
0
0
0
0
0.854902
0.0862745
0
0
0
0
0
0
0
0
0
0.156863
0.768627
0.00784314
0
0
0
0
0
0
0.392157
0.701961
0.172549
0
0
0
0
0
0
0
0.0117647
0.509804
0.156863
0
0
0
0
0
0
0
0
0.156863
0.635294
0.490196
0.196078
0
0
0
0
0.0705882
0.713726
0.486275
0
0
0
0
0
0
0
0
0
0
0.00392157
0.309804
0.721569
0.823529
0.541176
0.435294
0.364706
0.447059
0.313726
0
0
0
0
0
0
0
0
0
0
0
0
0
0
0.0627451
0.270588
0.368627
0.113725
0.027451
0
0
0
0
0
0
0
0
0
0
0
0
0
0
0
0
0
0
0
0
0
0
0
0
0
0
0
0
0
0
0
0
0
0
0
0
0
0
0
0
0
0
0
0
0
0
0
0
0
0
0
0
0
0
0
0
0
0
0
0
0
0
0
0
0
0
0
0
0
0
0
0
0
0
0
0
0
0
0
0
0
0
0
0
0
0
0
0
0
0
0
0
0
0
0
0
0
0
0
0
0
0
0
0
0
0
