0
0
0
0
0
0
0
0
0
0
0
0
0
0
0
0
0
0
0
0
0
0
0
0
0
0
0
0
0
0
0
0
0
0
0
0
0
0
0
0
0
0
0
0
0
0
0
0
0
0
0
0
0
0
0
0
0
0
0
0
0
0
0
0
0
0
0
0
0
0
0
0
0
0
0
0
0
0
0
0
0
0
0
0
0
0
0
0
0
0
0
0
0
0
0
0
0
0
0
0
0
0
0
0
0
0
0
0
0.298039
0
0
0
0.00392157
0.360784
0
0
0
0
0
0
0
0
0
0
0
0
0
0
0.545098
0.0196078
0
0
0
0.298039
0
0
0
0
0
0
0
0
0
0
0
0
0
0
0
0
0
0
0
0
0
0
0
0
0
0
0
0
0
0
0
0
0
0
0
0
0.537255
0.160784
0
0
0
0
0
0
0
0
0
0
0
0
0
0
0
0.0117647
0.0627451
0
0.623529
0.180392
0
0
0
0
0
0
0
0
0
0
0
0
0
0
0
0.341176
0.564706
0
0
0
0
0
0.0313726
0.00392157
0
0
0
0
0
0
0
0
0
0
0
0.419608
0.494118
0
0
0
0
0.0901961
0.811765
0.2
0
0
0
0
0
0
0
0
0
0
0
0.180392
0.835294
0.054902
0
0
0.235294
0.839216
0.360784
0
0
0
0
0
0
0
0
0
0
0
0
0
0.403922
0.905882
0.807843
0.835294
0.490196
0.164706
0
0
0
0
0
0
0
0
0
0
0
0
0
0
0
0.00784314
0.00392157
0.00392157
0
0
0
0
0
0
0
0
0
0
0
0
0
0
0
0
0
0
0
0
0
0
0
0
0
0
0
0
0
0
0
0
0
0
0
0
0
0
0
0
0
0
0
0
0
0
0
0
0
0
0
0
0
0
0
0
0
0
0
0
0
0
0
0
0
0
0
0
0
0
0
0
0
0
0
0
0
0
0
0
0
0
0
0
0
0
0
0
0
0
0
0
0
0
0
0
0
0
0
0
0
0
0
0
0
0
0
0
