0
0
0
0
0
0
0
0
0
0
0
0
0
0
0
0
0
0
0
0
0
0
0
0
0
0
0
0
0
0
0
0
0
0
0
0
0
0
0
0
0
0
0
0
0
0
0
0
0
0
0
0
0
0
0
0
0
0
0
0
0
0
0
0
0
0
0
0
0
0
0
0
0
0
0
0
0
0
0
0
0
0
0
0
0
0
0
0.0901961
0
0
0
0
0
0
0
0
0
0
0
0
0
0
0
0
0
0
0
0.564706
0.0745098
0
0
0
0
0
0
0.545098
0
0
0
0
0
0
0
0
0
0
0
0
0
0
0
0
0
0
0
0.180392
0
0
0
0
0
0
0
0
0
0
0
0
0
0
0
0
0
0
0
0
0
0
0
0
0
0
0
0.00392157
0.0313726
0
0
0
0
0
0
0
0
0
0
0
0
0
0
0
0
0
0
0.203922
0.796078
0.0313726
0
0
0
0
0
0
0
0
0
0
0.0627451
0.407843
0
0
0
0
0
0
0.490196
0.713726
0.0313726
0
0
0
0
0
0
0
0
0.0117647
0.662745
0.466667
0
0
0
0
0
0
0
0.423529
0.560784
0.0705882
0
0
0
0
0
0
0
0.454902
0.490196
0
0
0
0
0
0
0
0
0
0.305882
0.764706
0.0470588
0
0
0
0
0
0.392157
0.701961
0.0235294
0
0
0
0
0
0
0
0
0
0
0.411765
0.811765
0.219608
0.12549
0.0745098
0.152941
0.52549
0.776471
0.0862745
0
0
0
0
0
0
0
0
0
0
0
0
0.266667
0.690196
0.72549
0.611765
0.670588
0.435294
0.0235294
0
0
0
0
0
0
0
0
0
0
0
0
0
0
0
0
0
0
0
0
0
0
0
0
0
0
0
0
0
0
0
0
0
0
0
0
0
0
0
0
0
0
0
0
0
0
0
0
0
0
0
0
0
0
0
0
0
0
0
0
0
0
0
0
0
0
0
0
0
0
0
0
0
0
0
0
0
0
0
0
0
0
0
0
0
0
0
0
0
0
0
0
0
0
0
0
0
0
0
0
0
0
0
0
0
