0
0
0
0
0
0
0
0
0
0
0
0
0
0
0
0
0
0
0
0
0
0
0
0
0
0
0
0
0
0
0
0
0
0
0
0
0
0
0
0
0
0
0
0
0
0
0
0
0
0
0
0
0
0
0
0
0
0
0
0
0
0
0
0
0
0
0
0
0
0
0
0
0
0
0
0
0
0
0
0
0
0
0
0
0
0
0
0
0
0
0
0
0.00392157
0
0
0
0
0
0
0
0
0
0
0
0
0
0
0
0.427451
0.176471
0
0
0.419608
0.239216
0
0
0
0
0
0
0
0
0
0
0
0
0
0
0.0980392
0.027451
0
0
0
0
0
0
0
0
0
0
0
0
0
0
0
0
0
0
0
0
0
0
0
0
0
0
0
0
0
0
0
0
0
0
0
0
0
0.12549
0
0
0
0
0
0
0.368627
0.137255
0
0
0
0
0
0
0
0
0
0
0.0196078
0.886275
0
0
0
0
0
0
0.752941
0.156863
0
0
0
0
0
0
0
0
0
0
0.0117647
0.886275
0
0
0
0
0
0.0862745
0.745098
0.0431373
0
0
0
0
0
0
0
0
0
0
0
0.823529
0.0666667
0
0
0
0
0.623529
0.411765
0
0
0
0
0
0
0
0
0
0
0
0
0.6
0.498039
0.00392157
0
0
0.388235
0.776471
0.027451
0
0
0
0
0
0
0
0
0
0
0
0
0.0666667
0.733333
0.756863
0.607843
0.678431
0.827451
0.0705882
0
0
0
0
0
0
0
0
0
0
0
0
0
0
0.00784314
0.203922
0.27451
0.27451
0.054902
0
0
0
0
0
0
0
0
0
0
0
0
0
0
0
0
0
0
0
0
0
0
0
0
0
0
0
0
0
0
0
0
0
0
0
0
0
0
0
0
0
0
0
0
0
0
0
0
0
0
0
0
0
0
0
0
0
0
0
0
0
0
0
0
0
0
0
0
0
0
0
0
0
0
0
0
0
0
0
0
0
0
0
0
0
0
0
0
0
0
0
0
0
0
0
0
0
0
0
0
0
0
0
0
0
0
0
