0
0
0
0
0
0
0
0
0
0
0
0
0
0
0
0
0
0
0
0
0
0
0
0
0
0
0
0
0
0
0
0
0
0
0
0
0
0
0
0
0
0
0
0
0
0
0
0
0
0
0
0
0
0
0
0
0
0
0
0
0
0
0
0
0
0
0
0
0
0
0
0
0
0
0
0
0
0
0
0
0
0
0
0
0
0
0
0
0
0
0
0
0
0
0
0
0
0
0
0
0
0
0
0
0
0
0
0
0
0
0
0
0
0
0
0
0
0
0
0
0
0
0
0
0
0
0
0
0
0
0
0
0
0
0
0
0
0
0
0
0
0
0
0
0
0
0
0
0
0
0
0
0.0352941
0
0
0
0
0
0
0
0
0
0
0
0
0
0
0.00392157
0.654902
0
0
0.0745098
0.552941
0
0
0
0
0
0
0
0
0
0
0
0
0
0
0
0.00392157
0
0
0
0
0
0.0901961
0.054902
0
0
0
0
0
0
0
0
0
0
0
0
0
0
0
0
0
0.27451
0.862745
0.247059
0
0
0
0
0
0
0
0
0
0
0.2
0.105882
0
0
0
0.054902
0.537255
0.756863
0.172549
0
0
0
0
0
0
0
0
0
0
0
0.501961
0.768627
0.494118
0.537255
0.552941
0.847059
0.364706
0.00392157
0
0
0
0
0
0
0
0
0
0
0
0
0
0.207843
0.294118
0.337255
0.352941
0.168627
0
0
0
0
0
0
0
0
0
0
0
0
0
0
0
0
0
0
0
0
0
0
0
0
0
0
0
0
0
0
0
0
0
0
0
0
0
0
0
0
0
0
0
0
0
0
0
0
0
0
0
0
0
0
0
0
0
0
0
0
0
0
0
0
0
0
0
0
0
0
0
0
0
0
0
0
0
0
0
0
0
0
0
0
0
0
0
0
0
0
0
0
0
0
0
0
0
0
0
0
0
0
0
0
0
0
0
0
0
0
0
0
0
0
0
0
0
0
0
0
0
0
0
0
0
0
0
0
