0
0
0
0
0
0
0
0
0
0
0
0
0
0
0
0
0
0
0
0
0
0
0
0
0
0
0
0
0
0
0
0
0
0
0
0
0
0
0
0
0
0
0
0
0
0
0
0
0
0
0
0
0
0
0
0
0
0
0
0
0
0
0
0
0
0
0
0
0
0
0
0
0
0
0
0
0
0
0
0
0
0
0
0
0
0
0
0
0.501961
0.0352941
0
0
0
0
0.470588
0.0745098
0
0
0
0
0
0
0
0
0
0
0
0
0.12549
0
0
0
0
0
0.168627
0.0117647
0
0
0
0
0
0
0
0
0
0
0
0
0
0
0
0
0
0
0
0
0
0
0
0
0
0
0
0
0
0
0
0
0
0
0
0
0
0
0
0
0
0
0
0
0
0
0
0
0
0
0
0
0
0
0
0
0
0
0
0
0
0
0
0
0
0
0
0
0
0
0
0
0
0
0
0
0
0
0
0
0
0
0
0
0
0
0
0
0
0.00392157
0.811765
0.0627451
0
0
0
0
0
0
0
0
0
0
0
0
0
0
0
0
0
0
0.470588
0.690196
0
0
0
0
0
0
0.360784
0.537255
0
0
0
0
0
0
0
0
0
0
0.00392157
0.588235
0.419608
0.00392157
0
0
0
0.262745
0.862745
0.105882
0
0
0
0
0
0
0
0
0
0
0
0
0.568627
0.627451
0.278431
0.47451
0.733333
0.792157
0.207843
0
0
0
0
0
0
0
0
0
0
0
0
0
0.0117647
0.533333
0.647059
0.454902
0.160784
0.00392157
0
0
0
0
0
0
0
0
0
0
0
0
0
0
0
0
0
0
0
0
0
0
0
0
0
0
0
0
0
0
0
0
0
0
0
0
0
0
0
0
0
0
0
0
0
0
0
0
0
0
0
0
0
0
0
0
0
0
0
0
0
0
0
0
0
0
0
0
0
0
0
0
0
0
0
0
0
0
0
0
0
0
0
0
0
0
0
0
0
0
0
0
0
0
0
0
0
0
0
0
0
0
0
0
0
0
