0
0
0
0
0
0
0
0
0
0
0
0
0
0
0
0
0
0
0
0
0
0
0
0
0
0
0
0
0
0
0
0
0
0
0
0
0
0
0
0
0
0
0
0
0
0
0
0
0
0
0
0
0
0
0
0
0
0
0
0
0
0
0
0
0
0
0
0
0
0
0
0
0
0
0
0
0
0
0
0
0
0
0
0
0
0
0
0
0
0
0
0
0
0
0
0
0
0
0
0
0
0
0
0
0
0
0
0
0
0
0
0
0
0
0
0
0
0
0
0
0
0
0
0
0
0
0
0.0117647
0.286275
0
0
0
0.423529
0.239216
0
0
0
0
0
0
0
0
0
0
0
0
0
0.0235294
0.341176
0
0
0
0
0
0
0
0
0
0
0
0
0
0
0
0
0
0
0
0
0
0
0
0
0
0
0.0352941
0
0
0
0
0
0
0
0
0
0
0
0
0
0
0
0
0
0
0.243137
0.803922
0
0
0
0
0
0
0
0
0
0
0
0.180392
0.431373
0
0
0
0
0.141176
0.87451
0.176471
0
0
0
0
0
0
0
0
0
0
0
0.247059
0.694118
0
0
0
0.235294
0.866667
0.278431
0
0
0
0
0
0
0
0
0
0
0
0
0.0117647
0.772549
0.690196
0.552941
0.678431
0.737255
0.137255
0
0
0
0
0
0
0
0
0
0
0
0
0
0
0.0313726
0.270588
0.352941
0.235294
0.00784314
0
0
0
0
0
0
0
0
0
0
0
0
0
0
0
0
0
0
0
0
0
0
0
0
0
0
0
0
0
0
0
0
0
0
0
0
0
0
0
0
0
0
0
0
0
0
0
0
0
0
0
0
0
0
0
0
0
0
0
0
0
0
0
0
0
0
0
0
0
0
0
0
0
0
0
0
0
0
0
0
0
0
0
0
0
0
0
0
0
0
0
0
0
0
0
0
0
0
0
0
0
0
0
0
0
0
0
0
0
0
0
0
0
0
0
0
0
0
0
0
0
0
0
0
0
0
0
