0
0
0
0
0
0
0
0
0
0
0
0
0
0
0
0
0
0
0
0
0
0
0
0
0
0
0
0
0
0
0
0
0
0
0
0
0
0
0
0
0
0
0
0
0
0
0
0
0
0
0
0
0
0
0
0
0
0
0
0
0
0
0
0
0
0
0
0
0
0
0
0
0
0
0
0
0
0
0
0
0
0
0
0
0
0
0
0
0
0
0
0
0
0
0
0
0
0
0
0
0
0
0
0
0
0
0
0
0
0
0
0
0
0
0
0
0
0
0
0
0
0
0
0
0
0
0
0
0
0
0
0
0
0
0
0
0
0
0
0
0
0
0
0
0
0
0
0
0
0
0
0.247059
0.054902
0
0
0
0
0
0
0
0
0
0
0
0
0
0
0
0
0
0.196078
0.964706
0.196078
0
0
0
0
0
0
0
0
0
0
0
0
0
0
0
0
0.0431373
0.843137
0.862745
0.2
0
0
0
0
0
0
0
0
0
0
0
0
0
0
0
0
0.737255
0.513726
0.670588
0.203922
0
0
0
0
0
0
0
0
0
0
0
0
0
0
0
0
0.305882
0.00392157
0.67451
0.207843
0
0
0
0
0
0
0
0
0
0
0
0
0
0
0
0
0
0
0.537255
0.12549
0
0
0
0
0
0
0
0
0
0
0
0
0
0
0
0
0
0
0.670588
0.203922
0
0
0
0
0
0
0
0
0
0
0
0
0
0
0
0
0
0
0.701961
0.235294
0
0
0
0
0
0
0
0
0
0
0
0
0
0
0
0
0
0
0.109804
0.0117647
0
0
0
0
0
0
0
0
0
0
0
0
0
0
0
0
0
0
0
0
0
0
0
0
0
0
0
0
0
0
0
0
0
0
0
0
0
0
0
0
0
0
0
0
0
0
0
0
0
0
0
0
0
0
0
0
0
0
0
0
0
0
0
0
0
0
0
0
0
0
0
0
0
0
0
0
0
0
0
0
0
0
0
0
0
0
0
