0
0
0
0
0
0
0
0
0
0
0
0
0
0
0
0
0
0
0
0
0
0
0
0
0
0
0
0
0
0
0
0
0
0
0
0
0
0
0
0
0
0
0
0
0
0
0
0
0
0
0
0
0
0
0
0
0
0
0
0
0
0
0
0
0
0
0
0
0
0
0
0
0
0
0
0
0
0
0
0
0
0
0
0
0
0
0
0
0
0
0
0
0
0
0
0
0
0
0
0
0
0
0
0
0
0
0
0
0
0
0
0.0901961
0.054902
0
0
0
0
0
0
0
0
0
0
0
0
0
0
0
0
0
0
0.67451
0.423529
0
0
0
0
0
0
0
0
0
0
0
0
0
0
0
0
0
0.133333
0.976471
0.411765
0
0
0
0
0
0
0
0
0
0
0
0
0
0
0
0
0
0.709804
0.854902
0.337255
0
0
0
0
0
0
0
0
0
0
0
0
0
0
0
0
0.333333
0.67451
0.537255
0.337255
0
0
0
0
0
0
0
0
0
0
0
0
0
0
0
0.027451
0.686275
0.160784
0.454902
0.262745
0
0
0
0
0
0
0
0
0
0
0
0
0
0
0
0.639216
0.529412
0
0.423529
0.239216
0
0
0
0
0
0
0
0
0
0
0
0
0
0
0.192157
0.807843
0.0117647
0
0.545098
0.345098
0
0
0
0
0
0
0
0
0
0
0
0
0
0
0.105882
0.203922
0
0
0.454902
0.262745
0
0
0
0
0
0
0
0
0
0
0
0
0
0
0
0
0
0
0.552941
0.352941
0
0
0
0
0
0
0
0
0
0
0
0
0
0
0
0
0
0
0.529412
0.329412
0
0
0
0
0
0
0
0
0
0
0
0
0
0
0
0
0
0
0.00392157
0
0
0
0
0
0
0
0
0
0
0
0
0
0
0
0
0
0
0
0
0
0
0
0
0
0
0
0
0
0
0
0
0
0
0
0
0
0
0
0
0
0
0
0
0
0
0
0
0
0
0
0
0
0
0
0
0
0
0
0
0
0
0
0
0
0
0
0
