0
0
0
0
0
0
0
0
0
0
0
0
0
0
0
0
0
0
0
0
0
0
0
0
0
0
0
0
0
0
0
0
0
0
0
0
0
0
0
0
0
0
0
0
0
0
0
0
0
0
0
0
0
0
0
0
0
0
0
0
0
0
0
0
0
0
0
0
0
0
0
0
0
0
0
0
0
0
0
0
0
0
0
0
0
0
0
0
0
0
0
0
0
0
0
0
0
0
0
0
0
0
0
0
0
0
0
0
0
0
0
0
0
0
0
0
0
0
0
0
0
0
0
0
0
0
0
0
0
0
0
0.121569
0.0627451
0
0
0
0
0
0
0
0
0
0
0
0
0
0
0
0
0.00392157
0.419608
0.92549
0.356863
0
0
0
0
0
0
0
0
0
0
0
0
0
0
0
0.223529
0.639216
0.529412
0.627451
0.341176
0
0
0
0
0
0
0
0
0
0
0
0
0
0
0.376471
0.827451
0.160784
0
0.470588
0.270588
0
0
0
0
0
0
0
0
0
0
0
0
0
0
0.262745
0.101961
0
0
0.498039
0.298039
0
0
0
0
0
0
0
0
0
0
0
0
0
0
0
0
0
0
0.266667
0.156863
0
0
0
0
0
0
0
0
0
0
0
0
0
0
0
0
0
0
0.419608
0.239216
0
0
0
0
0
0
0
0
0
0
0
0
0
0
0
0
0
0
0.411765
0.243137
0
0
0
0
0
0
0
0
0
0
0
0
0
0
0
0
0
0
0.545098
0.345098
0
0
0
0
0
0
0
0
0
0
0
0
0
0
0
0
0
0
0.556863
0.356863
0
0
0
0
0
0
0
0
0
0
0
0
0
0
0
0
0
0
0.564706
0.364706
0
0
0
0
0
0
0
0
0
0
0
0
0
0
0
0
0
0
0.192157
0.105882
0
0
0
0
0
0
0
0
0
0
0
0
0
0
0
0
0
0
0
0
0
0
0
0
0
0
0
0
0
0
0
0
0
0
0
0
0
0
0
0
0
0
0
0
0
0
0
