0
0
0
0
0
0
0
0
0
0
0
0
0
0
0
0
0
0
0
0
0
0
0
0
0
0
0
0
0
0
0
0
0
0
0
0
0
0
0
0
0
0
0
0
0
0
0
0
0
0
0
0
0
0
0
0
0
0
0
0
0
0
0
0
0
0
0
0
0
0
0
0
0
0
0
0
0
0
0
0
0
0
0
0
0
0
0
0
0
0
0
0
0
0
0
0
0
0
0
0
0
0
0
0
0
0
0
0
0
0
0
0
0
0
0
0
0
0
0
0
0
0
0
0
0
0
0
0
0.341176
0.647059
0.470588
0.219608
0.00784314
0
0
0
0
0
0
0
0
0
0
0
0
0
0
0
0.0901961
0.403922
0.831373
0.694118
0.741176
0.0941176
0
0
0
0
0
0
0
0
0
0
0
0
0
0
0
0.2
0.666667
0
0.513726
0.470588
0
0
0
0
0
0
0
0
0
0
0
0
0
0
0
0.2
0.666667
0
0.501961
0.372549
0
0
0
0
0
0
0
0
0
0
0
0
0
0
0
0.203922
0.670588
0
0.556863
0.101961
0
0
0
0
0
0
0
0
0
0
0
0
0
0
0
0.196078
0.635294
0.00392157
0.654902
0
0
0
0
0
0
0
0
0
0
0
0
0
0
0
0
0.141176
0.372549
0.227451
0.560784
0
0
0
0
0
0
0
0
0
0
0
0
0
0
0
0
0.176471
0.447059
0.603922
0.254902
0
0
0
0
0
0
0
0
0
0
0
0
0
0
0
0
0.168627
0.603922
0.768627
0.0117647
0
0
0
0
0
0
0
0
0
0
0
0
0
0
0
0
0.313726
0.878431
0.129412
0
0
0
0
0
0
0
0
0
0
0
0
0
0
0
0
0
0.101961
0.176471
0
0
0
0
0
0
0
0
0
0
0
0
0
0
0
0
0
0
0
0
0
0
0
0
0
0
0
0
0
0
0
0
0
0
0
0
0
0
0
0
0
0
0
0
0
0
0
0
0
0
0
0
0
0
0
0
0
0
0
0
0
0
0
0
0
0
0
0
0
