0
0
0
0
0
0
0
0
0
0
0
0
0
0
0
0
0
0
0
0
0
0
0
0
0
0
0
0
0
0
0
0
0
0
0
0
0
0
0
0
0
0
0
0
0
0
0
0
0
0
0
0
0
0
0
0
0
0
0
0
0
0
0
0
0
0
0
0
0
0
0
0
0
0
0
0
0
0
0
0
0
0
0
0
0
0
0
0
0
0
0
0
0
0
0
0
0
0
0
0
0
0
0
0
0
0
0
0
0
0
0
0
0
0
0
0
0
0
0
0
0
0
0
0
0
0
0
0
0
0.329412
0.176471
0
0
0
0
0
0
0
0
0
0
0
0
0
0
0
0
0
0.0705882
0.988235
0.623529
0.0117647
0
0
0
0
0
0
0
0
0
0
0
0
0
0
0
0
0.0196078
0.929412
0.627451
0.431373
0
0
0
0
0
0
0
0
0
0
0
0
0
0
0
0
0
0.768627
0.219608
0.188235
0.560784
0.223529
0
0
0
0
0
0
0
0
0
0
0
0
0
0
0
0.741176
0.168627
0
0.145098
0.858824
0
0
0
0
0
0
0
0
0
0
0
0
0
0
0
0.741176
0.207843
0.0235294
0.611765
0.509804
0
0
0
0
0
0
0
0
0
0
0
0
0
0
0
0.745098
0.294118
0.639216
0.611765
0.0117647
0
0
0
0
0
0
0
0
0
0
0
0
0
0
0
0.752941
0.890196
0.498039
0.00784314
0
0
0
0
0
0
0
0
0
0
0
0
0
0
0
0
0.741176
0.160784
0
0
0
0
0
0
0
0
0
0
0
0
0
0
0
0
0
0
0.0352941
0
0
0
0
0
0
0
0
0
0
0
0
0
0
0
0
0
0
0
0
0
0
0
0
0
0
0
0
0
0
0
0
0
0
0
0
0
0
0
0
0
0
0
0
0
0
0
0
0
0
0
0
0
0
0
0
0
0
0
0
0
0
0
0
0
0
0
0
0
0
0
0
0
0
0
0
0
0
0
0
0
0
0
0
0
0
0
0
0
0
