0
0
0
0
0
0
0
0
0
0
0
0
0
0
0
0
0
0
0
0
0
0
0
0
0
0
0
0
0
0
0
0
0
0
0
0
0
0
0
0
0
0
0
0
0
0
0
0
0
0
0
0
0
0
0
0
0
0
0
0
0
0
0
0
0
0
0
0
0
0
0
0
0
0
0
0
0
0
0
0
0
0
0
0
0
0
0
0
0
0
0
0
0
0
0
0
0
0
0
0
0
0
0
0
0
0
0
0
0
0
0
0
0
0
0
0
0
0
0
0
0
0
0
0
0
0
0
0
0
0.501961
0.164706
0.0352941
0
0
0
0
0
0
0
0
0
0
0
0
0
0
0
0
0.545098
0.992157
0.756863
0.878431
0.101961
0
0
0
0
0
0
0
0
0
0
0
0
0
0
0
0.0705882
0.47451
0.027451
0.341176
0.737255
0
0
0
0
0
0
0
0
0
0
0
0
0
0
0
0
0.627451
0.0352941
0
0.447059
0.223529
0
0
0
0
0
0
0
0
0
0
0
0
0
0
0
0.807843
0.00392157
0
0.533333
0.27451
0
0
0
0
0
0
0
0
0
0
0
0
0
0
0
0.839216
0.00784314
0
0.796078
0.12549
0
0
0
0
0
0
0
0
0
0
0
0
0
0
0
0.866667
0.00784314
0.443137
0.486275
0
0
0
0
0
0
0
0
0
0
0
0
0
0
0
0
0.890196
0.380392
0.721569
0.00392157
0
0
0
0
0
0
0
0
0
0
0
0
0
0
0
0
0.752941
0.752941
0.0745098
0
0
0
0
0
0
0
0
0
0
0
0
0
0
0
0
0
0.0784314
0.0235294
0
0
0
0
0
0
0
0
0
0
0
0
0
0
0
0
0
0
0
0
0
0
0
0
0
0
0
0
0
0
0
0
0
0
0
0
0
0
0
0
0
0
0
0
0
0
0
0
0
0
0
0
0
0
0
0
0
0
0
0
0
0
0
0
0
0
0
0
0
0
0
0
0
0
0
0
0
0
0
0
0
0
0
0
0
0
0
0
0
