0
0
0
0
0
0
0
0
0
0
0
0
0
0
0
0
0
0
0
0
0
0
0
0
0
0
0
0
0
0
0
0
0
0
0
0
0
0
0
0
0
0
0
0
0
0
0
0
0
0
0
0
0
0
0
0
0
0
0
0
0
0
0
0
0
0
0
0
0
0
0
0
0
0
0
0
0
0
0
0
0
0
0
0
0
0
0
0
0
0
0
0
0
0
0
0
0
0
0
0
0
0
0
0
0
0
0
0
0
0
0
0.00392157
0.0117647
0
0
0
0
0
0
0
0
0
0
0
0
0
0
0
0
0
0.137255
0.831373
0.909804
0.619608
0
0
0
0
0
0
0
0
0
0
0
0
0
0
0
0
0.666667
0.176471
0.00392157
0.0941176
0
0
0
0
0
0
0
0
0
0
0
0
0
0
0
0.235294
0.372549
0
0
0
0
0
0
0
0
0
0
0
0
0
0
0
0
0
0
0.564706
0.211765
0
0
0
0
0
0
0
0
0
0
0
0
0
0
0
0
0
0
0.67451
0.207843
0
0
0
0
0
0
0
0
0
0
0
0
0
0
0
0
0
0
0.564706
0.309804
0
0
0
0
0
0
0
0
0
0
0
0
0
0
0
0
0
0
0.32549
0.603922
0
0
0
0
0
0
0
0
0
0
0
0
0
0
0
0
0
0
0.0313726
0.803922
0.392157
0
0
0
0
0
0
0
0
0
0
0
0
0
0
0
0
0
0
0.0784314
0.811765
0.662745
0.0862745
0
0
0
0
0
0
0
0
0
0
0
0
0
0
0
0
0
0.631373
0.298039
0.0392157
0
0
0
0
0
0
0
0
0
0
0
0
0
0
0
0
0
0
0
0
0
0
0
0
0
0
0
0
0
0
0
0
0
0
0
0
0
0
0
0
0
0
0
0
0
0
0
0
0
0
0
0
0
0
0
0
0
0
0
0
0
0
0
0
0
0
0
0
0
0
0
0
0
0
0
0
0
0
0
0
0
0
0
0
0
0
