0
0
0
0
0
0
0
0
0
0
0
0
0
0
0
0
0
0
0
0
0
0
0
0
0
0
0
0
0
0
0
0
0
0
0
0
0
0
0
0
0
0
0
0
0
0
0
0
0
0
0
0
0
0
0
0
0
0
0
0
0
0
0
0
0
0
0
0
0
0
0
0
0
0
0
0
0
0
0
0
0
0
0
0
0
0
0
0
0
0
0
0
0
0
0
0
0
0
0
0
0
0
0
0
0
0
0
0
0
0
0
0
0
0
0
0
0
0
0
0
0
0
0
0
0
0
0
0
0
0
0.235294
0.643137
0.647059
0.423529
0.211765
0
0
0
0
0
0
0
0
0
0
0
0
0
0
0.137255
0.811765
0.278431
0.180392
0.2
0.337255
0
0
0
0
0
0
0
0
0
0
0
0
0
0
0.619608
0.211765
0
0
0
0
0
0
0
0
0
0
0
0
0
0
0
0
0
0.545098
0.196078
0
0
0
0
0
0
0
0
0
0
0
0
0
0
0
0
0
0
0.627451
0.0352941
0
0
0
0
0
0
0
0
0
0
0
0
0
0
0
0
0
0
0.639216
0.0235294
0
0
0
0
0
0
0
0
0
0
0
0
0
0
0
0
0
0
0.588235
0.133333
0
0
0
0
0
0
0
0
0
0
0
0
0
0
0
0
0
0
0.309804
0.705882
0.0117647
0
0
0
0
0
0
0
0
0
0
0
0
0
0
0
0
0
0
0.505882
0.737255
0.0627451
0
0
0
0
0
0
0
0
0
0
0
0
0
0
0
0
0
0
0.388235
0.886275
0.776471
0.752941
0.0745098
0
0
0
0
0
0
0
0
0
0
0
0
0
0
0
0
0.0196078
0.109804
0.737255
0
0
0
0
0
0
0
0
0
0
0
0
0
0
0
0
0
0
0
0.0745098
0
0
0
0
0
0
0
0
0
0
0
0
0
0
0
0
0
0
0
0
0
0
0
0
0
0
0
0
0
0
0
0
0
0
0
0
0
0
0
0
0
0
0
0
0
0
