0
0
0
0
0
0
0
0
0
0
0
0
0
0
0
0
0
0
0
0
0
0
0
0
0
0
0
0
0
0
0
0
0
0
0
0
0
0
0
0
0
0
0
0
0
0
0
0
0
0
0
0
0
0
0
0
0
0
0
0
0
0
0
0
0
0
0
0
0
0
0
0
0
0
0
0
0
0
0
0
0
0
0
0
0
0
0
0
0
0
0.341176
0.356863
0.0431373
0
0
0
0
0
0
0
0
0
0
0
0
0
0
0
0
0.364706
0.752941
0.494118
0.831373
0.129412
0
0
0
0
0
0
0
0
0
0
0
0
0
0
0.301961
0.788235
0.0862745
0
0.294118
0.843137
0.0784314
0
0
0
0
0
0
0
0
0
0
0
0
0.054902
0.862745
0.12549
0
0
0
0.427451
0.592157
0
0
0
0
0
0
0
0
0
0
0
0
0.298039
0.635294
0
0
0
0
0.00392157
0.870588
0.0784314
0
0
0
0
0
0
0
0
0
0
0
0.458824
0.301961
0
0
0
0
0
0.454902
0.494118
0
0
0
0
0
0
0
0
0
0
0
0.529412
0.329412
0
0
0
0
0
0.113725
0.690196
0
0
0
0
0
0
0
0
0
0
0
0.521569
0.4
0
0
0
0
0
0.235294
0.678431
0
0
0
0
0
0
0
0
0
0
0
0.32549
0.666667
0
0
0
0
0
0.635294
0.364706
0
0
0
0
0
0
0
0
0
0
0
0.00392157
0.819608
0.168627
0
0
0
0.258824
0.713726
0.00784314
0
0
0
0
0
0
0
0
0
0
0
0
0.27451
0.737255
0.0862745
0
0.156863
0.839216
0.2
0
0
0
0
0
0
0
0
0
0
0
0
0
0
0.411765
0.87451
0.701961
0.870588
0.235294
0
0
0
0
0
0
0
0
0
0
0
0
0
0
0
0
0.0588235
0.227451
0.0745098
0
0
0
0
0
0
0
0
0
0
0
0
0
0
0
0
0
0
0
0
0
0
0
0
0
0
0
0
0
0
0
0
0
0
0
0
0
0
0
0
0
0
0
0
0
0
0
0
0
0
0
0
0
0
0
0
0
0
0
0
0
0
0
0
0
0
0
