0
0
0
0
0
0
0
0
0
0
0
0
0
0
0
0
0
0
0
0
0
0
0
0
0
0
0
0
0
0
0
0
0
0
0
0
0
0
0
0
0
0
0
0
0
0
0
0
0
0
0
0
0
0
0
0
0
0
0
0
0
0
0
0
0
0
0
0
0
0
0
0
0
0
0
0
0
0
0
0
0
0
0
0
0
0
0
0
0
0
0
0
0
0
0
0
0
0
0
0
0
0
0
0
0
0
0
0
0
0
0
0
0
0
0
0
0
0
0
0
0
0
0
0
0
0
0
0
0
0.0705882
0.447059
0
0
0
0
0
0
0
0
0
0
0
0
0
0
0
0
0
0
0.619608
0.411765
0.156863
0.513726
0.00392157
0
0
0
0
0
0
0
0
0
0
0
0
0
0
0.0745098
0.866667
0.027451
0.027451
0.788235
0.243137
0
0
0
0
0
0
0
0
0
0
0
0
0
0
0.392157
0.537255
0
0
0.239216
0.721569
0
0
0
0
0
0
0
0
0
0
0
0
0
0
0.52549
0.329412
0
0
0
0.470588
0.27451
0
0
0
0
0
0
0
0
0
0
0
0
0
0.592157
0.258824
0
0
0
0.337255
0.552941
0
0
0
0
0
0
0
0
0
0
0
0
0
0.592157
0.258824
0
0
0
0.211765
0.678431
0
0
0
0
0
0
0
0
0
0
0
0
0
0.262745
0.203922
0
0
0
0.203922
0.666667
0
0
0
0
0
0
0
0
0
0
0
0
0
0.2
0.839216
0.0862745
0.00392157
0.137255
0.737255
0.392157
0
0
0
0
0
0
0
0
0
0
0
0
0
0
0.392157
0.87451
0.898039
0.541176
0.223529
0
0
0
0
0
0
0
0
0
0
0
0
0
0
0
0
0
0
0
0
0
0
0
0
0
0
0
0
0
0
0
0
0
0
0
0
0
0
0
0
0
0
0
0
0
0
0
0
0
0
0
0
0
0
0
0
0
0
0
0
0
0
0
0
0
0
0
0
0
0
0
0
0
0
0
0
0
0
0
0
0
0
0
0
0
0
