0
0
0
0
0
0
0
0
0
0
0
0
0
0
0
0
0
0
0
0
0
0
0
0
0
0
0
0
0
0
0
0
0
0
0
0
0
0
0
0
0
0
0
0
0
0
0
0
0
0
0
0
0
0
0
0
0
0
0
0
0
0
0
0
0
0
0
0
0
0
0
0
0
0
0
0
0
0
0
0
0
0
0
0
0
0
0
0
0
0
0
0
0
0
0
0
0
0
0
0
0
0
0
0
0
0
0
0
0
0
0
0
0
0
0
0
0
0
0
0
0
0
0
0
0
0
0
0
0
0.0235294
0.611765
0.52549
0
0
0
0
0
0
0
0
0
0
0
0
0
0
0
0
0
0.521569
0.705882
0.886275
0.0313726
0
0
0
0
0
0
0
0
0
0
0
0
0
0
0
0.0980392
0.796078
0.0117647
0.654902
0.458824
0.00392157
0
0
0
0
0
0
0
0
0
0
0
0
0
0
0.447059
0.435294
0
0.301961
1
0.396078
0
0
0
0
0
0
0
0
0
0
0
0
0
0
0.596078
0.290196
0
0.00784314
0.498039
0.678431
0
0
0
0
0
0
0
0
0
0
0
0
0
0
0.545098
0.211765
0
0
0.168627
0.635294
0
0
0
0
0
0
0
0
0
0
0
0
0
0
0.607843
0.298039
0
0
0.211765
0.678431
0
0
0
0
0
0
0
0
0
0
0
0
0
0
0.454902
0.572549
0
0
0.258824
0.654902
0
0
0
0
0
0
0
0
0
0
0
0
0
0
0.0431373
0.701961
0.552941
0.176471
0.670588
0.396078
0
0
0
0
0
0
0
0
0
0
0
0
0
0
0
0.0313726
0.486275
0.745098
0.537255
0.00392157
0
0
0
0
0
0
0
0
0
0
0
0
0
0
0
0
0
0
0
0
0
0
0
0
0
0
0
0
0
0
0
0
0
0
0
0
0
0
0
0
0
0
0
0
0
0
0
0
0
0
0
0
0
0
0
0
0
0
0
0
0
0
0
0
0
0
0
0
0
0
0
0
0
0
0
0
0
0
0
0
0
0
0
0
0
0
