0
0
0
0
0
0
0
0
0
0
0
0
0
0
0
0
0
0
0
0
0
0
0
0
0
0
0
0
0
0
0
0
0
0
0
0
0
0
0
0
0
0
0
0
0
0
0
0
0
0
0
0
0
0
0
0
0
0
0
0
0
0
0
0
0
0
0
0
0
0
0
0
0
0
0
0
0
0
0
0
0
0
0
0
0
0
0
0
0
0
0
0
0
0
0
0
0
0
0
0
0
0
0
0
0
0
0
0
0
0
0.137255
0.00392157
0
0
0
0
0
0
0
0
0
0
0
0
0
0
0
0
0
0.203922
0.901961
0.607843
0.0941176
0
0
0
0
0
0
0
0
0
0
0
0
0
0
0
0.0117647
0.823529
0.247059
0.501961
0.639216
0
0
0
0
0
0
0
0
0
0
0
0
0
0
0
0.458824
0.560784
0
0.0235294
0.807843
0.0705882
0
0
0
0
0
0
0
0
0
0
0
0
0
0
0.698039
0.172549
0
0
0.0980392
0.788235
0
0
0
0
0
0
0
0
0
0
0
0
0
0
0.792157
0.0666667
0
0
0
0.890196
0.00784314
0
0
0
0
0
0
0
0
0
0
0
0
0
0.811765
0.0784314
0
0
0
0.878431
0.0117647
0
0
0
0
0
0
0
0
0
0
0
0
0
0.803922
0.12549
0
0
0.0117647
0.898039
0.00784314
0
0
0
0
0
0
0
0
0
0
0
0
0
0.596078
0.368627
0
0
0.545098
0.592157
0
0
0
0
0
0
0
0
0
0
0
0
0
0
0.160784
0.858824
0.0941176
0.588235
0.721569
0.027451
0
0
0
0
0
0
0
0
0
0
0
0
0
0
0
0.431373
0.92549
0.560784
0.0313726
0
0
0
0
0
0
0
0
0
0
0
0
0
0
0
0
0
0
0
0
0
0
0
0
0
0
0
0
0
0
0
0
0
0
0
0
0
0
0
0
0
0
0
0
0
0
0
0
0
0
0
0
0
0
0
0
0
0
0
0
0
0
0
0
0
0
0
0
0
0
0
0
0
0
0
0
0
0
0
0
0
0
0
0
0
0
0
