0
0
0
0
0
0
0
0
0
0
0
0
0
0
0
0
0
0
0
0
0
0
0
0
0
0
0
0
0
0
0
0
0
0
0
0
0
0
0
0
0
0
0
0
0
0
0
0
0
0
0
0
0
0
0
0
0
0
0
0
0
0
0
0
0
0
0
0
0
0
0
0
0
0
0
0
0
0
0
0
0
0
0
0
0
0
0
0
0
0
0
0
0
0
0
0
0
0
0
0
0
0
0
0
0
0
0
0
0
0
0
0
0
0
0
0
0
0
0
0
0
0
0
0
0
0
0
0
0
0
0
0
0.207843
0.105882
0
0
0
0
0
0
0
0
0
0
0
0
0
0
0
0
0.0784314
0.67451
0.721569
0.470588
0.258824
0
0
0
0
0
0
0
0
0
0
0
0
0
0
0.266667
0.854902
0.356863
0.00392157
0.176471
0.87451
0
0
0
0
0
0
0
0
0
0
0
0
0
0.345098
0.803922
0.137255
0
0
0
0.901961
0
0
0
0
0
0
0
0
0
0
0
0
0.211765
0.760784
0.00784314
0
0
0
0.0117647
0.901961
0
0
0
0
0
0
0
0
0
0
0
0
0.772549
0.141176
0
0
0
0
0.258824
0.623529
0
0
0
0
0
0
0
0
0
0
0
0.0352941
0.87451
0
0
0
0
0.0666667
0.827451
0.0745098
0
0
0
0
0
0
0
0
0
0
0
0.145098
0.756863
0
0
0
0.027451
0.733333
0.388235
0
0
0
0
0
0
0
0
0
0
0
0
0.109804
0.866667
0.223529
0.101961
0.196078
0.72549
0.501961
0
0
0
0
0
0
0
0
0
0
0
0
0
0
0.337255
0.733333
0.701961
0.623529
0.227451
0
0
0
0
0
0
0
0
0
0
0
0
0
0
0
0
0
0
0
0
0
0
0
0
0
0
0
0
0
0
0
0
0
0
0
0
0
0
0
0
0
0
0
0
0
0
0
0
0
0
0
0
0
0
0
0
0
0
0
0
0
0
0
0
0
0
0
0
0
0
0
0
0
0
0
0
0
0
0
0
0
0
0
0
0
0
0
0
