0
0
0
0
0
0
0
0
0
0
0
0
0
0
0
0
0
0
0
0
0
0
0
0
0
0
0
0
0
0
0
0
0
0
0
0
0
0
0
0
0
0
0
0
0
0
0
0
0
0
0
0
0
0
0
0
0
0
0
0
0
0
0
0
0
0
0
0
0
0
0
0
0
0
0
0
0
0
0
0
0
0
0
0
0
0
0
0
0
0
0
0
0
0
0
0
0
0
0
0
0
0
0
0
0
0
0
0
0
0
0
0
0
0
0
0
0
0
0
0
0
0
0
0
0
0
0.0431373
0.639216
0.929412
0.909804
0.905882
0.737255
0.270588
0
0
0
0
0
0
0
0
0
0
0
0
0
0.588235
0.6
0.0313726
0
0.00392157
0.247059
0.752941
0.678431
0.0313726
0
0
0
0
0
0
0
0
0
0
0.0705882
0.898039
0.027451
0
0
0
0
0.00392157
0.498039
0.733333
0.0117647
0
0
0
0
0
0
0
0
0
0.145098
0.823529
0
0
0
0
0
0
0
0.643137
0.392157
0
0
0
0
0
0
0
0
0
0.160784
0.776471
0
0
0
0
0
0
0
0.254902
0.631373
0
0
0
0
0
0
0
0
0
0.0470588
0.909804
0.00784314
0
0
0
0
0
0
0.223529
0.690196
0
0
0
0
0
0
0
0
0
0
0.733333
0.305882
0
0
0
0
0
0
0.443137
0.509804
0
0
0
0
0
0
0
0
0
0
0.207843
0.890196
0.341176
0.00392157
0
0
0
0.286275
0.756863
0.0627451
0
0
0
0
0
0
0
0
0
0
0
0.145098
0.647059
0.847059
0.545098
0.478431
0.662745
0.866667
0.105882
0
0
0
0
0
0
0
0
0
0
0
0
0
0
0.156863
0.380392
0.411765
0.298039
0.0196078
0
0
0
0
0
0
0
0
0
0
0
0
0
0
0
0
0
0
0
0
0
0
0
0
0
0
0
0
0
0
0
0
0
0
0
0
0
0
0
0
0
0
0
0
0
0
0
0
0
0
0
0
0
0
0
0
0
0
0
0
0
0
0
0
0
0
0
0
0
0
0
0
0
0
0
0
0
0
0
0
0
0
0
0
0
0
