0
0
0
0
0
0
0
0
0
0
0
0
0
0
0
0
0
0
0
0
0
0
0
0
0
0
0
0
0
0
0
0
0
0
0
0
0
0
0
0
0
0
0
0
0
0
0
0
0
0
0
0
0
0
0
0
0
0
0
0
0
0
0
0
0
0
0
0
0
0
0
0
0
0
0
0
0
0
0
0
0
0
0
0
0
0
0
0
0
0
0
0
0
0
0
0
0
0
0
0
0
0
0
0
0
0
0
0
0
0
0
0
0
0
0
0
0
0
0
0
0
0
0
0
0
0
0
0
0
0
0.0352941
0
0.0117647
0
0
0
0
0
0
0
0
0
0
0
0
0
0
0
0
0.364706
0.956863
0.823529
0.901961
0.0352941
0
0
0
0
0
0
0
0
0
0
0
0
0
0
0
0.627451
0.847059
0.0901961
0.00392157
0
0
0
0
0
0
0
0
0
0
0
0
0
0
0
0
0.396078
0.564706
0
0
0
0
0
0
0
0
0
0
0
0
0
0
0
0
0
0
0.156863
0.647059
0.611765
0.654902
0.0352941
0
0
0
0
0
0
0
0
0
0
0
0
0
0
0
0.258824
0.462745
0.278431
0.247059
0
0
0
0
0
0
0
0
0
0
0
0
0
0
0
0
0.513726
0.203922
0
0
0
0
0
0
0
0
0
0
0
0
0
0
0
0
0
0
0.866667
0.156863
0.372549
0.192157
0
0
0
0
0
0
0
0
0
0
0
0
0
0
0
0
0.564706
0.729412
0.592157
0.231373
0
0
0
0
0
0
0
0
0
0
0
0
0
0
0
0
0
0
0
0
0
0
0
0
0
0
0
0
0
0
0
0
0
0
0
0
0
0
0
0
0
0
0
0
0
0
0
0
0
0
0
0
0
0
0
0
0
0
0
0
0
0
0
0
0
0
0
0
0
0
0
0
0
0
0
0
0
0
0
0
0
0
0
0
0
0
0
0
0
0
0
0
0
0
0
0
0
0
0
0
0
0
0
0
0
0
0
