0
0
0
0
0
0
0
0
0
0
0
0
0
0
0
0
0
0
0
0
0
0
0
0
0
0
0
0
0
0
0
0
0
0
0
0
0
0
0
0
0
0
0
0
0
0
0
0
0
0
0
0
0
0
0
0
0
0
0
0
0
0
0
0
0
0
0
0
0
0
0
0
0
0
0
0
0
0
0
0
0
0
0
0
0
0
0
0
0
0
0
0
0
0
0
0
0
0
0
0
0
0
0
0
0
0
0
0
0
0
0
0
0
0
0
0
0
0
0
0
0
0
0
0
0
0
0
0
0
0
0
0
0
0
0
0
0
0
0
0
0
0
0
0
0
0
0
0
0
0
0.0235294
0.341176
0
0
0
0
0
0
0
0
0
0
0
0
0
0
0
0
0
0
0.168627
0.929412
0.894118
0.858824
0.00392157
0
0
0
0
0
0
0
0
0
0
0
0
0
0
0
0.423529
0.592157
0.137255
0
0
0
0
0
0
0
0
0
0
0
0
0
0
0
0
0
0.635294
0.129412
0
0
0
0
0
0
0
0
0
0
0
0
0
0
0
0
0
0.105882
0.980392
0.878431
0.866667
0.231373
0
0
0
0
0
0
0
0
0
0
0
0
0
0
0
0.572549
0.435294
0.0117647
0.0392157
0.00784314
0
0
0
0
0
0
0
0
0
0
0
0
0
0
0.141176
0.878431
0.00784314
0
0
0.0745098
0
0
0
0
0
0
0
0
0
0
0
0
0
0
0.258824
0.905882
0.823529
0.301961
0.780392
0.619608
0
0
0
0
0
0
0
0
0
0
0
0
0
0
0
0
0
0
0
0
0
0
0
0
0
0
0
0
0
0
0
0
0
0
0
0
0
0
0
0
0
0
0
0
0
0
0
0
0
0
0
0
0
0
0
0
0
0
0
0
0
0
0
0
0
0
0
0
0
0
0
0
0
0
0
0
0
0
0
0
0
0
0
0
0
0
0
0
0
0
0
0
0
0
0
0
0
0
0
0
0
0
0
0
0
0
