0
0
0
0
0
0
0
0
0
0
0
0
0
0
0
0
0
0
0
0
0
0
0
0
0
0
0
0
0
0
0
0
0
0
0
0
0
0
0
0
0
0
0
0
0
0
0
0
0
0
0
0
0
0
0
0
0
0
0
0
0
0
0
0
0
0
0
0
0
0
0
0
0
0
0
0
0
0
0
0
0
0
0
0
0
0
0
0
0
0
0
0
0
0
0
0
0
0
0
0
0
0
0
0
0
0
0
0
0
0
0
0
0
0
0
0
0
0
0
0
0
0
0
0
0
0
0
0
0
0.0313726
0.0941176
0.0352941
0.00392157
0
0
0
0
0
0
0
0
0
0
0
0
0
0
0
0
0.639216
0.847059
0.72549
0.847059
0.803922
0.00392157
0
0
0
0
0
0
0
0
0
0
0
0
0
0.0392157
0.862745
0.00784314
0
0
0.0470588
0
0
0
0
0
0
0
0
0
0
0
0
0
0
0.101961
0.619608
0
0
0
0
0
0
0
0
0
0
0
0
0
0
0
0
0
0
0.156863
0.709804
0.4
0.4
0.266667
0.12549
0
0
0
0
0
0
0
0
0
0
0
0
0
0
0.129412
0.870588
0.466667
0.466667
0.623529
0.772549
0.00784314
0
0
0
0
0
0
0
0
0
0
0
0
0
0.0392157
0.870588
0
0
0
0
0
0
0
0
0
0
0
0
0
0
0
0
0
0
0
0.870588
0.00784314
0
0
0
0
0
0
0
0
0
0
0
0
0
0
0
0
0
0
0.890196
0.439216
0.298039
0.278431
0.27451
0.0431373
0
0
0
0
0
0
0
0
0
0
0
0
0
0
0.207843
0.462745
0.580392
0.611765
0.654902
0.321569
0
0
0
0
0
0
0
0
0
0
0
0
0
0
0
0
0
0
0
0
0
0
0
0
0
0
0
0
0
0
0
0
0
0
0
0
0
0
0
0
0
0
0
0
0
0
0
0
0
0
0
0
0
0
0
0
0
0
0
0
0
0
0
0
0
0
0
0
0
0
0
0
0
0
0
0
0
0
0
0
0
0
0
0
0
