0
0
0
0
0
0
0
0
0
0
0
0
0
0
0
0
0
0
0
0
0
0
0
0
0
0
0
0
0
0
0
0
0
0
0
0
0
0
0
0
0
0
0
0
0
0
0
0
0
0
0
0
0
0
0
0
0
0
0
0
0
0
0
0
0
0
0
0
0
0
0
0
0
0
0
0
0
0
0
0
0
0
0
0
0
0
0
0
0
0
0
0
0
0
0
0
0
0
0
0
0
0
0
0
0
0
0
0
0
0
0
0
0
0
0
0
0
0
0
0
0
0
0
0
0
0
0
0
0
0
0
0
0
0
0
0
0
0
0
0
0
0
0
0
0
0
0
0
0
0
0.0392157
0.333333
0.403922
0.462745
0.101961
0
0
0
0
0
0
0
0
0
0
0
0
0
0
0.172549
0.866667
0.627451
0.470588
0.443137
0.0784314
0
0
0
0
0
0
0
0
0
0
0
0
0
0
0.701961
0.278431
0
0
0
0
0
0
0
0
0
0
0
0
0
0
0
0
0
0.00392157
0.87451
0.027451
0
0
0
0
0
0
0
0
0
0
0
0
0
0
0
0
0
0.0352941
0.878431
0.478431
0.486275
0.305882
0
0
0
0
0
0
0
0
0
0
0
0
0
0
0
0.0392157
0.933333
0.454902
0.419608
0.258824
0
0
0
0
0
0
0
0
0
0
0
0
0
0
0
0
0.8
0.168627
0
0
0
0
0
0
0
0
0
0
0
0
0
0
0
0
0
0
0.270588
0.788235
0.113725
0.0784314
0.0862745
0
0
0
0
0
0
0
0
0
0
0
0
0
0
0
0
0.541176
0.752941
0.811765
0.552941
0
0
0
0
0
0
0
0
0
0
0
0
0
0
0
0
0
0
0
0
0
0
0
0
0
0
0
0
0
0
0
0
0
0
0
0
0
0
0
0
0
0
0
0
0
0
0
0
0
0
0
0
0
0
0
0
0
0
0
0
0
0
0
0
0
0
0
0
0
0
0
0
0
0
0
0
0
0
0
0
0
0
0
0
0
0
