0
0
0
0
0
0
0
0
0
0
0
0
0
0
0
0
0
0
0
0
0
0
0
0
0
0
0
0
0
0
0
0
0
0
0
0
0
0
0
0
0
0
0
0
0
0
0
0
0
0
0
0
0
0
0
0
0
0
0
0
0
0
0
0
0
0
0
0
0
0
0
0
0
0
0
0
0
0
0
0
0
0
0
0
0
0
0
0
0
0
0
0
0
0
0
0
0
0
0
0
0
0
0
0
0
0
0
0
0
0
0
0
0
0
0
0
0
0
0
0
0
0
0
0
0
0
0
0
0
0.0313726
0.537255
0.592157
0.709804
0.168627
0
0
0
0
0
0
0
0
0
0
0
0
0
0
0
0.0862745
0.968627
0.305882
0.258824
0.0117647
0
0
0
0
0
0
0
0
0
0
0
0
0
0
0
0.0588235
0.827451
0
0
0
0
0
0
0
0
0
0
0
0
0
0
0
0
0
0
0.180392
0.768627
0
0
0
0
0
0
0
0
0
0
0
0
0
0
0
0
0
0
0.372549
0.756863
0.843137
0.819608
0.494118
0
0
0
0
0
0
0
0
0
0
0
0
0
0
0.027451
0.913725
0.439216
0.0862745
0.0784314
0.0352941
0
0
0
0
0
0
0
0
0
0
0
0
0
0
0.129412
0.988235
0.196078
0.0352941
0.176471
0
0
0
0
0
0
0
0
0
0
0
0
0
0
0
0.172549
0.988235
0.721569
0.807843
0.501961
0
0
0
0
0
0
0
0
0
0
0
0
0
0
0
0.0117647
0.109804
0.00784314
0.00392157
0
0
0
0
0
0
0
0
0
0
0
0
0
0
0
0
0
0
0
0
0
0
0
0
0
0
0
0
0
0
0
0
0
0
0
0
0
0
0
0
0
0
0
0
0
0
0
0
0
0
0
0
0
0
0
0
0
0
0
0
0
0
0
0
0
0
0
0
0
0
0
0
0
0
0
0
0
0
0
0
0
0
0
0
0
0
0
0
0
0
0
0
0
0
0
0
0
0
0
0
0
0
0
0
0
0
0
0
