0
0
0
0
0
0
0
0
0
0
0
0
0
0
0
0
0
0
0
0
0
0
0
0
0
0
0
0
0
0
0
0
0
0
0
0
0
0
0
0
0
0
0
0
0
0
0
0
0
0
0
0
0
0
0
0
0
0
0
0
0
0
0
0
0
0
0
0
0
0
0
0
0
0
0
0
0
0
0
0
0
0
0
0
0
0
0
0
0
0
0
0
0
0
0
0
0
0
0
0
0
0
0
0
0
0
0.309804
0.627451
0.576471
0.623529
0.592157
0.443137
0.0392157
0
0
0
0
0
0
0
0
0
0
0
0
0.239216
0.827451
0.239216
0.137255
0.156863
0.207843
0.552941
0.572549
0
0
0
0
0
0
0
0
0
0
0
0
0.0431373
0.137255
0
0
0
0
0.329412
0.666667
0
0
0
0
0
0
0
0
0
0
0
0
0
0
0
0
0
0.270588
0.862745
0.141176
0
0
0
0
0
0
0
0
0
0
0
0
0
0
0
0.00392157
0.552941
0.760784
0.152941
0
0
0
0
0
0
0
0
0
0
0
0
0
0
0
0
0.486275
0.92549
0.27451
0.254902
0.247059
0.176471
0.054902
0
0
0
0
0
0
0
0
0
0
0
0
0
0.0627451
0.372549
0.4
0.443137
0.439216
0.701961
0.513726
0
0
0
0
0
0
0
0
0
0
0
0
0
0
0
0
0
0.00392157
0.780392
0.0627451
0
0
0
0
0
0
0
0
0
0
0
0
0
0
0
0
0
0.470588
0.333333
0
0
0
0
0
0
0
0
0
0
0
0
0
0
0
0
0
0.286275
0.701961
0.027451
0
0
0
0
0
0
0
0
0
0
0
0
0
0.054902
0.0745098
0.211765
0.423529
0.180392
0.0235294
0
0
0
0
0
0
0
0
0
0
0
0
0
0
0.709804
0.756863
0.635294
0.0941176
0.0117647
0
0
0
0
0
0
0
0
0
0
0
0
0
0
0
0
0
0
0
0
0
0
0
0
0
0
0
0
0
0
0
0
0
0
0
0
0
0
0
0
0
0
0
0
0
0
0
0
0
0
0
0
0
0
0
0
0
0
0
0
0
0
0
0
0
0
0
0
