0
0
0
0
0
0
0
0
0
0
0
0
0
0
0
0
0
0
0
0
0
0
0
0
0
0
0
0
0
0
0
0
0
0
0
0
0
0
0
0
0
0
0
0
0
0
0
0
0
0
0
0
0
0
0
0
0
0
0
0
0
0
0
0
0
0
0
0
0
0
0
0
0
0
0
0
0
0
0
0
0
0
0
0
0
0
0
0
0
0
0
0
0
0
0
0
0
0
0
0
0
0
0
0
0
0
0
0
0
0
0
0
0
0
0
0
0
0
0
0
0
0
0
0
0
0
0
0
0.235294
0.196078
0
0
0.00784314
0.596078
0.00784314
0
0
0
0
0
0
0
0
0
0
0
0
0
0.435294
0.47451
0
0.0117647
0.690196
0.47451
0
0
0
0
0
0
0
0
0
0
0
0
0
0
0.352941
0.419608
0.105882
0.243137
0.505882
0
0
0
0
0
0
0
0
0
0
0
0
0
0
0
0.0784314
0.270588
0.658824
0.231373
0
0
0
0
0
0
0
0
0
0
0
0
0
0
0
0
0.192157
0.870588
0.701961
0.0117647
0
0
0
0
0
0
0
0
0
0
0
0
0
0
0
0
0.164706
0.52549
0.537255
0.564706
0
0
0
0
0
0
0
0
0
0
0
0
0
0
0
0
0.243137
0.298039
0.0117647
0.733333
0.305882
0
0
0
0
0
0
0
0
0
0
0
0
0
0
0
0.298039
0.364706
0
0.109804
0.858824
0.109804
0
0
0
0
0
0
0
0
0
0
0
0
0
0
0.380392
0.447059
0
0
0.333333
0.321569
0
0
0
0
0
0
0
0
0
0
0
0
0
0
0.262745
0.494118
0
0
0
0
0
0
0
0
0
0
0
0
0
0
0
0
0
0
0
0
0
0
0
0
0
0
0
0
0
0
0
0
0
0
0
0
0
0
0
0
0
0
0
0
0
0
0
0
0
0
0
0
0
0
0
0
0
0
0
0
0
0
0
0
0
0
0
0
0
0
0
0
0
0
0
0
0
0
0
0
0
0
0
0
0
0
0
0
0
0
