0
0
0
0
0
0
0
0
0
0
0
0
0
0
0
0
0
0
0
0
0
0
0
0
0
0
0
0
0
0
0
0
0
0
0
0
0
0
0
0
0
0
0
0
0
0
0
0
0
0
0
0
0
0
0
0
0
0
0
0
0
0
0
0
0
0
0
0
0
0
0
0
0
0
0
0
0
0
0
0
0
0
0
0
0
0
0
0
0
0
0
0
0
0
0
0
0
0
0
0
0
0
0
0
0
0
0
0
0
0
0
0
0
0
0
0
0
0
0
0
0
0
0
0
0
0
0
0
0
0
0
0
0
0
0
0
0
0
0
0
0
0
0
0
0
0
0
0
0
0
0.243137
0.560784
0.870588
0.768627
0.894118
0.239216
0
0
0
0
0
0
0
0
0
0
0
0
0
0.333333
0.729412
0.105882
0
0
0
0
0
0
0
0
0
0
0
0
0
0
0
0
0.027451
0.729412
0.0862745
0
0
0
0
0
0
0
0
0
0
0
0
0
0
0
0
0
0.329412
0.572549
0
0
0
0
0
0
0
0
0
0
0
0
0
0
0
0
0
0
0.545098
0.345098
0
0
0
0
0
0
0
0
0
0
0
0
0
0
0
0
0
0
0.494118
0.427451
0
0
0
0
0
0
0
0
0
0
0
0
0
0
0
0
0
0
0.219608
0.811765
0.105882
0
0
0
0
0
0
0
0
0
0
0
0
0
0
0
0
0
0
0.345098
0.796078
0.407843
0.105882
0
0
0
0
0
0
0
0
0
0
0
0
0
0
0
0
0
0.0980392
0.47451
0.192157
0
0
0
0
0
0
0
0
0
0
0
0
0
0
0
0
0
0
0
0
0
0
0
0
0
0
0
0
0
0
0
0
0
0
0
0
0
0
0
0
0
0
0
0
0
0
0
0
0
0
0
0
0
0
0
0
0
0
0
0
0
0
0
0
0
0
0
0
0
0
0
0
0
0
0
0
0
0
0
0
0
0
0
0
0
0
0
