0
0
0
0
0
0
0
0
0
0
0
0
0
0
0
0
0
0
0
0
0
0
0
0
0
0
0
0
0
0
0
0
0
0
0
0
0
0
0
0
0
0
0
0
0
0
0
0
0
0
0
0
0
0
0
0
0
0
0
0
0
0
0
0
0
0
0
0
0
0
0
0
0
0
0
0
0
0
0
0
0
0
0
0
0
0
0
0
0
0
0
0
0
0
0
0
0
0
0
0
0
0
0
0
0
0
0
0
0
0
0
0
0
0
0
0
0
0
0
0
0
0
0
0
0
0
0
0
0
0
0
0
0
0
0
0
0
0
0
0
0
0
0
0
0
0
0
0
0
0
0
0.0117647
0.0117647
0
0
0
0
0
0
0
0
0
0
0
0
0
0
0
0
0.054902
0.521569
0.905882
0.854902
0.0352941
0
0
0
0
0
0
0
0
0
0
0
0
0
0
0
0.764706
0.521569
0.0352941
0
0
0
0
0
0
0
0
0
0
0
0
0
0
0
0
0.0431373
0.890196
0
0
0
0
0
0
0
0
0
0
0
0
0
0
0
0
0
0
0.054902
0.898039
0.027451
0
0
0
0
0
0
0
0
0
0
0
0
0
0
0
0
0
0
0.470588
0.721569
0.0980392
0
0
0
0
0
0
0
0
0
0
0
0
0
0
0
0
0
0
0.447059
0.894118
0.596078
0.478431
0.0235294
0
0
0
0
0
0
0
0
0
0
0
0
0
0
0
0
0.0588235
0.356863
0.411765
0.0117647
0
0
0
0
0
0
0
0
0
0
0
0
0
0
0
0
0
0
0
0
0
0
0
0
0
0
0
0
0
0
0
0
0
0
0
0
0
0
0
0
0
0
0
0
0
0
0
0
0
0
0
0
0
0
0
0
0
0
0
0
0
0
0
0
0
0
0
0
0
0
0
0
0
0
0
0
0
0
0
0
0
0
0
0
0
0
0
0
0
0
0
0
0
0
0
0
0
0
0
0
0
0
0
0
0
