0
0
0
0
0
0
0
0
0
0
0
0
0
0
0
0
0
0
0
0
0
0
0
0
0
0
0
0
0
0
0
0
0
0
0
0
0
0
0
0
0
0
0
0
0
0
0
0
0
0
0
0
0
0
0
0
0
0
0
0
0
0
0
0
0
0
0
0
0
0
0
0
0
0
0
0
0
0
0
0
0
0
0
0
0
0
0
0
0
0
0
0
0
0
0
0
0
0
0
0
0
0
0
0
0
0
0
0
0
0
0
0
0
0
0
0
0
0
0
0
0
0
0
0
0
0
0
0
0
0
0
0
0
0
0
0
0
0
0
0
0
0
0
0
0
0
0
0
0
0
0
0
0.0117647
0
0
0
0
0
0
0
0
0
0
0
0
0
0
0
0
0
0.239216
0.729412
0.901961
0.12549
0
0
0
0
0
0
0
0
0
0
0
0
0
0
0
0.129412
0.87451
0.247059
0
0
0
0
0
0
0
0
0
0
0
0
0
0
0
0
0
0.588235
0.380392
0
0
0
0
0
0
0
0
0
0
0
0
0
0
0
0
0
0
0.752941
0.196078
0
0
0
0
0
0
0
0
0
0
0
0
0
0
0
0
0
0
0.556863
0.698039
0.219608
0.00784314
0
0
0
0
0
0
0
0
0
0
0
0
0
0
0
0
0.0196078
0.341176
0.713726
0.870588
0.521569
0
0
0
0
0
0
0
0
0
0
0
0
0
0
0
0
0
0
0.0941176
0.219608
0
0
0
0
0
0
0
0
0
0
0
0
0
0
0
0
0
0
0
0
0
0
0
0
0
0
0
0
0
0
0
0
0
0
0
0
0
0
0
0
0
0
0
0
0
0
0
0
0
0
0
0
0
0
0
0
0
0
0
0
0
0
0
0
0
0
0
0
0
0
0
0
0
0
0
0
0
0
0
0
0
0
0
0
0
0
0
0
0
0
0
0
0
0
0
0
0
0
0
0
0
0
0
0
0
0
