0
0
0
0
0
0
0
0
0
0
0
0
0
0
0
0
0
0
0
0
0
0
0
0
0
0
0
0
0
0
0
0
0
0
0
0
0
0
0
0
0
0
0
0
0
0
0
0
0
0
0
0
0
0
0
0
0
0
0
0
0
0
0
0
0
0
0
0
0
0
0
0
0
0
0
0
0
0
0
0
0
0
0
0
0
0
0
0
0
0
0
0
0
0
0
0
0
0
0
0
0
0
0
0
0
0
0
0
0
0
0
0
0
0
0
0
0
0
0
0
0
0
0
0
0
0
0
0
0
0
0
0
0.2
0.439216
0.501961
0
0
0
0
0
0
0
0
0
0
0
0
0
0
0
0.32549
0.8
0.521569
0.4
0.227451
0
0
0
0
0
0
0
0
0
0
0
0
0
0
0.513726
0.701961
0.152941
0
0
0
0
0
0
0
0
0
0
0
0
0
0
0
0
0.305882
0.654902
0.0117647
0
0
0
0
0
0
0
0
0
0
0
0
0
0
0
0
0.0235294
0.819608
0.0627451
0
0
0
0
0
0
0
0
0
0
0
0
0
0
0
0
0
0.0862745
0.827451
0
0
0
0
0
0
0
0
0
0
0
0
0
0
0
0
0
0
0.00784314
0.756863
0.556863
0.0235294
0
0
0
0
0
0
0
0
0
0
0
0
0
0
0
0
0
0.027451
0.533333
0.752941
0.341176
0.239216
0.105882
0
0
0
0
0
0
0
0
0
0
0
0
0
0
0
0
0.109804
0.411765
0.823529
0.360784
0
0
0
0
0
0
0
0
0
0
0
0
0
0
0
0
0
0
0
0
0
0
0
0
0
0
0
0
0
0
0
0
0
0
0
0
0
0
0
0
0
0
0
0
0
0
0
0
0
0
0
0
0
0
0
0
0
0
0
0
0
0
0
0
0
0
0
0
0
0
0
0
0
0
0
0
0
0
0
0
0
0
0
0
0
0
0
0
0
0
0
0
0
0
0
0
0
0
0
0
0
0
0
0
0
0
