0
0
0
0
0
0
0
0
0
0
0
0
0
0
0
0
0
0
0
0
0
0
0
0
0
0
0
0
0
0
0
0
0
0
0
0
0
0
0
0
0
0
0
0
0
0
0
0
0
0
0
0
0
0
0
0
0
0
0
0
0
0
0
0
0
0
0
0
0
0
0
0
0
0
0
0
0
0
0
0
0
0
0
0
0
0
0
0
0.0862745
0.545098
0.545098
0.490196
0.231373
0.054902
0
0
0
0
0
0
0
0
0
0
0
0
0
0
0.466667
0.592157
0.345098
0.376471
0.627451
0.831373
0.819608
0.741176
0.47451
0
0
0
0
0
0
0
0
0
0
0
0.709804
0.164706
0
0
0
0
0.0117647
0.203922
0.337255
0
0
0
0
0
0
0
0
0
0
0
0.807843
0.0352941
0
0
0
0
0
0
0
0
0
0
0
0
0
0
0
0
0
0
0.894118
0
0
0
0
0
0
0
0
0
0
0
0
0
0
0
0
0
0
0
0.901961
0
0
0
0
0
0
0
0
0
0
0
0
0
0
0
0
0
0
0
0.909804
0.0784314
0.0392157
0
0
0
0
0
0
0
0
0
0
0
0
0
0
0
0
0
0.796078
0.811765
0.843137
0.631373
0.0745098
0
0
0
0
0
0
0
0
0
0
0
0
0
0
0
0
0
0.00392157
0.372549
0.823529
0.0627451
0
0
0
0
0
0
0
0
0
0
0
0
0
0
0
0
0
0
0.521569
0.403922
0
0
0
0
0
0
0
0
0
0
0
0
0
0
0
0
0
0
0.341176
0.541176
0
0
0
0
0
0
0
0
0
0
0
0
0
0
0
0
0
0
0.32549
0.52549
0
0
0
0
0
0
0
0
0
0
0
0
0
0
0
0
0
0
0.439216
0.470588
0
0
0
0
0
0
0
0
0
0
0
0
0.0470588
0.219608
0.211765
0.180392
0.192157
0.419608
0.866667
0.160784
0
0
0
0
0
0
0
0
0
0
0
0
0.321569
0.698039
0.678431
0.647059
0.658824
0.501961
0.129412
0
0
0
0
0
0
0
0
0
0
0
0
0
0
0
0
0
0
0
0
0
0
0
0
0
0
0
