0
0
0
0
0
0
0
0
0
0
0
0
0
0
0
0
0
0
0
0
0
0
0
0
0
0
0
0
0
0
0
0
0
0
0
0
0
0
0
0
0
0
0
0
0
0
0
0
0
0
0
0
0
0
0
0
0
0
0
0
0
0
0
0
0
0
0
0
0
0
0
0
0
0
0
0
0
0
0
0
0
0
0
0
0
0
0
0
0
0
0
0
0
0
0
0
0
0
0
0
0
0
0
0
0
0
0
0
0
0
0
0
0
0
0
0
0
0
0
0
0
0
0
0
0
0
0
0
0
0
0
0
0
0
0
0
0
0
0
0
0
0
0
0
0
0
0
0.00784314
0.839216
0.729412
0.407843
0.0784314
0
0
0
0
0
0
0
0
0
0
0
0
0
0
0
0
0.356863
0.960784
0.705882
0.811765
0.803922
0.439216
0.0470588
0
0
0
0
0
0
0
0
0
0
0
0
0
0
0.243137
0.890196
0.109804
0.101961
0.47451
0.862745
0.466667
0
0
0
0
0
0
0
0
0
0
0
0
0
0
0.364706
0.709804
0
0
0.0470588
0.243137
0
0
0
0
0
0
0
0
0
0
0
0
0
0
0
0.721569
0.286275
0
0
0
0
0
0
0
0
0
0
0
0
0
0
0
0
0
0
0.329412
0.592157
0
0
0
0
0
0
0
0
0
0
0
0
0
0
0
0
0
0
0.239216
0.694118
0
0
0
0
0
0
0
0
0
0
0
0
0
0
0
0
0.137255
0.403922
0.854902
0.360784
0
0
0
0
0
0
0
0
0
0
0
0
0
0
0.0705882
0.745098
0.788235
0.47451
0.145098
0
0
0
0
0
0
0
0
0
0
0
0
0
0
0
0.054902
0.305882
0
0
0
0
0
0
0
0
0
0
0
0
0
0
0
0
0
0
0
0
0
0
0
0
0
0
0
0
0
0
0
0
0
0
0
0
0
0
0
0
0
0
0
0
0
0
0
0
0
0
0
0
0
0
0
0
0
0
0
0
0
0
0
0
0
0
0
0
0
0
0
