0
0
0
0
0
0
0
0
0
0
0
0
0
0
0
0
0
0
0
0
0
0
0
0
0
0
0
0
0
0
0
0
0
0
0
0
0
0
0
0
0
0
0
0
0
0
0
0
0
0
0
0
0
0
0
0
0
0
0
0
0
0
0
0
0
0
0
0
0
0
0
0
0
0
0
0
0
0
0
0
0
0
0
0
0
0
0
0
0
0
0
0
0
0
0
0
0
0
0
0
0
0
0
0
0
0
0
0
0
0
0
0
0
0
0
0
0
0
0
0
0
0
0
0
0
0
0
0
0.00784314
0.490196
0.533333
0.498039
0.227451
0.00392157
0
0
0
0
0
0
0
0
0
0
0
0
0
0
0.145098
0.870588
0.333333
0.372549
0.686275
0.87451
0.294118
0
0
0
0
0
0
0
0
0
0
0
0
0
0.0392157
0.831373
0
0
0
0.129412
0.0705882
0
0
0
0
0
0
0
0
0
0
0
0
0
0.0745098
0.807843
0
0
0
0
0
0
0
0
0
0
0
0
0
0
0
0
0
0
0.0862745
0.819608
0
0
0
0
0
0
0
0
0
0
0
0
0
0
0
0
0
0
0.152941
0.913725
0.705882
0.729412
0.576471
0.0705882
0
0
0
0
0
0
0
0
0
0
0
0
0
0
0.309804
0.862745
0.223529
0.2
0.67451
0.345098
0
0
0
0
0
0
0
0
0
0
0
0
0
0
0.298039
0.309804
0
0
0.552941
0.352941
0
0
0
0
0
0
0
0
0
0
0
0
0
0
0
0
0
0
0.694118
0.231373
0
0
0
0
0
0
0
0
0
0
0
0
0
0
0
0
0
0.254902
0.858824
0.0117647
0
0
0
0
0
0
0
0
0
0
0
0
0
0
0
0.435294
0.843137
0.839216
0.188235
0
0
0
0
0
0
0
0
0
0
0
0
0
0
0
0
0.0980392
0.109804
0.00784314
0
0
0
0
0
0
0
0
0
0
0
0
0
0
0
0
0
0
0
0
0
0
0
0
0
0
0
0
0
0
0
0
0
0
0
0
0
0
0
0
0
0
0
0
0
0
0
0
