0
0
0
0
0
0
0
0
0
0
0
0
0
0
0
0
0
0
0
0
0
0
0
0
0
0
0
0
0
0
0
0
0
0
0
0
0
0
0
0
0
0
0
0
0
0
0
0
0
0
0
0
0
0
0
0
0
0
0
0
0
0
0
0
0
0
0
0
0
0
0
0
0
0
0
0
0
0
0
0
0
0
0
0
0
0
0
0
0
0
0
0
0
0
0
0
0
0
0
0
0
0
0
0
0
0
0
0
0
0
0
0
0
0
0
0
0
0
0
0
0
0
0
0
0
0
0
0
0.533333
0.933333
0.894118
0.894118
0.921569
0.12549
0
0
0
0
0
0
0
0
0
0
0
0
0
0
0.607843
0.192157
0
0
0
0
0
0
0
0
0
0
0
0
0
0
0
0
0
0
0.678431
0.211765
0
0
0
0
0
0
0
0
0
0
0
0
0
0
0
0
0
0
0.643137
0.47451
0.407843
0.447059
0.145098
0
0
0
0
0
0
0
0
0
0
0
0
0
0
0
0.509804
0.752941
0.486275
0.513726
0.858824
0.309804
0
0
0
0
0
0
0
0
0
0
0
0
0
0
0
0
0
0
0.203922
0.776471
0
0
0
0
0
0
0
0
0
0
0
0
0
0
0
0
0
0
0.0431373
0.886275
0
0
0
0
0
0
0
0
0
0
0
0
0
0
0
0
0
0.180392
0.8
0.529412
0
0
0
0
0
0
0
0
0
0
0
0
0
0
0
0.156863
0.560784
0.835294
0.321569
0
0
0
0
0
0
0
0
0
0
0
0
0
0
0
0.0431373
0.788235
0.588235
0.027451
0
0
0
0
0
0
0
0
0
0
0
0
0
0
0
0
0
0
0
0
0
0
0
0
0
0
0
0
0
0
0
0
0
0
0
0
0
0
0
0
0
0
0
0
0
0
0
0
0
0
0
0
0
0
0
0
0
0
0
0
0
0
0
0
0
0
0
0
0
0
0
0
0
0
0
0
0
0
0
0
0
0
0
0
0
0
0
0
