0
0
0
0
0
0
0
0
0
0
0
0
0
0
0
0
0
0
0
0
0
0
0
0
0
0
0
0
0
0
0
0
0
0
0
0
0
0
0
0
0
0
0
0
0
0
0
0
0
0
0
0
0
0
0
0
0
0
0
0
0
0
0
0
0
0
0
0
0
0
0
0
0
0
0
0
0
0
0
0
0
0
0
0
0
0
0
0
0
0
0
0
0
0
0
0
0
0
0
0
0
0
0
0
0
0
0
0
0
0
0
0
0
0
0
0
0
0
0
0
0
0
0
0
0
0
0
0
0
0.00784314
0.0117647
0.00392157
0
0
0
0
0
0
0
0
0
0
0
0
0
0
0
0
0.054902
0.886275
0.870588
0.854902
0.658824
0.419608
0.12549
0
0
0
0
0
0
0
0
0
0
0
0
0
0.298039
0.631373
0
0.0196078
0.180392
0.52549
0.380392
0
0
0
0
0
0
0
0
0
0
0
0
0
0.341176
0.458824
0
0
0
0
0
0
0
0
0
0
0
0
0
0
0
0
0
0
0.270588
0.333333
0
0
0
0
0
0
0
0
0
0
0
0
0
0
0
0
0
0
0.407843
0.47451
0
0
0
0
0
0
0
0
0
0
0
0
0
0
0
0
0
0
0.447059
0.937255
0.607843
0.756863
0.341176
0
0
0
0
0
0
0
0
0
0
0
0
0
0
0
0.0235294
0.0352941
0.00392157
0.0901961
0.894118
0
0
0
0
0
0
0
0
0
0
0
0
0
0
0
0
0
0
0
0.901961
0
0
0
0
0
0
0
0
0
0
0
0
0
0
0
0
0
0.00784314
0.439216
0.792157
0
0
0
0
0
0
0
0
0
0
0
0
0
0
0
0
0.298039
0.839216
0.666667
0.0901961
0
0
0
0
0
0
0
0
0
0
0
0
0
0
0
0
0.635294
0.192157
0
0
0
0
0
0
0
0
0
0
0
0
0
0
0
0
0
0
0
0
0
0
0
0
0
0
0
0
0
0
0
0
0
0
0
0
0
0
0
0
0
0
0
0
0
0
0
0
0
