0
0
0
0
0
0
0
0
0
0
0
0
0
0
0
0
0
0
0
0
0
0
0
0
0
0
0
0
0
0
0
0
0
0
0
0
0
0
0
0
0
0
0
0
0
0
0
0
0
0
0
0
0
0
0
0
0
0
0
0
0
0
0
0
0
0
0
0
0
0
0
0
0
0
0
0
0
0
0
0
0
0
0
0
0
0
0
0
0
0
0.192157
0.635294
0.690196
0.603922
0.262745
0
0
0
0
0
0
0
0
0
0
0
0
0
0
0.278431
0.866667
0.337255
0.223529
0.352941
0.709804
0.00392157
0
0
0
0
0
0
0
0
0
0
0
0
0.270588
0.870588
0.152941
0
0
0
0
0
0
0
0
0
0
0
0
0
0
0
0
0.105882
0.886275
0.12549
0
0
0
0
0
0
0
0
0
0
0
0
0
0
0
0
0
0.541176
0.466667
0
0
0
0
0
0
0
0
0
0
0
0
0
0
0
0
0
0
0.792157
0.403922
0.721569
0.678431
0.537255
0.266667
0
0
0
0
0
0
0
0
0
0
0
0
0
0
0.937255
0.780392
0.235294
0.227451
0.388235
0.745098
0.701961
0.0117647
0
0
0
0
0
0
0
0
0
0
0
0.113725
0.964706
0.054902
0
0
0
0
0.533333
0.623529
0
0
0
0
0
0
0
0
0
0
0
0.0117647
0.909804
0.0313726
0
0
0
0
0.00784314
0.898039
0.0705882
0
0
0
0
0
0
0
0
0
0
0
0.576471
0.447059
0
0
0
0
0
0.827451
0.0862745
0
0
0
0
0
0
0
0
0
0
0
0.0784314
0.858824
0.235294
0
0
0
0.0313726
0.905882
0.0117647
0
0
0
0
0
0
0
0
0
0
0
0
0.172549
0.878431
0.211765
0
0
0.392157
0.588235
0
0
0
0
0
0
0
0
0
0
0
0
0
0
0.254902
0.764706
0.886275
0.760784
0.901961
0.164706
0
0
0
0
0
0
0
0
0
0
0
0
0
0
0
0
0.0313726
0.145098
0.0980392
0
0
0
0
0
0
0
0
0
0
0
0
0
0
0
0
0
0
0
0
0
0
0
0
0
0
0
0
0
0
0
0
0
0
0
0
0
0
0
0
0
0
0
0
0
0
