0
0
0
0
0
0
0
0
0
0
0
0
0
0
0
0
0
0
0
0
0
0
0
0
0
0
0
0
0
0
0
0
0
0
0
0
0
0
0
0
0
0
0
0
0
0
0
0
0
0
0
0
0
0
0
0
0
0
0
0
0
0
0
0
0
0
0
0
0
0
0
0
0
0
0
0
0
0
0
0
0
0
0
0
0
0
0
0
0
0
0
0
0
0
0
0
0
0
0
0
0
0
0
0
0
0
0
0
0
0
0.243137
0.862745
0.00392157
0
0
0
0
0
0
0
0
0
0
0
0
0
0
0
0
0.278431
0.823529
0.141176
0
0
0
0
0
0
0
0
0
0
0
0
0
0
0
0
0.133333
0.721569
0.0745098
0
0
0
0
0
0
0
0
0
0
0
0
0
0
0
0
0
0.564706
0.156863
0
0
0
0
0
0
0
0
0
0
0
0
0
0
0
0
0
0
0.478431
0
0
0
0
0
0
0
0
0
0
0
0
0
0
0
0
0
0
0.0235294
0.341176
0.0392157
0.576471
0.886275
0.839216
0.333333
0.00392157
0
0
0
0
0
0
0
0
0
0
0
0
0.0745098
0.835294
0.568627
0.623529
0.0588235
0.00784314
0.364706
0.843137
0.203922
0
0
0
0
0
0
0
0
0
0
0
0.00392157
0.792157
0.329412
0.0392157
0
0
0
0.301961
0.631373
0
0
0
0
0
0
0
0
0
0
0
0
0.192157
0.835294
0.309804
0.0235294
0.00392157
0.0117647
0.470588
0.639216
0
0
0
0
0
0
0
0
0
0
0
0
0
0.137255
0.713726
0.878431
0.835294
0.843137
0.592157
0.0862745
0
0
0
0
0
0
0
0
0
0
0
0
0
0
0
0
0
0
0
0
0
0
0
0
0
0
0
0
0
0
0
0
0
0
0
0
0
0
0
0
0
0
0
0
0
0
0
0
0
0
0
0
0
0
0
0
0
0
0
0
0
0
0
0
0
0
0
0
0
0
0
0
0
0
0
0
0
0
0
0
0
0
0
0
0
0
0
0
0
0
0
0
0
0
0
0
0
0
0
0
0
0
0
0
