0
0
0
0
0
0
0
0
0
0
0
0
0
0
0
0
0
0
0
0
0
0
0
0
0
0
0
0
0
0
0
0
0
0
0
0
0
0
0
0
0
0
0
0
0
0
0
0
0
0
0
0
0
0
0
0
0
0
0
0
0
0
0
0
0
0
0
0
0
0
0
0
0
0
0
0
0
0
0
0
0
0
0
0
0
0
0
0
0
0
0
0
0
0
0
0
0
0
0
0
0
0
0
0
0
0
0
0
0
0
0
0.188235
0.203922
0.0705882
0
0
0
0
0
0
0
0
0
0
0
0
0
0
0
0
0.368627
0.819608
0.67451
0.647059
0.788235
0.254902
0
0
0
0
0
0
0
0
0
0
0
0
0
0.219608
0.823529
0.027451
0
0
0.129412
0.419608
0
0
0
0
0
0
0
0
0
0
0
0
0
0.756863
0.192157
0
0
0
0
0
0
0
0
0
0
0
0
0
0
0
0
0
0.141176
0.756863
0
0
0
0
0
0
0
0
0
0
0
0
0
0
0
0
0
0
0.439216
0.509804
0.172549
0
0
0
0
0
0
0
0
0
0
0
0
0
0
0
0
0
0.470588
0.776471
0.811765
0.713726
0.121569
0
0
0
0
0
0
0
0
0
0
0
0
0
0
0
0.454902
0.388235
0.00392157
0.368627
0.835294
0.0352941
0
0
0
0
0
0
0
0
0
0
0
0
0
0
0.439216
0.556863
0
0
0.705882
0.2
0
0
0
0
0
0
0
0
0
0
0
0
0
0
0.0196078
0.807843
0.380392
0.027451
0.803922
0.141176
0
0
0
0
0
0
0
0
0
0
0
0
0
0
0
0.109804
0.690196
0.890196
0.643137
0
0
0
0
0
0
0
0
0
0
0
0
0
0
0
0
0
0
0
0
0
0
0
0
0
0
0
0
0
0
0
0
0
0
0
0
0
0
0
0
0
0
0
0
0
0
0
0
0
0
0
0
0
0
0
0
0
0
0
0
0
0
0
0
0
0
0
0
0
0
0
0
0
0
0
0
0
0
0
0
0
0
0
0
0
0
0
