0
0
0
0
0
0
0
0
0
0
0
0
0
0
0
0
0
0
0
0
0
0
0
0
0
0
0
0
0
0
0
0
0
0
0
0
0
0
0
0
0
0
0
0
0
0
0
0
0
0
0
0
0
0
0
0
0
0
0
0
0
0
0
0
0
0
0
0
0
0
0
0
0
0
0
0
0
0
0
0
0
0
0
0
0
0
0
0
0
0
0.0666667
0.541176
0.803922
0.807843
0.737255
0
0
0
0
0
0
0
0
0
0
0
0
0
0
0.0313726
0.760784
0.458824
0.0705882
0.0745098
0.0745098
0
0
0
0
0
0
0
0
0
0
0
0
0
0.0117647
0.741176
0.470588
0
0
0
0
0
0
0
0
0
0
0
0
0
0
0
0
0
0.2
0.760784
0
0
0
0
0
0
0
0
0
0
0
0
0
0
0
0
0
0
0.596078
0.305882
0.054902
0.0745098
0
0
0
0
0
0
0
0
0
0
0
0
0
0
0
0
0.713726
0.168627
0.568627
0.886275
0.588235
0.0117647
0
0
0
0
0
0
0
0
0
0
0
0
0
0
0.8
0.0313726
0
0.0117647
0.658824
0.521569
0
0
0
0
0
0
0
0
0
0
0
0
0
0.00392157
0.772549
0
0
0
0.0313726
0.827451
0.141176
0
0
0
0
0
0
0
0
0
0
0
0
0.00392157
0.709804
0
0
0
0
0.333333
0.533333
0
0
0
0
0
0
0
0
0
0
0
0
0.0117647
0.878431
0
0
0
0
0.278431
0.611765
0
0
0
0
0
0
0
0
0
0
0
0
0.00784314
0.898039
0.0196078
0
0
0
0.290196
0.623529
0
0
0
0
0
0
0
0
0
0
0
0
0
0.607843
0.431373
0
0
0
0.305882
0.603922
0
0
0
0
0
0
0
0
0
0
0
0
0
0.129412
0.866667
0.494118
0.196078
0.262745
0.807843
0.298039
0
0
0
0
0
0
0
0
0
0
0
0
0
0
0.109804
0.486275
0.752941
0.678431
0.211765
0
0
0
0
0
0
0
0
0
0
0
0
0
0
0
0
0
0
0
0
0
0
0
0
0
0
0
0
0
0
0
0
0
0
0
0
0
0
0
0
0
0
0
0
0
0
