0
0
0
0
0
0
0
0
0
0
0
0
0
0
0
0
0
0
0
0
0
0
0
0
0
0
0
0
0
0
0
0
0
0
0
0
0
0
0
0
0
0
0
0
0
0
0
0
0
0
0
0
0
0
0
0
0
0
0
0
0
0
0
0
0
0
0
0
0
0
0
0
0
0
0
0
0
0
0
0
0
0
0
0
0
0
0
0
0
0
0
0
0
0
0
0
0
0
0
0
0
0
0
0
0
0
0
0
0
0
0
0
0.0588235
0.333333
0.341176
0
0
0
0
0
0
0
0
0
0
0
0
0
0
0
0
0.439216
0.894118
0.603922
0.188235
0
0
0
0
0
0
0
0
0
0
0
0
0
0
0
0.239216
0.811765
0.0588235
0
0
0
0
0
0
0
0
0
0
0
0
0
0
0
0
0.027451
0.560784
0.133333
0
0
0
0
0
0
0
0
0
0
0
0
0
0
0
0
0
0.396078
0.552941
0
0
0
0
0
0
0
0
0
0
0
0
0
0
0
0
0
0.537255
0.952941
0.72549
0.647059
0.00392157
0
0
0
0
0
0
0
0
0
0
0
0
0
0
0
0.00784314
0.831373
0.294118
0.203922
0
0
0
0
0
0
0
0
0
0
0
0
0
0
0
0
0.0745098
0.886275
0.898039
0.341176
0
0
0
0
0
0
0
0
0
0
0
0
0
0
0
0
0
0.207843
0.788235
0.0117647
0
0
0
0
0
0
0
0
0
0
0
0
0
0
0
0
0
0
0.588235
0.564706
0
0
0
0
0
0
0
0
0
0
0
0
0
0
0
0
0
0
0.027451
0.678431
0.862745
0.266667
0
0
0
0
0
0
0
0
0
0
0
0
0
0
0
0
0
0
0.101961
0.0313726
0
0
0
0
0
0
0
0
0
0
0
0
0
0
0
0
0
0
0
0
0
0
0
0
0
0
0
0
0
0
0
0
0
0
0
0
0
0
0
0
0
0
0
0
0
0
0
0
0
0
0
0
0
0
0
0
0
0
0
0
0
0
0
0
0
0
