0
0
0
0
0
0
0
0
0
0
0
0
0
0
0
0
0
0
0
0
0
0
0
0
0
0
0
0
0
0
0
0
0
0
0
0
0
0
0
0
0
0
0
0
0
0
0
0
0
0
0
0
0
0
0
0
0
0
0
0
0
0
0
0
0
0
0
0
0
0
0
0
0
0
0
0
0
0
0
0
0
0
0
0
0
0
0
0
0
0
0
0
0
0
0
0
0
0
0
0
0
0
0
0
0
0
0
0
0
0
0
0
0
0
0
0
0
0
0
0
0
0
0
0
0
0
0
0
0
0
0
0
0
0
0
0
0
0
0
0
0
0
0
0
0
0
0
0
0
0
0.109804
0.466667
0.490196
0.0705882
0
0
0
0
0
0
0
0
0
0
0
0
0
0
0
0.0235294
0.823529
0.494118
0.423529
0.054902
0
0
0
0
0
0
0
0
0
0
0
0
0
0
0
0.388235
0.556863
0
0
0
0
0
0
0
0
0
0
0
0
0
0
0
0
0
0
0.698039
0.278431
0.0352941
0
0
0
0
0
0
0
0
0
0
0
0
0
0
0
0
0.0862745
0.980392
0.854902
0.454902
0
0
0
0
0
0
0
0
0
0
0
0
0
0
0
0
0.756863
0.972549
0.537255
0.509804
0
0
0
0
0
0
0
0
0
0
0
0
0
0
0
0
0.0313726
0.443137
0.952941
0.368627
0
0
0
0
0
0
0
0
0
0
0
0
0
0
0
0
0
0
0.219608
0.831373
0.427451
0.266667
0
0
0
0
0
0
0
0
0
0
0
0
0
0
0
0
0
0.0901961
0.556863
0.454902
0
0
0
0
0
0
0
0
0
0
0
0
0
0
0
0
0
0
0
0
0
0
0
0
0
0
0
0
0
0
0
0
0
0
0
0
0
0
0
0
0
0
0
0
0
0
0
0
0
0
0
0
0
0
0
0
0
0
0
0
0
0
0
0
0
0
0
0
0
0
0
0
0
0
0
0
0
0
0
0
0
0
0
0
0
0
