0
0
0
0
0
0
0
0
0
0
0
0
0
0
0
0
0
0
0
0
0
0
0
0
0
0
0
0
0
0
0
0
0
0
0
0
0
0
0
0
0
0
0
0
0
0
0
0
0
0
0
0
0
0
0
0
0
0
0
0
0
0
0
0
0
0
0
0
0
0
0
0
0
0
0
0
0
0
0
0
0
0
0
0
0
0
0
0
0
0
0
0
0
0
0
0
0
0
0
0
0
0
0
0
0
0
0
0
0
0
0
0
0
0
0
0
0
0
0
0
0
0
0
0
0
0
0
0
0
0
0
0.2
0.52549
0.537255
0.372549
0
0
0
0
0
0
0
0
0
0
0
0
0
0
0
0.180392
0.847059
0.4
0.337255
0.223529
0
0
0
0
0
0
0
0
0
0
0
0
0
0
0
0.788235
0.203922
0
0
0
0
0
0
0
0
0
0
0
0
0
0
0
0
0
0.113725
0.776471
0
0
0
0
0
0
0
0
0
0
0
0
0
0
0
0
0
0
0.407843
0.521569
0.0627451
0
0
0
0
0
0
0
0
0
0
0
0
0
0
0
0
0
0.596078
0.843137
0.72549
0
0
0
0
0
0
0
0
0
0
0
0
0
0
0
0
0
0.458824
0.686275
0.521569
0.0862745
0
0
0
0
0
0
0
0
0
0
0
0
0
0
0
0
0.235294
0.662745
0.411765
0.0392157
0
0
0
0
0
0
0
0
0
0
0
0
0
0
0
0
0.0784314
0.556863
0.0862745
0
0
0
0
0
0
0
0
0
0
0
0
0
0
0
0
0
0
0.2
0.627451
0.333333
0.0666667
0
0
0
0
0
0
0
0
0
0
0
0
0
0
0
0
0
0.188235
0.654902
0.462745
0
0
0
0
0
0
0
0
0
0
0
0
0
0
0
0
0
0
0
0
0
0
0
0
0
0
0
0
0
0
0
0
0
0
0
0
0
0
0
0
0
0
0
0
0
0
0
0
0
0
0
0
0
0
0
0
0
0
0
0
0
0
0
0
0
0
