0
0
0
0
0
0
0
0
0
0
0
0
0
0
0
0
0
0
0
0
0
0
0
0
0
0
0
0
0
0
0
0
0
0
0
0
0
0
0
0
0
0
0
0
0
0
0
0
0
0
0
0
0
0
0
0
0
0
0
0
0
0
0
0
0
0
0
0
0
0
0
0
0
0
0
0
0
0
0
0
0
0
0
0
0
0
0
0
0
0
0
0
0
0
0
0
0
0
0
0
0
0
0
0
0
0
0
0
0
0
0
0
0
0
0
0
0
0
0
0
0
0
0
0
0
0
0
0
0.639216
0.219608
0.00784314
0.00392157
0.027451
0.411765
0.890196
0.054902
0
0
0
0
0
0
0
0
0
0
0
0
0.321569
0.556863
0.811765
0.854902
0.886275
0.945098
0.607843
0
0
0
0
0
0
0
0
0
0
0
0
0
0
0
0
0
0.109804
0.847059
0.054902
0
0
0
0
0
0
0
0
0
0
0
0
0
0
0
0
0
0.709804
0.329412
0
0
0
0
0
0
0
0
0
0
0
0
0
0
0.0745098
0.764706
0.556863
0.572549
0.945098
0.266667
0
0
0
0
0
0
0
0
0
0
0
0
0
0
0
0.172549
0.392157
0.945098
0.388235
0.156863
0
0
0
0
0
0
0
0
0
0
0
0
0
0
0
0
0.458824
0.564706
0
0
0
0
0
0
0
0
0
0
0
0
0
0
0
0
0
0.0627451
0.886275
0.0941176
0
0
0
0
0
0
0
0
0
0
0
0
0
0
0
0
0
0.470588
0.545098
0
0
0
0
0
0
0
0
0
0
0
0
0
0
0
0
0
0
0.698039
0.419608
0
0
0
0
0
0
0
0
0
0
0
0
0
0
0
0
0
0
0.227451
0.741176
0.788235
0.0745098
0
0
0
0
0
0
0
0
0
0
0
0
0
0
0
0
0
0.00392157
0.211765
0.0117647
0
0
0
0
0
0
0
0
0
0
0
0
0
0
0
0
0
0
0
0
0
0
0
0
0
0
0
0
0
0
0
0
0
0
0
0
0
0
0
0
0
0
0
0
0
0
0
