0
0
0
0
0
0
0
0
0
0
0
0
0
0
0
0
0
0
0
0
0
0
0
0
0
0
0
0
0
0
0
0
0
0
0
0
0
0
0
0
0
0
0
0
0
0
0
0
0
0
0
0
0
0
0
0
0
0
0
0
0
0
0
0
0
0
0
0
0
0
0
0
0
0
0
0
0
0
0
0
0
0
0
0
0
0
0
0
0
0
0
0
0
0
0
0
0
0
0
0
0
0
0
0
0
0
0
0.0313726
0.576471
0.396078
0.333333
0.352941
0.278431
0
0
0
0
0
0
0
0
0
0
0
0
0
0
0.352941
0.741176
0.505882
0.533333
0.552941
0.937255
0.0196078
0
0
0
0
0
0
0
0
0
0
0
0
0
0.341176
0.403922
0
0
0
0.870588
0.00784314
0
0
0
0
0
0
0
0
0
0
0
0
0
0
0
0
0
0.0666667
0.854902
0
0
0
0
0
0
0
0
0
0
0
0
0
0
0
0
0
0
0.227451
0.603922
0
0
0
0
0
0
0
0
0
0
0
0
0
0
0
0
0
0.0627451
0.627451
0.537255
0.101961
0
0
0
0
0
0
0
0
0
0
0
0
0
0
0
0
0.811765
0.909804
0.631373
0.262745
0
0
0
0
0
0
0
0
0
0
0
0
0
0
0
0
0.129412
0.580392
0
0
0
0
0
0
0
0
0
0
0
0
0
0
0
0
0
0
0.368627
0.435294
0
0
0
0
0
0
0
0
0
0
0
0
0
0
0
0
0
0.00392157
0.835294
0.121569
0
0
0
0
0
0
0
0
0
0
0
0
0
0
0
0
0
0.196078
0.713726
0
0
0
0
0
0
0
0
0
0
0
0
0
0
0
0
0
0
0.372549
0.564706
0
0
0
0
0
0
0
0
0
0
0
0
0
0
0
0
0
0
0.419608
0.541176
0
0
0
0
0
0
0
0
0
0
0
0
0
0
0
0
0
0
0.0313726
0.0431373
0
0
0
0
0
0
0
0
0
0
0
0
0
0
0
0
0
0
0
0
0
0
0
0
0
0
0
0
0
