0
0
0
0
0
0
0
0
0
0
0
0
0
0
0
0
0
0
0
0
0
0
0
0
0
0
0
0
0
0
0
0
0
0
0
0
0
0
0
0
0
0
0
0
0
0
0
0
0
0
0
0
0
0
0
0
0
0
0
0
0
0
0
0
0
0
0
0
0
0
0
0
0
0
0
0
0
0
0
0
0
0
0
0
0
0
0
0
0
0
0
0
0
0
0
0
0
0
0
0
0
0
0
0
0
0
0
0
0
0
0
0
0
0
0
0
0
0
0
0
0
0
0
0
0
0
0
0
0
0.341176
0.447059
0.47451
0.223529
0
0
0
0
0
0
0
0
0
0
0
0
0
0
0
0
0.894118
0.396078
0.603922
0.662745
0
0
0
0
0
0
0
0
0
0
0
0
0
0
0
0
0.870588
0.0666667
0.396078
0.360784
0
0
0
0
0
0
0
0
0
0
0
0
0
0
0
0
0.231373
0.00784314
0.67451
0.196078
0
0
0
0
0
0
0
0
0
0
0
0
0
0
0
0
0
0
0.831373
0.0470588
0
0
0
0
0
0
0
0
0
0
0
0
0
0
0
0
0
0.0313726
0.862745
0
0
0
0
0
0
0
0
0
0
0
0
0
0
0
0
0
0
0.262745
0.631373
0
0
0
0
0
0
0
0
0
0
0
0
0
0
0
0
0
0
0.478431
0.180392
0
0
0
0
0
0
0
0
0
0
0
0
0
0
0
0
0
0.0431373
0.839216
0.0117647
0
0
0
0
0
0
0
0
0
0
0
0
0
0
0
0
0
0.32549
0.603922
0
0
0
0
0
0
0
0
0
0
0
0
0
0
0
0
0
0
0.607843
0.196078
0
0
0
0
0
0
0
0
0
0
0
0
0
0
0
0
0
0.0196078
0.894118
0.00392157
0
0
0
0
0
0
0
0
0
0
0
0
0
0
0
0
0
0
0.0352941
0
0
0
0
0
0
0
0
0
0
0
0
0
0
0
0
0
0
0
0
0
0
0
0
0
0
0
0
0
0
