0
0
0
0
0
0
0
0
0
0
0
0
0
0
0
0
0
0
0
0
0
0
0
0
0
0
0
0
0
0
0
0
0
0
0
0
0
0
0
0
0
0
0
0
0
0
0
0
0
0
0
0
0
0
0
0
0
0
0
0
0
0
0
0
0
0
0
0
0
0
0
0
0
0
0
0
0
0
0
0
0
0
0
0
0
0
0
0
0
0
0
0
0
0
0
0
0
0
0
0
0
0
0
0
0
0
0
0
0
0
0
0
0
0
0
0
0
0
0
0
0
0
0
0
0
0
0
0
0
0
0
0
0
0
0
0
0
0
0
0
0
0
0
0
0
0
0
0.262745
0.870588
0.611765
0.388235
0.545098
0.513726
0.490196
0.164706
0
0
0
0
0
0
0
0
0
0
0
0
0.580392
0.431373
0.286275
0.219608
0.345098
0.360784
0.721569
0.403922
0
0
0
0
0
0
0
0
0
0
0
0
0.392157
0.164706
0
0
0
0.0235294
0.603922
0.101961
0
0
0
0
0
0
0
0
0
0
0
0
0
0
0
0
0
0.231373
0.364706
0
0
0
0
0
0
0
0
0
0
0
0
0
0
0
0
0
0.0313726
0.835294
0.105882
0
0
0
0
0
0
0
0
0
0
0
0
0
0
0
0
0
0.333333
0.580392
0
0
0
0
0
0
0
0
0
0
0
0
0
0
0
0
0
0.00784314
0.776471
0.164706
0
0
0
0
0
0
0
0
0
0
0
0
0
0
0
0
0
0.341176
0.705882
0
0
0
0
0
0
0
0
0
0
0
0
0
0
0
0
0
0.0392157
0.87451
0.160784
0
0
0
0
0
0
0
0
0
0
0
0
0
0
0
0
0
0.0862745
0.537255
0
0
0
0
0
0
0
0
0
0
0
0
0
0
0
0
0
0
0
0
0
0
0
0
0
0
0
0
0
0
0
0
0
0
0
0
0
0
0
0
0
0
0
0
0
0
0
0
0
0
0
0
0
0
0
0
0
0
0
0
0
0
0
0
0
0
0
0
0
