0
0
0
0
0
0
0
0
0
0
0
0
0
0
0
0
0
0
0
0
0
0
0
0
0
0
0
0
0
0
0
0
0
0
0
0
0
0
0
0
0
0
0
0
0
0
0
0
0
0
0
0
0
0
0
0
0
0
0
0
0
0
0
0
0
0
0
0
0
0
0
0
0
0
0
0
0
0
0
0
0
0
0
0
0
0
0
0
0
0
0
0
0
0
0
0
0
0
0
0
0
0
0
0
0
0
0
0
0
0
0
0
0
0
0
0
0
0
0
0
0
0
0
0
0
0
0.631373
0.054902
0
0
0
0
0
0
0
0
0
0
0
0
0
0
0
0
0
0
0.894118
0.462745
0.196078
0.121569
0.286275
0.4
0.486275
0.392157
0
0
0
0
0
0
0
0
0
0
0
0
0.0941176
0.403922
0.352941
0.211765
0.345098
0.427451
0.627451
0.580392
0
0
0
0
0
0
0
0
0
0
0
0
0
0
0
0
0
0
0.756863
0.207843
0
0
0
0
0
0
0
0
0
0
0
0
0
0
0
0
0
0.129412
0.796078
0.00392157
0
0
0
0
0
0
0
0
0
0
0
0
0
0
0
0
0
0.137255
0.419608
0.301961
0.356863
0
0
0
0
0
0
0
0
0
0
0
0
0
0
0.0745098
0.901961
0.945098
0.741176
0.596078
0.333333
0
0
0
0
0
0
0
0
0
0
0
0
0
0
0
0.231373
0.207843
0
0
0
0
0
0
0
0
0
0
0
0
0
0
0
0
0
0
0.431373
0.105882
0
0
0
0
0
0
0
0
0
0
0
0
0
0
0
0
0
0.211765
0.752941
0
0
0
0
0
0
0
0
0
0
0
0
0
0
0
0
0
0
0.227451
0.270588
0
0
0
0
0
0
0
0
0
0
0
0
0
0
0
0
0
0
0
0
0
0
0
0
0
0
0
0
0
0
0
0
0
0
0
0
0
0
0
0
0
0
0
0
0
0
0
0
0
0
0
0
0
0
0
0
0
0
0
0
0
0
0
0
0
0
0
0
0
