0
0
0
0
0
0
0
0
0
0
0
0
0
0
0
0
0
0
0
0
0
0
0
0
0
0
0
0
0
0
0
0
0
0
0
0
0
0
0
0
0
0
0
0
0
0
0
0
0
0
0
0
0
0
0
0
0
0
0
0
0
0
0
0
0
0
0
0
0
0
0
0
0
0
0
0
0
0
0
0
0
0
0
0
0
0
0
0
0
0
0
0
0
0
0
0
0
0
0
0
0
0
0
0
0
0
0.0745098
0
0
0
0
0
0
0
0
0
0
0
0
0
0
0
0
0
0
0
0.831373
0.231373
0
0
0
0
0.0941176
0
0
0
0
0
0
0
0
0
0
0
0
0
0.211765
0.745098
0.819608
0.713726
0.627451
0.631373
0.945098
0.054902
0
0
0
0
0
0
0
0
0
0
0
0
0
0
0
0
0
0
0.803922
0.0705882
0
0
0
0
0
0
0
0
0
0
0
0
0
0
0
0
0
0
0.811765
0.00784314
0
0
0
0
0
0
0
0
0
0
0
0
0
0
0
0
0
0.0745098
0.701961
0
0
0
0
0
0
0
0
0
0
0
0
0
0
0
0
0
0
0.0588235
0.243137
0
0.0392157
0
0
0
0
0
0
0
0
0
0
0
0
0
0.0235294
0.431373
0.470588
0.858824
0.639216
0.866667
0.803922
0
0
0
0
0
0
0
0
0
0
0
0
0
0.0666667
0.52549
0.780392
0.560784
0.305882
0.0784314
0
0
0
0
0
0
0
0
0
0
0
0
0
0
0
0.270588
0.670588
0
0
0
0
0
0
0
0
0
0
0
0
0
0
0
0
0
0.0705882
0.870588
0.109804
0
0
0
0
0
0
0
0
0
0
0
0
0
0
0
0
0
0.643137
0.423529
0
0
0
0
0
0
0
0
0
0
0
0
0
0
0
0
0
0.00784314
0.501961
0.0117647
0
0
0
0
0
0
0
0
0
0
0
0
0
0
0
0
0
0
0
0
0
0
0
0
0
0
0
0
0
0
0
0
0
0
0
0
0
0
0
0
0
0
0
0
0
0
0
0
0
0
