0
0
0
0
0
0
0
0
0
0
0
0
0
0
0
0
0
0
0
0
0
0
0
0
0
0
0
0
0
0
0
0
0
0
0
0
0
0
0
0
0
0
0
0
0
0
0
0
0
0
0
0
0
0
0
0
0
0
0
0
0
0
0
0
0
0
0
0
0
0
0
0
0
0
0
0
0
0
0
0
0
0
0
0
0
0
0
0
0
0
0
0
0
0
0
0
0
0
0
0
0
0
0
0
0
0
0
0
0
0
0
0
0
0
0
0
0
0
0
0
0
0
0
0
0
0
0
0
0.00784314
0.0117647
0.0666667
0.0901961
0.2
0.227451
0.0392157
0
0
0
0
0
0
0
0
0
0
0
0
0
0.698039
0.878431
0.811765
0.741176
0.666667
0.862745
0.352941
0
0
0
0
0
0
0
0
0
0
0
0
0
0
0
0
0
0
0.635294
0.109804
0
0
0
0
0
0
0
0
0
0
0
0
0
0
0
0
0
0.286275
0.341176
0
0
0
0
0
0
0
0
0
0
0
0
0
0
0
0
0.0313726
0.0862745
0.658824
0.262745
0.0431373
0
0
0
0
0
0
0
0
0
0
0
0
0
0
0.137255
0.898039
0.913725
0.819608
0.752941
0.4
0
0
0
0
0
0
0
0
0
0
0
0
0
0
0.00392157
0.0745098
0.780392
0.105882
0
0
0
0
0
0
0
0
0
0
0
0
0
0
0
0
0
0.396078
0.533333
0
0
0
0
0
0
0
0
0
0
0
0
0
0
0
0
0
0.0313726
0.803922
0.0941176
0
0
0
0
0
0
0
0
0
0
0
0
0
0
0
0
0
0.372549
0.6
0
0
0
0
0
0
0
0
0
0
0
0
0
0
0
0
0
0
0.776471
0.145098
0
0
0
0
0
0
0
0
0
0
0
0
0
0
0
0
0
0
0.878431
0.0666667
0
0
0
0
0
0
0
0
0
0
0
0
0
0
0
0
0
0
0.298039
0
0
0
0
0
0
0
0
0
0
0
0
0
0
0
0
0
0
0
0
0
0
0
0
0
0
0
0
0
0
