0
0
0
0
0
0
0
0
0
0
0
0
0
0
0
0
0
0
0
0
0
0
0
0
0
0
0
0
0
0
0
0
0
0
0
0
0
0
0
0
0
0
0
0
0
0
0
0
0
0
0
0
0
0
0
0
0
0
0
0
0
0
0
0
0
0
0
0
0
0
0
0
0
0
0
0
0
0
0
0
0
0
0
0
0
0
0
0
0
0
0
0
0
0
0
0
0
0
0
0
0
0
0
0
0
0
0
0
0
0
0
0
0
0
0
0
0
0
0
0
0
0
0
0
0
0
0
0
0
0
0
0
0
0
0
0
0
0
0
0
0
0
0
0
0
0
0.298039
0.662745
0.396078
0.623529
0.690196
0.764706
0.780392
0.8
0.054902
0
0
0
0
0
0
0
0
0
0
0
0
0.00784314
0.027451
0.0352941
0.0352941
0.0470588
0.278431
0.776471
0.00392157
0
0
0
0
0
0
0
0
0
0
0
0
0
0
0
0
0.00392157
0.458824
0.0862745
0
0
0
0
0
0
0
0
0
0
0
0
0
0
0
0.321569
0.454902
0.47451
0.741176
0.160784
0
0
0
0
0
0
0
0
0
0
0
0
0
0
0
0.380392
0.529412
0.537255
0.419608
0.105882
0
0
0
0
0
0
0
0
0
0
0
0
0
0
0
0.00392157
0.337255
0.262745
0
0
0
0
0
0
0
0
0
0
0
0
0
0
0
0
0
0.364706
0.607843
0
0
0
0
0
0
0
0
0
0
0
0
0
0
0
0
0
0.0196078
0.858824
0.121569
0
0
0
0
0
0
0
0
0
0
0
0
0
0
0
0
0
0.294118
0.654902
0
0
0
0
0
0
0
0
0
0
0
0
0
0
0
0
0
0
0.00784314
0.027451
0
0
0
0
0
0
0
0
0
0
0
0
0
0
0
0
0
0
0
0
0
0
0
0
0
0
0
0
0
0
0
0
0
0
0
0
0
0
0
0
0
0
0
0
0
0
0
0
0
0
0
0
0
0
0
0
0
0
0
0
0
0
0
0
0
0
0
0
0
0
