0
0
0
0
0
0
0
0
0
0
0
0
0
0
0
0
0
0
0
0
0
0
0
0
0
0
0
0
0
0
0
0
0
0
0
0
0
0
0
0
0
0
0
0
0
0
0
0
0
0
0
0
0
0
0
0
0
0
0
0
0
0
0
0
0
0
0
0
0
0
0
0
0
0
0
0
0
0
0
0
0
0
0
0
0
0
0
0
0
0
0
0
0
0
0
0
0
0
0
0
0
0
0
0
0
0
0
0
0
0
0
0
0
0
0
0
0
0
0
0
0
0
0
0
0
0
0
0
0
0
0
0
0
0
0
0
0
0
0
0
0
0
0
0
0
0
0
0.0431373
0.862745
0.847059
0.772549
0.827451
0.788235
0.811765
0.152941
0
0
0
0
0
0
0
0
0
0
0
0
0
0.0392157
0.00784314
0.00392157
0.0392157
0.0627451
0.847059
0.0941176
0
0
0
0
0
0
0
0
0
0
0
0
0
0
0
0
0
0.368627
0.607843
0
0
0
0
0
0
0
0
0
0
0
0
0
0
0
0.0235294
0.470588
0.505882
0.862745
0.643137
0
0
0
0
0
0
0
0
0
0
0
0
0
0
0
0.0117647
0.403922
0.67451
0.588235
0.290196
0
0
0
0
0
0
0
0
0
0
0
0
0
0
0
0
0.0352941
0.835294
0.0901961
0
0
0
0
0
0
0
0
0
0
0
0
0
0
0
0
0
0.431373
0.521569
0
0
0
0
0
0
0
0
0
0
0
0
0
0
0
0
0
0.00392157
0.623529
0.113725
0
0
0
0
0
0
0
0
0
0
0
0
0
0
0
0
0
0.372549
0.572549
0
0
0
0
0
0
0
0
0
0
0
0
0
0
0
0
0
0
0.647059
0.180392
0
0
0
0
0
0
0
0
0
0
0
0
0
0
0
0
0
0
0
0
0
0
0
0
0
0
0
0
0
0
0
0
0
0
0
0
0
0
0
0
0
0
0
0
0
0
0
0
0
0
0
0
0
0
0
0
0
0
0
0
0
0
0
0
0
0
0
0
0
