0
0
0
0
0
0
0
0
0
0
0
0
0
0
0
0
0
0
0
0
0
0
0
0
0
0
0
0
0
0
0
0
0
0
0
0
0
0
0
0
0
0
0
0
0
0
0
0
0
0
0
0
0
0
0
0
0
0
0
0
0
0
0
0
0
0
0
0
0
0
0
0
0
0
0
0
0
0
0
0
0
0
0
0
0
0
0
0
0
0
0
0
0
0
0
0
0
0
0
0
0
0
0
0
0
0
0
0
0
0
0
0
0
0
0
0
0
0
0
0
0
0
0
0
0
0
0
0
0
0
0
0
0
0
0
0
0
0
0
0
0
0
0
0
0
0
0
0
0.341176
0.72549
0.72549
0.737255
0.745098
0.760784
0.223529
0
0
0
0
0
0
0
0
0
0
0
0
0
0.027451
0.113725
0.12549
0.137255
0.145098
0.568627
0.407843
0
0
0
0
0
0
0
0
0
0
0
0
0
0.0313726
0.0862745
0.0392157
0
0.0627451
0.839216
0.109804
0
0
0
0
0
0
0
0
0
0
0
0
0
0.494118
0.823529
0.898039
0.819608
0.796078
0.839216
0.352941
0
0
0
0
0
0
0
0
0
0
0
0
0
0
0
0
0.466667
0.690196
0.286275
0.145098
0
0
0
0
0
0
0
0
0
0
0
0
0
0
0
0.105882
0.807843
0.0705882
0
0
0
0
0
0
0
0
0
0
0
0
0
0
0
0
0
0.592157
0.380392
0
0
0
0
0
0
0
0
0
0
0
0
0
0
0
0
0
0.290196
0.733333
0.00392157
0
0
0
0
0
0
0
0
0
0
0
0
0
0
0
0
0
0.764706
0.211765
0
0
0
0
0
0
0
0
0
0
0
0
0
0
0
0
0
0
0.180392
0
0
0
0
0
0
0
0
0
0
0
0
0
0
0
0
0
0
0
0
0
0
0
0
0
0
0
0
0
0
0
0
0
0
0
0
0
0
0
0
0
0
0
0
0
0
0
0
0
0
0
0
0
0
0
0
0
0
0
0
0
0
0
0
0
0
0
0
0
0
