0
0
0
0
0
0
0
0
0
0
0
0
0
0
0
0
0
0
0
0
0
0
0
0
0
0
0
0
0
0
0
0
0
0
0
0
0
0
0
0
0
0
0
0
0
0
0
0
0
0
0
0
0
0
0
0
0
0
0
0
0
0
0
0
0
0
0
0
0
0
0
0
0
0
0
0
0
0
0
0
0
0
0
0
0
0
0
0
0
0
0
0
0
0
0
0
0
0
0
0
0
0
0
0
0
0
0
0
0
0
0
0
0
0
0
0
0
0
0
0
0
0
0
0
0
0
0
0.0627451
0.396078
0.529412
0.537255
0.533333
0.541176
0.67451
0.270588
0
0
0
0
0
0
0
0
0
0
0
0
0.164706
0.576471
0.372549
0.337255
0.333333
0.341176
0.666667
0.423529
0
0
0
0
0
0
0
0
0
0
0
0
0
0
0
0
0
0
0.541176
0.368627
0
0
0
0
0
0
0
0
0
0
0
0
0
0
0
0
0
0.0627451
0.819608
0.156863
0
0
0
0
0
0
0
0
0
0
0
0
0
0
0
0
0
0.529412
0.47451
0
0
0
0
0
0
0
0
0
0
0
0
0
0
0
0
0
0.266667
0.768627
0.0627451
0
0
0
0
0
0
0
0
0
0
0
0
0
0
0
0
0.0117647
0.827451
0.137255
0
0
0
0
0
0
0
0
0
0
0
0
0
0
0
0
0
0.278431
0.501961
0
0
0
0
0
0
0
0
0
0
0
0
0
0
0
0
0
0.0392157
0.831373
0.105882
0
0
0
0
0
0
0
0
0
0
0
0
0
0
0
0
0
0.509804
0.498039
0
0
0
0
0
0
0
0
0
0
0
0
0
0
0
0
0
0.129412
0.839216
0.0313726
0
0
0
0
0
0
0
0
0
0
0
0
0
0
0
0
0
0.552941
0.501961
0
0
0
0
0
0
0
0
0
0
0
0
0
0
0
0
0
0
0.505882
0.101961
0
0
0
0
0
0
0
0
0
0
0
0
0
0
0
0
0
0
0
0
0
0
0
0
0
0
0
0
0
0
