0
0
0
0
0
0
0
0
0
0
0
0
0
0
0
0
0
0
0
0
0
0
0
0
0
0
0
0
0
0
0
0
0
0
0
0
0
0
0
0
0
0
0
0
0
0
0
0
0
0
0
0
0
0
0
0
0
0
0
0
0
0
0
0
0
0
0
0
0
0
0
0
0
0
0
0
0
0
0
0
0
0
0
0
0
0
0
0
0
0
0
0
0
0
0
0
0
0
0
0
0
0
0
0
0
0
0
0
0
0
0
0
0
0
0
0
0
0
0
0
0
0
0
0
0
0
0
0
0
0
0
0
0
0
0
0
0
0
0
0
0
0
0
0
0
0
0
0
0
0
0
0.109804
0.407843
0.0784314
0
0
0
0
0
0
0
0
0
0
0
0
0
0
0
0.0431373
0.67451
0.827451
0.666667
0.203922
0
0
0
0
0
0
0
0
0
0
0
0
0
0
0
0.168627
0.835294
0.0392157
0
0
0
0
0
0
0
0
0
0
0
0
0
0
0
0
0
0
0.560784
0.568627
0
0
0
0
0
0
0
0
0
0
0
0
0
0
0
0
0
0
0
0.635294
0.333333
0
0
0
0
0
0
0
0
0
0
0
0
0
0
0
0
0
0
0.309804
0.607843
0
0
0
0
0
0
0
0
0
0
0
0
0
0
0.0117647
0.0745098
0.0352941
0.129412
0.807843
0.290196
0
0
0
0
0
0
0
0
0
0
0
0
0
0
0.286275
0.807843
0.635294
0.533333
0.0745098
0
0
0
0
0
0
0
0
0
0
0
0
0
0
0
0
0
0
0
0
0
0
0
0
0
0
0
0
0
0
0
0
0
0
0
0
0
0
0
0
0
0
0
0
0
0
0
0
0
0
0
0
0
0
0
0
0
0
0
0
0
0
0
0
0
0
0
0
0
0
0
0
0
0
0
0
0
0
0
0
0
0
0
0
0
0
0
0
0
0
0
0
0
0
0
0
0
0
0
0
0
0
0
0
0
0
0
0
