0
0
0
0
0
0
0
0
0
0
0
0
0
0
0
0
0
0
0
0
0
0
0
0
0
0
0
0
0
0
0
0
0
0
0
0
0
0
0
0
0
0
0
0
0
0
0
0
0
0
0
0
0
0
0
0
0
0
0
0
0
0
0
0
0
0
0
0
0
0
0
0
0
0
0
0
0
0
0
0
0
0
0
0
0
0
0
0
0
0
0
0
0
0
0
0
0
0
0
0
0
0
0
0
0
0
0
0
0
0
0
0
0
0
0
0
0
0
0
0
0
0
0
0
0
0
0
0
0
0
0
0
0
0
0
0
0
0
0
0
0
0
0
0
0
0
0
0
0
0
0.262745
0.580392
0.611765
0.572549
0.270588
0
0
0
0
0
0
0
0
0
0
0
0
0
0
0.443137
0.705882
0.313726
0.278431
0.321569
0.745098
0.00392157
0
0
0
0
0
0
0
0
0
0
0
0
0
0.698039
0.337255
0
0
0
0
0
0
0
0
0
0
0
0
0
0
0
0
0
0
0.145098
0.866667
0.121569
0
0
0
0
0
0
0
0
0
0
0
0
0
0
0
0
0
0
0.176471
0.607843
0.0117647
0
0
0
0
0
0
0
0
0
0
0
0
0
0
0
0
0
0
0.588235
0.376471
0
0
0
0
0
0
0
0
0
0
0
0
0
0
0
0.105882
0.356863
0.368627
0.847059
0.286275
0
0
0
0
0
0
0
0
0
0
0
0
0
0
0
0.192157
0.556863
0.462745
0.192157
0
0
0
0
0
0
0
0
0
0
0
0
0
0
0
0
0
0
0
0
0
0
0
0
0
0
0
0
0
0
0
0
0
0
0
0
0
0
0
0
0
0
0
0
0
0
0
0
0
0
0
0
0
0
0
0
0
0
0
0
0
0
0
0
0
0
0
0
0
0
0
0
0
0
0
0
0
0
0
0
0
0
0
0
0
0
0
0
0
0
0
0
0
0
0
0
0
0
0
0
0
0
0
0
0
0
0
0
