0
0
0
0
0
0
0
0
0
0
0
0
0
0
0
0
0
0
0
0
0
0
0
0
0
0
0
0
0
0
0
0
0
0
0
0
0
0
0
0
0
0
0
0
0
0
0
0
0
0
0
0
0
0
0
0
0
0
0
0
0
0
0
0
0
0
0
0
0
0
0
0
0
0
0
0
0
0
0
0
0
0
0
0
0
0
0
0
0
0
0
0
0
0
0
0
0
0
0
0
0
0
0
0
0
0
0
0
0
0
0
0
0
0
0
0
0
0
0
0
0
0
0
0
0
0
0
0
0
0
0
0
0
0
0
0
0
0
0
0
0
0
0
0
0
0
0
0
0
0.0235294
0.247059
0.47451
0.556863
0.345098
0
0
0
0
0
0
0
0
0
0
0
0
0
0
0
0.67451
0.698039
0.341176
0.356863
0.207843
0
0
0
0
0
0
0
0
0
0
0
0
0
0
0
0.337255
0.611765
0.12549
0
0
0
0
0
0
0
0
0
0
0
0
0
0
0
0
0
0
0.0352941
0.839216
0.392157
0
0
0
0
0
0
0
0
0
0
0
0
0
0
0
0
0
0
0.0666667
0.866667
0.145098
0
0
0
0
0
0
0
0
0
0
0
0
0
0
0
0
0.027451
0.270588
0.878431
0.133333
0
0
0
0
0
0
0
0
0
0
0
0
0
0
0.0980392
0.733333
0.886275
0.654902
0.301961
0
0
0
0
0
0
0
0
0
0
0
0
0
0
0
0.027451
0.223529
0.0117647
0
0
0
0
0
0
0
0
0
0
0
0
0
0
0
0
0
0
0
0
0
0
0
0
0
0
0
0
0
0
0
0
0
0
0
0
0
0
0
0
0
0
0
0
0
0
0
0
0
0
0
0
0
0
0
0
0
0
0
0
0
0
0
0
0
0
0
0
0
0
0
0
0
0
0
0
0
0
0
0
0
0
0
0
0
0
0
0
0
0
0
0
0
0
0
0
0
0
0
0
0
0
0
0
0
0
0
0
0
