0
0
0
0
0
0
0
0
0
0
0
0
0
0
0
0
0
0
0
0
0
0
0
0
0
0
0
0
0
0
0
0
0
0
0
0
0
0
0
0
0
0
0
0
0
0
0
0
0
0
0
0
0
0
0
0
0
0
0
0
0
0
0
0
0
0
0
0
0
0
0
0
0
0
0
0
0
0
0
0
0
0
0
0
0
0
0
0
0
0
0
0
0
0
0
0
0
0
0
0
0
0
0
0
0
0
0
0
0
0
0
0
0
0
0
0
0
0
0
0
0
0
0
0
0
0
0
0
0
0.0627451
0.513726
0.694118
0.741176
0.352941
0
0
0
0
0
0
0
0
0
0
0
0
0
0
0
0.266667
0.713726
0.160784
0.176471
0.733333
0.458824
0
0
0
0
0
0
0
0
0
0
0
0
0
0
0.219608
0.552941
0
0
0.0901961
0.92549
0
0
0
0
0
0
0
0
0
0
0
0
0
0
0.203922
0.521569
0.0117647
0.462745
0.862745
0.458824
0
0
0
0
0
0
0
0
0
0
0
0
0
0
0.243137
0.690196
0.658824
0.4
0.0862745
0
0
0
0
0
0
0
0
0
0
0
0
0
0
0
0.266667
0.886275
0.301961
0
0
0
0
0
0
0
0
0
0
0
0
0
0
0
0
0
0.0627451
0.694118
0
0
0
0
0
0
0
0
0
0
0
0
0
0
0
0
0
0
0
0.486275
0
0
0
0
0
0
0
0
0
0
0
0
0
0
0
0
0
0
0
0.6
0.00392157
0
0
0
0
0
0
0
0
0
0
0
0
0
0
0
0
0
0
0.733333
0.0392157
0
0
0
0
0
0
0
0
0
0
0
0
0
0
0
0
0
0
0.607843
0.329412
0
0
0
0
0
0
0
0
0
0
0
0
0
0
0
0
0
0
0.0431373
0.0313726
0
0
0
0
0
0
0
0
0
0
0
0
0
0
0
0
0
0
0
0
0
0
0
0
0
0
0
0
0
0
0
0
0
0
0
0
0
0
0
0
0
0
0
0
0
0
0
0
