0
0
0
0
0
0
0
0
0
0
0
0
0
0
0
0
0
0
0
0
0
0
0
0
0
0
0
0
0
0
0
0
0
0
0
0
0
0
0
0
0
0
0
0
0
0
0
0
0
0
0
0
0
0
0
0
0
0
0
0
0
0
0
0
0
0
0
0
0
0
0
0
0
0
0
0
0
0
0
0
0
0
0
0
0
0
0
0
0
0
0
0
0
0
0
0
0
0
0
0
0
0
0
0
0
0
0
0
0
0
0
0
0
0
0
0
0
0
0
0
0
0
0
0
0
0
0.00392157
0.588235
0.356863
0.286275
0.258824
0.235294
0.105882
0
0
0
0
0
0
0
0
0
0
0
0
0
0
0.360784
0.533333
0.568627
0.592157
0.635294
0.937255
0.0196078
0
0
0
0
0
0
0
0
0
0
0
0
0
0
0
0
0
0
0.878431
0.00784314
0
0
0
0
0
0
0
0
0
0
0
0
0
0
0
0
0
0.0627451
0.862745
0
0
0
0
0
0
0
0
0
0
0
0
0
0
0
0
0
0
0.219608
0.639216
0
0
0
0
0
0
0
0
0
0
0
0
0
0
0
0
0.0627451
0.458824
0.780392
0.866667
0.623529
0
0
0
0
0
0
0
0
0
0
0
0
0
0
0
0.121569
0.458824
0.564706
0.345098
0.105882
0
0
0
0
0
0
0
0
0
0
0
0
0
0
0
0
0
0.552941
0.109804
0
0
0
0
0
0
0
0
0
0
0
0
0
0
0
0
0
0
0.572549
0
0
0
0
0
0
0
0
0
0
0
0
0
0
0
0
0
0
0.196078
0.662745
0
0
0
0
0
0
0
0
0
0
0
0
0
0
0
0
0
0
0.294118
0.509804
0
0
0
0
0
0
0
0
0
0
0
0
0
0
0
0
0
0
0.360784
0.560784
0
0
0
0
0
0
0
0
0
0
0
0
0
0
0
0
0
0
0.105882
0.192157
0
0
0
0
0
0
0
0
0
0
0
0
0
0
0
0
0
0
0
0
0
0
0
0
0
0
0
0
