0
0
0
0
0
0
0
0
0
0
0
0
0
0
0
0
0
0
0
0
0
0
0
0
0
0
0
0
0
0
0
0
0
0
0
0
0
0
0
0
0
0
0
0
0
0
0
0
0
0
0
0
0
0
0
0
0
0
0
0
0
0
0
0
0
0
0
0
0
0
0
0
0
0
0
0
0
0
0
0
0
0
0
0
0
0
0
0
0
0
0
0
0
0
0
0
0
0
0
0
0
0
0
0
0
0
0
0
0
0
0
0
0
0
0
0
0
0
0
0
0
0
0
0
0
0
0
0
0
0
0
0
0
0
0
0
0
0
0
0
0
0
0
0
0
0
0
0
0.0901961
0.509804
0.372549
0.329412
0.027451
0
0
0
0
0
0
0
0
0
0
0
0
0
0
0
0.235294
0.823529
0.47451
0.854902
0.207843
0
0
0
0
0
0
0
0
0
0
0
0
0
0
0
0.203922
0.670588
0
0.662745
0.196078
0
0
0
0
0
0
0
0
0
0
0
0
0
0
0
0
0.0901961
0.407843
0.803922
0.764706
0.266667
0
0
0
0
0
0
0
0
0
0
0
0
0
0
0
0.156863
0.498039
0.835294
0.462745
0.0313726
0
0
0
0
0
0
0
0
0
0
0
0
0
0
0
0
0
0.690196
0.223529
0
0
0
0
0
0
0
0
0
0
0
0
0
0
0
0
0
0
0.627451
0.286275
0
0
0
0
0
0
0
0
0
0
0
0
0
0
0
0
0
0
0.623529
0.290196
0
0
0
0
0
0
0
0
0
0
0
0
0
0
0
0
0
0
0.396078
0.168627
0
0
0
0
0
0
0
0
0
0
0
0
0
0
0
0
0
0
0
0
0
0
0
0
0
0
0
0
0
0
0
0
0
0
0
0
0
0
0
0
0
0
0
0
0
0
0
0
0
0
0
0
0
0
0
0
0
0
0
0
0
0
0
0
0
0
0
0
0
0
0
0
0
0
0
0
0
0
0
0
0
0
0
0
0
0
0
