0
0
0
0
0
0
0
0
0
0
0
0
0
0
0
0
0
0
0
0
0
0
0
0
0
0
0
0
0
0
0
0
0
0
0
0
0
0
0
0
0
0
0
0
0
0
0
0
0
0
0
0
0
0
0
0
0
0
0
0
0
0
0
0
0
0
0
0
0
0
0
0
0
0
0
0
0
0
0
0
0
0
0
0
0
0
0
0
0
0
0
0
0
0
0
0
0
0
0
0
0
0
0
0
0
0
0
0
0
0
0
0
0
0
0
0
0
0
0
0
0
0
0
0
0
0
0.231373
0.439216
0.396078
0.360784
0.423529
0.396078
0.462745
0.101961
0
0
0
0
0
0
0
0
0
0
0
0
0.345098
0.8
0.462745
0.427451
0.490196
0.462745
0.8
0.290196
0
0
0
0
0
0
0
0
0
0
0
0
0.290196
0.623529
0
0
0
0
0.588235
0.254902
0
0
0
0
0
0
0
0
0
0
0
0
0.196078
0.552941
0
0
0
0
0.572549
0.239216
0
0
0
0
0
0
0
0
0
0
0
0
0
0
0
0
0
0
0.603922
0.270588
0
0
0
0
0
0
0
0
0
0
0
0
0
0
0
0
0
0.105882
0.631373
0.509804
0.247059
0
0
0
0
0
0
0
0
0
0
0
0
0
0
0
0
0.662745
0.937255
0.670588
0.321569
0
0
0
0
0
0
0
0
0
0
0
0
0
0
0
0
0
0.290196
0.0196078
0
0
0
0
0
0
0
0
0
0
0
0
0
0
0
0
0
0
0.67451
0.0941176
0
0
0
0
0
0
0
0
0
0
0
0
0
0
0
0
0
0
0.733333
0.133333
0
0
0
0
0
0
0
0
0
0
0
0
0
0
0
0
0
0
0.733333
0.133333
0
0
0
0
0
0
0
0
0
0
0
0
0
0
0
0
0
0
0.729412
0.129412
0
0
0
0
0
0
0
0
0
0
0
0
0
0
0
0
0
0
0.760784
0.160784
0
0
0
0
0
0
0
0
0
0
0
0
0
0
0
0
0
0
0.513726
0.0784314
0
0
0
0
0
0
