0
0
0
0
0
0
0
0
0
0
0
0
0
0
0
0
0
0
0
0
0
0
0
0
0
0
0
0
0
0
0
0
0
0
0
0
0
0
0
0
0
0
0
0
0
0
0
0
0
0
0
0
0
0
0
0
0
0
0
0
0
0
0
0
0
0
0
0
0
0
0
0
0
0
0
0
0
0
0
0
0
0
0
0
0
0
0
0
0
0
0
0
0
0
0
0
0
0
0
0
0
0
0
0
0
0
0
0
0
0
0
0
0
0
0
0
0
0
0
0
0
0
0
0
0
0
0
0
0
0
0
0
0
0
0
0
0
0
0
0
0
0
0
0
0
0
0
0
0
0
0
0
0
0
0
0
0
0
0
0
0
0
0
0
0
0
0
0
0.0901961
0.909804
0.886275
0.898039
0.572549
0.00392157
0
0
0
0
0
0
0
0
0
0
0
0
0
0
0
0.00392157
0
0.0588235
0.92549
0.00392157
0
0
0
0
0
0
0
0
0
0
0
0
0
0
0
0.00392157
0.152941
0.572549
0.52549
0
0
0
0
0
0
0
0
0
0
0
0
0
0
0
0
0.121569
0.905882
0.878431
0.168627
0
0
0
0
0
0
0
0
0
0
0
0
0
0
0
0
0.0941176
0.847059
0.0941176
0
0
0
0
0
0
0
0
0
0
0
0
0
0
0
0
0.00392157
0.709804
0.372549
0
0
0
0
0
0
0
0
0
0
0
0
0
0
0
0
0
0.0313726
0.490196
0
0
0
0
0
0
0
0
0
0
0
0
0
0
0
0
0
0
0
0
0
0
0
0
0
0
0
0
0
0
0
0
0
0
0
0
0
0
0
0
0
0
0
0
0
0
0
0
0
0
0
0
0
0
0
0
0
0
0
0
0
0
0
0
0
0
0
0
0
0
0
0
0
0
0
0
0
0
0
0
0
0
0
0
0
0
0
0
0
0
0
0
0
0
0
0
0
0
0
0
0
0
0
0
0
0
0
0
0
0
