0
0
0
0
0
0
0
0
0
0
0
0
0
0
0
0
0
0
0
0
0
0
0
0
0
0
0
0
0
0
0
0
0
0
0
0
0
0
0
0
0
0
0
0
0
0
0
0
0
0
0
0
0
0
0
0
0
0
0
0
0
0
0
0
0
0
0
0
0
0
0
0
0
0
0
0
0
0
0
0
0
0
0
0
0
0
0
0
0
0
0
0
0
0
0
0
0
0
0
0
0
0
0
0
0
0
0
0
0
0
0.0431373
0.160784
0
0
0
0
0
0
0
0
0
0
0
0
0
0
0
0
0
0
0.286275
0.635294
0
0
0
0
0
0
0
0
0
0
0
0
0
0
0
0
0
0
0.294118
0.494118
0
0
0
0
0
0
0
0
0
0
0
0
0
0
0
0
0
0
0.329412
0.396078
0
0
0
0
0
0
0
0
0
0
0
0
0
0
0
0
0
0
0.403922
0.470588
0
0
0
0
0
0
0
0
0
0
0
0
0
0
0
0
0
0
0.392157
0.458824
0
0
0
0
0
0
0
0
0
0
0
0
0
0
0
0
0
0
0.411765
0.478431
0
0
0
0
0
0
0
0
0
0
0
0
0
0
0
0
0
0
0.380392
0.447059
0
0
0
0
0
0
0
0
0
0
0
0
0
0
0
0
0.0862745
0.172549
0.439216
0.478431
0
0
0
0
0
0
0
0
0
0
0
0
0
0
0
0
0.188235
0.890196
0.901961
0.247059
0
0
0
0
0
0
0
0
0
0
0
0
0
0
0
0
0
0.12549
0.156863
0
0
0
0
0
0
0
0
0
0
0
0
0
0
0
0
0
0
0
0
0
0
0
0
0
0
0
0
0
0
0
0
0
0
0
0
0
0
0
0
0
0
0
0
0
0
0
0
0
0
0
0
0
0
0
0
0
0
0
0
0
0
0
0
0
0
0
0
0
0
0
0
0
0
0
0
0
0
0
0
0
0
0
0
0
0
0
0
0
