0
0
0
0
0
0
0
0
0
0
0
0
0
0
0
0
0
0
0
0
0
0
0
0
0
0
0
0
0
0
0
0
0
0
0
0
0
0
0
0
0
0
0
0
0
0
0
0
0
0
0
0
0
0
0
0
0
0
0
0
0
0
0
0
0
0
0
0
0
0
0
0
0
0
0
0
0
0
0
0
0
0
0
0
0
0
0
0
0
0
0
0
0
0
0
0
0
0
0
0
0
0
0
0
0
0
0
0
0
0
0
0
0
0
0
0
0
0
0
0
0
0
0
0
0
0
0
0
0
0
0.00392157
0.00784314
0.00392157
0
0
0
0
0
0
0
0
0
0
0
0
0
0
0
0
0.403922
0.921569
0.823529
0.905882
0.12549
0
0
0
0
0
0
0
0
0
0
0
0
0
0
0.0196078
0.886275
0.0588235
0
0.0117647
0
0
0
0
0
0
0
0
0
0
0
0
0
0
0
0.0117647
0.905882
0.133333
0.00392157
0
0
0
0
0
0
0
0
0
0
0
0
0
0
0
0
0
0.627451
0.733333
0.196078
0.705882
0.0941176
0
0
0
0
0
0
0
0
0
0
0
0
0
0
0
0
0
0
0.470588
0.533333
0
0
0
0
0
0
0
0
0
0
0
0
0
0
0
0
0
0
0.286275
0.619608
0
0
0
0
0
0
0
0
0
0
0
0
0
0
0
0
0
0
0.529412
0.360784
0
0
0
0
0
0
0
0
0
0
0
0
0
0
0
0.105882
0.152941
0.529412
0.745098
0
0
0
0
0
0
0
0
0
0
0
0
0
0
0
0.364706
0.827451
0.745098
0.498039
0.0431373
0
0
0
0
0
0
0
0
0
0
0
0
0
0
0
0
0
0
0
0
0
0
0
0
0
0
0
0
0
0
0
0
0
0
0
0
0
0
0
0
0
0
0
0
0
0
0
0
0
0
0
0
0
0
0
0
0
0
0
0
0
0
0
0
0
0
0
0
0
0
0
0
0
0
0
0
0
0
0
0
0
0
0
0
0
0
0
