0
0
0
0
0
0
0
0
0
0
0
0
0
0
0
0
0
0
0
0
0
0
0
0
0
0
0
0
0
0
0
0
0
0
0
0
0
0
0
0
0
0
0
0
0
0
0
0
0
0
0
0
0
0
0
0
0
0
0
0
0
0
0
0
0
0
0
0
0
0
0
0
0
0
0
0
0
0
0
0
0
0
0
0
0
0
0
0
0
0
0
0
0
0
0
0
0
0
0
0
0
0
0
0
0
0
0
0
0
0
0
0
0
0
0
0
0
0
0
0
0
0
0
0
0
0
0
0
0
0
0.32549
0.545098
0.486275
0.423529
0.0235294
0
0
0
0
0
0
0
0
0
0
0
0
0
0
0.329412
0.796078
0.360784
0.411765
0.533333
0.0666667
0
0
0
0
0
0
0
0
0
0
0
0
0
0
0.768627
0.164706
0
0
0
0
0
0
0
0
0
0
0
0
0
0
0
0
0
0.137255
0.823529
0
0
0
0
0
0
0
0
0
0
0
0
0
0
0
0
0
0
0.207843
0.843137
0.27451
0.0313726
0
0
0
0
0
0
0
0
0
0
0
0
0
0
0
0
0
0.254902
0.611765
0.737255
0.0117647
0
0
0
0
0
0
0
0
0
0
0
0
0
0
0
0
0
0
0.6
0.380392
0
0
0
0
0
0
0
0
0
0
0
0
0
0
0
0
0
0
0.176471
0.733333
0
0
0
0
0
0
0
0
0
0
0
0
0
0
0.0666667
0.109804
0.0784314
0.0745098
0.431373
0.729412
0
0
0
0
0
0
0
0
0
0
0
0
0
0
0.772549
0.792157
0.670588
0.513726
0.513726
0.0745098
0
0
0
0
0
0
0
0
0
0
0
0
0
0
0
0
0
0
0
0
0
0
0
0
0
0
0
0
0
0
0
0
0
0
0
0
0
0
0
0
0
0
0
0
0
0
0
0
0
0
0
0
0
0
0
0
0
0
0
0
0
0
0
0
0
0
0
0
0
0
0
0
0
0
0
0
0
0
0
0
0
0
0
0
0
0
0
