0
0
0
0
0
0
0
0
0
0
0
0
0
0
0
0
0
0
0
0
0
0
0
0
0
0
0
0
0
0
0
0
0
0
0
0
0
0
0
0
0
0
0
0
0
0
0
0
0
0
0
0
0
0
0
0
0
0
0
0
0
0
0
0
0
0
0
0
0
0
0
0
0
0
0
0
0
0
0
0
0
0
0
0
0
0
0
0
0
0
0
0
0
0
0
0
0
0
0
0
0
0
0
0
0
0
0
0
0
0
0
0
0
0
0
0
0
0
0
0
0
0
0
0
0
0
0
0
0
0
0.121569
0.87451
0.901961
0.87451
0.847059
0.00392157
0
0
0
0
0
0
0
0
0
0
0
0
0
0
0.356863
0.572549
0
0
0
0
0
0
0
0
0
0
0
0
0
0
0
0
0
0
0.427451
0.494118
0
0
0
0
0
0
0
0
0
0
0
0
0
0
0
0
0
0
0.32549
0.639216
0
0
0
0
0
0
0
0
0
0
0
0
0
0
0
0
0
0
0.0117647
0.819608
0.376471
0
0
0
0
0
0
0
0
0
0
0
0
0
0
0
0
0
0
0.0941176
0.854902
0.239216
0
0
0
0
0
0
0
0
0
0
0
0
0
0
0
0.00392157
0.00392157
0.00784314
0.490196
0.490196
0
0
0
0
0
0
0
0
0
0
0
0
0
0.776471
0.878431
0.886275
0.764706
0.796078
0.831373
0.196078
0
0
0
0
0
0
0
0
0
0
0
0
0
0.0784314
0.0117647
0.00392157
0
0
0
0
0
0
0
0
0
0
0
0
0
0
0
0
0
0
0
0
0
0
0
0
0
0
0
0
0
0
0
0
0
0
0
0
0
0
0
0
0
0
0
0
0
0
0
0
0
0
0
0
0
0
0
0
0
0
0
0
0
0
0
0
0
0
0
0
0
0
0
0
0
0
0
0
0
0
0
0
0
0
0
0
0
0
0
0
0
0
0
0
0
0
0
0
0
0
0
0
0
0
0
0
0
0
0
0
0
0
