0
0
0
0
0
0
0
0
0
0
0
0
0
0
0
0
0
0
0
0
0
0
0
0
0
0
0
0
0
0
0
0
0
0
0
0
0
0
0
0
0
0
0
0
0
0
0
0
0
0
0
0
0
0
0
0
0
0
0
0
0
0
0
0
0
0
0
0
0
0
0
0
0
0
0
0
0
0
0
0
0
0
0
0
0
0
0
0
0
0.141176
0.160784
0.12549
0.0784314
0
0
0
0
0
0
0
0
0
0
0
0
0
0
0
0.054902
0.921569
0.627451
0.537255
0.737255
0.611765
0
0
0
0
0
0
0
0
0
0
0
0
0
0
0.211765
0.623529
0
0
0
0.00784314
0
0
0
0
0
0
0
0
0
0
0
0
0
0
0.180392
0.478431
0
0
0
0
0
0
0
0
0
0
0
0
0
0
0
0
0
0
0.270588
0.705882
0.505882
0.756863
0.443137
0
0
0
0
0
0
0
0
0
0
0
0
0
0
0
0.258824
0.898039
0.329412
0.176471
0.733333
0.368627
0
0
0
0
0
0
0
0
0
0
0
0
0
0
0
0.00784314
0
0
0.133333
0.67451
0
0
0
0
0
0
0
0
0
0
0
0
0
0
0
0
0
0
0.0352941
0.764706
0
0
0
0
0
0
0
0
0
0
0
0
0
0
0
0
0
0
0.0117647
0.862745
0
0
0
0
0
0
0
0
0
0
0
0
0
0
0
0
0
0
0.2
0.741176
0
0
0
0
0
0
0
0
0
0
0
0
0
0
0
0
0
0.227451
0.862745
0.211765
0
0
0
0
0
0
0
0
0
0
0
0
0
0
0
0.0470588
0.631373
0.772549
0.172549
0
0
0
0
0
0
0
0
0
0
0
0
0
0
0.0627451
0.537255
0.870588
0.458824
0
0
0
0
0
0
0
0
0
0
0
0
0
0
0
0
0.121569
0.454902
0.0588235
0
0
0
0
0
0
0
0
0
0
0
0
0
0
0
0
0
0
0
0
0
0
0
0
0
0
0
0
0
0
0
0
0
0
0
0
0
0
0
0
0
0
0
0
0
0
0
0
0
0
