0
0
0
0
0
0
0
0
0
0
0
0
0
0
0
0
0
0
0
0
0
0
0
0
0
0
0
0
0
0
0
0
0
0
0
0
0
0
0
0
0
0
0
0
0
0
0
0
0
0
0
0
0
0
0
0
0
0
0
0
0
0
0
0
0
0
0
0
0
0
0
0
0
0
0
0
0
0
0
0
0
0
0
0
0
0
0
0.0431373
0.0196078
0.00784314
0.00392157
0.00392157
0.00392157
0
0
0
0
0
0
0
0
0
0
0
0
0
0.0470588
0.964706
0.886275
0.858824
0.764706
0.709804
0.772549
0.733333
0.796078
0.454902
0
0
0
0
0
0
0
0
0
0
0.101961
0.756863
0
0
0
0
0
0.0352941
0.0627451
0.0352941
0
0
0
0
0
0
0
0
0
0
0.113725
0.678431
0
0
0
0
0
0
0
0
0
0
0
0
0
0
0
0
0
0
0.203922
0.670588
0
0
0
0
0
0
0
0
0
0
0
0
0
0
0
0
0
0
0.207843
0.67451
0
0.00784314
0.0117647
0.00784314
0
0
0
0
0
0
0
0
0
0
0
0
0
0
0.27451
0.92549
0.811765
0.847059
0.878431
0.905882
0.560784
0.0431373
0
0
0
0
0
0
0
0
0
0
0
0
0.0862745
0.243137
0.0470588
0
0
0.0235294
0.537255
0.639216
0
0
0
0
0
0
0
0
0
0
0
0
0
0
0
0
0
0
0.00392157
0.776471
0.0941176
0
0
0
0
0
0
0
0
0
0
0
0
0
0
0
0
0
0
0.678431
0.211765
0
0
0
0
0
0
0
0
0
0
0
0
0
0
0
0
0
0
0.705882
0.219608
0
0
0
0
0
0
0
0
0
0
0
0
0
0
0
0
0
0.262745
0.811765
0.0392157
0
0
0
0
0
0
0
0
0
0
0
0
0
0
0
0
0.254902
0.878431
0.164706
0
0
0
0
0
0
0
0
0
0
0
0
0
0
0.0470588
0.352941
0.607843
0.658824
0.121569
0
0
0
0
0
0
0
0
0
0
0
0
0
0
0.0352941
0.870588
0.494118
0.298039
0
0
0
0
0
0
0
0
0
0
0
0
0
0
0
0
0
0
0
0
0
0
0
0
0
0
0
0
0
