0
0
0
0
0
0
0
0
0
0
0
0
0
0
0
0
0
0
0
0
0
0
0
0
0
0
0
0
0
0
0
0
0
0
0
0
0
0
0
0
0
0
0
0
0
0
0
0
0
0
0
0
0
0
0
0
0
0
0
0
0
0
0
0
0
0
0
0
0
0
0
0
0
0
0
0
0
0
0
0
0
0
0
0
0
0
0
0
0.027451
0.0392157
0.0627451
0.0745098
0.00392157
0.0705882
0.0745098
0.0352941
0
0
0
0
0
0
0
0
0
0
0
0.52549
0.894118
0.564706
0.419608
0.588235
0.121569
0.501961
0.627451
0.839216
0.529412
0
0
0
0
0
0
0
0
0
0
0.611765
0.137255
0
0
0
0
0
0
0.0117647
0.129412
0
0
0
0
0
0
0
0
0
0
0.745098
0.145098
0
0
0
0
0
0
0
0
0
0
0
0
0
0
0
0
0
0
0.745098
0.145098
0
0
0
0
0
0
0
0
0
0
0
0
0
0
0
0
0
0
0.701961
0.113725
0.101961
0.337255
0.345098
0.141176
0
0
0
0
0
0
0
0
0
0
0
0
0
0
0.764706
0.788235
0.501961
0.537255
0.556863
0.854902
0.380392
0
0
0
0
0
0
0
0
0
0
0
0
0
0.266667
0.0588235
0
0
0
0.0666667
0.807843
0.188235
0
0
0
0
0
0
0
0
0
0
0
0
0
0
0
0
0
0
0.180392
0.478431
0
0
0
0
0
0
0
0
0
0
0
0
0
0
0
0
0
0
0.0352941
0.796078
0
0
0
0
0
0
0
0
0
0
0
0
0
0
0
0
0
0
0.00784314
0.87451
0
0
0
0
0
0
0
0
0
0
0
0
0
0
0
0
0
0
0.0941176
0.8
0
0
0
0
0
0
0
0
0
0
0
0
0
0
0
0
0
0.0901961
0.752941
0.352941
0
0
0
0
0
0
0
0
0
0
0
0
0
0
0
0.0313726
0.290196
0.796078
0.360784
0
0
0
0
0
0
0
0
0
0
0
0
0.235294
0.443137
0.392157
0.494118
0.866667
0.509804
0.027451
0
0
0
0
0
0
0
0
0
0
0
0
0
0.2
0.498039
0.458824
0.313726
0.0627451
0
0
0
0
0
0
0
0
0
