0
0
0
0
0
0
0
0
0
0
0
0
0
0
0
0
0
0
0
0
0
0
0
0
0
0
0
0
0
0
0
0
0
0
0
0
0
0
0
0
0
0
0
0
0
0
0
0
0
0
0
0
0
0
0
0
0
0
0
0
0
0
0
0
0
0
0
0
0
0
0
0
0
0
0
0
0
0
0
0
0
0
0
0
0
0
0
0.592157
0.721569
0.658824
0.298039
0.360784
0.552941
0.662745
0.670588
0.505882
0.372549
0
0
0
0
0
0
0
0
0
0
0.745098
0.145098
0.00392157
0
0.00392157
0.0745098
0.0784314
0.211765
0.356863
0.388235
0
0
0
0
0
0
0
0
0
0
0.705882
0.105882
0
0
0
0
0
0
0
0
0
0
0
0
0
0
0
0
0
0
0.658824
0.0745098
0
0
0
0
0
0
0
0
0
0
0
0
0
0
0
0
0
0
0.721569
0.121569
0
0
0
0
0
0
0
0
0
0
0
0
0
0
0
0
0
0
0.713726
0.113725
0
0
0
0
0
0
0
0
0
0
0
0
0
0
0
0
0
0
0.741176
0.152941
0.231373
0.262745
0.219608
0.498039
0.447059
0.0431373
0
0
0
0
0
0
0
0
0
0
0
0
0.760784
0.647059
0.396078
0.101961
0.0784314
0.192157
0.486275
0.768627
0
0
0
0
0
0
0
0
0
0
0
0
0.266667
0.0392157
0
0
0
0
0
0.796078
0.137255
0
0
0
0
0
0
0
0
0
0
0
0
0
0
0
0
0
0
0.678431
0.211765
0
0
0
0
0
0
0
0
0
0
0
0
0
0
0
0
0
0
0.760784
0.152941
0
0
0
0
0
0
0
0
0
0
0
0
0
0
0
0
0
0.2
0.67451
0
0
0
0
0
0
0
0
0
0
0
0
0
0
0
0
0
0.341176
0.639216
0.0352941
0
0
0
0
0
0
0
0
0
0
0
0
0.423529
0.580392
0.556863
0.533333
0.662745
0.262745
0.0431373
0
0
0
0
0
0
0
0
0
0
0
0
0.00392157
0.435294
0.301961
0.0980392
0.00392157
0
0
0
0
0
0
0
0
0
0
0
0
0
0
0
0
0
0
0
0
0
0
0
0
0
0
0
0
0
