0
0
0
0
0
0
0
0
0
0
0
0
0
0
0
0
0
0
0
0
0
0
0
0
0
0
0
0
0
0
0
0
0
0
0
0
0
0
0
0
0
0
0
0
0
0
0
0
0
0
0
0
0
0
0
0
0
0
0
0
0
0
0
0
0
0
0
0
0
0
0
0
0
0
0
0
0
0
0
0
0
0
0
0
0
0
0
0
0
0
0
0
0
0
0
0
0
0
0
0
0
0
0
0
0
0
0
0.0117647
0.541176
0.709804
0.678431
0.67451
0.694118
0.713726
0.631373
0.411765
0.00784314
0
0
0
0
0
0
0
0
0
0
0.254902
0.698039
0.129412
0.0980392
0.0941176
0.0941176
0.113725
0.262745
0.501961
0.027451
0
0
0
0
0
0
0
0
0
0
0.239216
0.572549
0
0
0
0
0
0
0
0
0
0
0
0
0
0
0
0
0
0
0.278431
0.611765
0
0
0
0
0
0
0
0
0
0
0
0
0
0
0
0
0
0
0.266667
0.662745
0
0
0
0
0
0
0
0
0
0
0
0
0
0
0
0
0
0
0.12549
0.870588
0.32549
0.67451
0.619608
0.329412
0
0
0
0
0
0
0
0
0
0
0
0
0
0
0.0352941
0.619608
0.156863
0.207843
0.176471
0.862745
0.0980392
0
0
0
0
0
0
0
0
0
0
0
0
0
0
0
0
0
0
0.611765
0.145098
0
0
0
0
0
0
0
0
0
0
0
0
0
0
0
0
0
0
0.498039
0.113725
0
0
0
0
0
0
0
0
0
0
0
0
0
0
0
0
0
0
0.729412
0.145098
0
0
0
0
0
0
0
0
0
0
0
0
0
0
0
0
0
0.337255
0.72549
0.00784314
0
0
0
0
0
0
0
0
0
0
0
0
0
0
0
0
0.290196
0.678431
0.054902
0
0
0
0
0
0
0
0
0
0
0
0
0
0
0.0392157
0.505882
0.709804
0.52549
0.0235294
0
0
0
0
0
0
0
0
0
0
0
0
0
0
0
0.101961
0.494118
0.0588235
0
0
0
0
0
0
0
0
0
0
0
0
0
0
0
0
0
0
0
0
0
0
0
0
0
0
0
0
0
0
