0
0
0
0
0
0
0
0
0
0
0
0
0
0
0
0
0
0
0
0
0
0
0
0
0
0
0
0
0
0
0
0
0
0
0
0
0
0
0
0
0
0
0
0
0
0
0
0
0
0
0
0
0
0
0
0
0
0
0
0
0
0
0
0
0
0
0
0
0
0.00784314
0.109804
0.203922
0.180392
0.243137
0.407843
0.396078
0
0
0
0
0
0
0
0
0
0
0
0
0.407843
0.92549
0.67451
0.670588
0.647059
0.596078
0.505882
0.333333
0
0
0
0
0
0
0
0
0
0
0
0.00392157
0.827451
0.0784314
0
0
0
0
0
0
0
0
0
0
0
0
0
0
0
0
0
0.101961
0.796078
0
0
0
0
0
0
0
0
0
0
0
0
0
0
0
0
0
0
0.270588
0.592157
0
0
0
0
0
0
0
0
0
0
0
0
0
0
0
0
0
0
0.4
0.478431
0
0
0
0
0
0
0
0
0
0
0
0
0
0
0
0
0
0
0.423529
0.490196
0
0
0
0
0
0
0
0
0
0
0
0
0
0
0
0
0
0
0.380392
0.854902
0.478431
0.486275
0.698039
0.631373
0.576471
0.00392157
0
0
0
0
0
0
0
0
0
0
0
0
0.0392157
0.207843
0.0666667
0.054902
0.105882
0.0862745
0.686275
0.321569
0
0
0
0
0
0
0
0
0
0
0
0
0
0
0
0
0
0
0.207843
0.631373
0
0
0
0
0
0
0
0
0
0
0
0
0
0
0
0
0
0
0.0745098
0.619608
0
0
0
0
0
0
0
0
0
0
0
0
0
0
0
0
0
0
0.109804
0.666667
0
0
0
0
0
0
0
0
0
0
0
0
0
0
0
0
0
0.00392157
0.556863
0.576471
0
0
0
0
0
0
0
0
0
0
0
0
0
0
0
0
0.145098
0.654902
0.666667
0.0235294
0
0
0
0
0
0
0
0
0
0
0
0
0.12549
0.345098
0.556863
0.796078
0.780392
0.356863
0.0117647
0
0
0
0
0
0
0
0
0
0
0
0
0
0.309804
0.580392
0.360784
0.105882
0
0
0
0
0
0
0
0
0
0
0
0
0
0
0
0
0
0
0
0
0
0
0
0
0
0
0
0
0
