0
0
0
0
0
0
0
0
0
0
0
0
0
0
0
0
0
0
0
0
0
0
0
0
0
0
0
0
0
0
0
0
0
0
0
0
0
0
0
0
0
0
0
0
0
0
0
0
0
0
0
0
0
0
0
0
0
0
0
0
0
0
0
0
0
0
0
0
0
0
0
0
0
0
0
0
0
0
0
0
0
0
0
0
0
0
0
0
0
0
0
0
0
0
0
0
0
0
0
0
0
0
0
0
0
0
0
0
0
0
0
0
0
0
0
0
0
0
0
0
0
0
0
0
0
0
0
0
0
0
0.0431373
0.137255
0
0
0
0
0
0
0
0
0
0
0
0
0
0
0
0
0
0
0.286275
0.619608
0
0
0
0
0
0
0
0
0
0
0
0
0
0
0
0
0
0
0.223529
0.556863
0
0
0
0
0
0
0
0
0
0
0
0
0
0
0
0
0
0
0.196078
0.623529
0
0
0
0
0
0
0
0
0
0
0
0
0
0
0
0
0
0
0.133333
0.662745
0
0
0
0
0
0
0
0
0
0
0
0
0
0
0
0
0
0
0.0235294
0.819608
0
0
0
0
0
0
0
0
0
0
0
0
0
0
0
0
0
0
0
0.823529
0
0
0
0
0
0
0
0
0
0
0
0
0
0
0
0
0
0
0
0.894118
0
0
0
0
0
0
0
0
0
0
0
0
0
0
0
0
0
0
0
0.6
0.00392157
0
0
0
0
0
0
0
0
0
0
0
0
0
0
0
0
0
0
0.894118
0.027451
0
0
0
0
0
0
0
0
0
0
0
0
0
0
0
0
0
0
0.12549
0
0
0
0
0
0
0
0
0
0
0
0
0
0
0
0
0
0
0
0
0
0
0
0
0
0
0
0
0
0
0
0
0
0
0
0
0
0
0
0
0
0
0
0
0
0
0
0
0
0
0
0
0
0
0
0
0
0
0
0
0
0
0
0
0
0
0
0
