0
0
0
0
0
0
0
0
0
0
0
0
0
0
0
0
0
0
0
0
0
0
0
0
0
0
0
0
0
0
0
0
0
0
0
0
0
0
0
0
0
0
0
0
0
0
0
0
0
0
0
0
0
0
0
0
0
0
0
0
0
0
0
0
0
0
0
0
0
0
0
0
0
0
0
0
0
0
0
0
0
0
0
0
0
0
0
0
0
0
0
0
0
0
0
0
0
0
0
0
0
0
0
0
0
0
0
0
0
0
0
0
0
0
0
0
0
0
0
0
0
0
0
0
0
0
0
0
0
0
0
0
0
0
0
0
0
0
0
0
0
0
0
0
0
0
0
0
0
0
0
0.164706
0.341176
0
0
0
0
0
0
0
0
0
0
0
0
0
0
0
0
0
0.0705882
0.854902
0.635294
0
0
0
0
0
0
0
0
0
0
0
0
0
0
0
0
0.0627451
0.729412
0.313726
0.631373
0
0
0
0
0
0
0
0
0
0
0
0
0
0
0
0
0.596078
0.407843
0.0862745
0.403922
0
0
0
0
0
0
0
0
0
0
0
0
0
0
0
0
0.156863
0.027451
0.0588235
0.313726
0
0
0
0
0
0
0
0
0
0
0
0
0
0
0
0
0
0
0.121569
0.501961
0
0
0
0
0
0
0
0
0
0
0
0
0
0
0
0
0
0
0.12549
0.537255
0
0
0
0
0
0
0
0
0
0
0
0
0
0
0
0
0
0
0.137255
0.603922
0
0
0
0
0
0
0
0
0
0
0
0
0
0
0
0
0
0
0.109804
0.427451
0
0
0
0
0
0
0
0
0
0
0
0
0
0
0
0
0
0
0
0
0
0
0
0
0
0
0
0
0
0
0
0
0
0
0
0
0
0
0
0
0
0
0
0
0
0
0
0
0
0
0
0
0
0
0
0
0
0
0
0
0
0
0
0
0
0
0
0
0
0
0
0
0
0
0
0
0
0
0
0
0
0
0
0
0
0
0
