0
0
0
0
0
0
0
0
0
0
0
0
0
0
0
0
0
0
0
0
0
0
0
0
0
0
0
0
0
0
0
0
0
0
0
0
0
0
0
0
0
0
0
0
0
0
0
0
0
0
0
0
0
0
0
0
0
0
0
0
0
0
0
0
0
0
0
0
0
0
0
0
0
0
0
0
0
0
0
0
0
0
0
0
0
0
0
0
0
0
0
0
0
0
0
0
0
0
0
0
0
0
0
0
0
0
0
0
0
0
0
0
0
0
0
0
0
0
0
0
0
0
0
0
0
0
0
0
0
0
0
0
0
0
0
0
0
0
0
0
0
0
0
0
0
0
0
0
0
0
0
0.572549
0.2
0
0
0
0
0
0
0
0
0
0
0
0
0
0
0
0
0.0431373
0.141176
0.729412
0.227451
0
0
0
0
0
0
0
0
0
0
0
0
0
0
0
0.141176
0.788235
0.352941
0.494118
0.294118
0
0
0
0
0
0
0
0
0
0
0
0
0
0
0
0.737255
0.227451
0
0.423529
0.239216
0
0
0
0
0
0
0
0
0
0
0
0
0
0
0
0.00392157
0
0
0.454902
0.262745
0
0
0
0
0
0
0
0
0
0
0
0
0
0
0
0
0
0
0.513726
0.313726
0
0
0
0
0
0
0
0
0
0
0
0
0
0
0
0
0
0
0.478431
0.278431
0
0
0
0
0
0
0
0
0
0
0
0
0
0
0
0
0
0
0.580392
0.309804
0
0
0
0
0
0
0
0
0
0
0
0
0
0
0
0
0
0
0.552941
0.235294
0
0
0
0
0
0
0
0
0
0
0
0
0
0
0
0
0
0.12549
0.537255
0
0
0
0
0
0
0
0
0
0
0
0
0
0
0
0
0
0
0
0
0
0
0
0
0
0
0
0
0
0
0
0
0
0
0
0
0
0
0
0
0
0
0
0
0
0
0
0
0
0
0
0
0
0
0
0
0
0
0
0
0
0
0
0
0
0
0
0
