0
0
0
0
0
0
0
0
0
0
0
0
0
0
0
0
0
0
0
0
0
0
0
0
0
0
0
0
0
0
0
0
0
0
0
0
0
0
0
0
0
0
0
0
0
0
0
0
0
0
0
0
0
0
0
0
0
0
0
0
0
0
0
0
0
0
0
0
0
0
0
0
0
0
0
0
0
0
0
0
0
0
0
0
0
0
0
0
0
0
0
0
0
0
0
0
0
0
0
0
0
0
0
0
0
0
0
0
0
0
0
0
0
0
0
0
0
0
0
0
0
0
0
0
0
0
0
0
0
0.0627451
0.305882
0.411765
0.0627451
0
0
0
0
0
0
0
0
0
0
0
0
0
0
0
0.0901961
0.819608
0.623529
0.694118
0.705882
0
0
0
0
0
0
0
0
0
0
0
0
0
0
0
0.705882
0.301961
0
0
0.537255
0.388235
0
0
0
0
0
0
0
0
0
0
0
0
0
0.168627
0.733333
0.00392157
0
0
0.12549
0.780392
0.00392157
0
0
0
0
0
0
0
0
0
0
0
0
0.305882
0.505882
0
0
0
0
0.603922
0.247059
0
0
0
0
0
0
0
0
0
0
0
0
0.403922
0.470588
0
0
0
0
0.513726
0.313726
0
0
0
0
0
0
0
0
0
0
0
0
0.219608
0.745098
0.00392157
0
0
0
0.588235
0.219608
0
0
0
0
0
0
0
0
0
0
0
0
0
0.521569
0.764706
0.580392
0.356863
0.486275
0.592157
0.0117647
0
0
0
0
0
0
0
0
0
0
0
0
0
0
0.121569
0.247059
0.12549
0.121569
0
0
0
0
0
0
0
0
0
0
0
0
0
0
0
0
0
0
0
0
0
0
0
0
0
0
0
0
0
0
0
0
0
0
0
0
0
0
0
0
0
0
0
0
0
0
0
0
0
0
0
0
0
0
0
0
0
0
0
0
0
0
0
0
0
0
0
0
0
0
0
0
0
0
0
0
0
0
0
0
0
0
0
0
0
0
0
0
0
0
0
0
0
0
0
0
0
0
0
0
0
0
0
0
0
0
0
