0
0
0
0
0
0
0
0
0
0
0
0
0
0
0
0
0
0
0
0
0
0
0
0
0
0
0
0
0
0
0
0
0
0
0
0
0
0
0
0
0
0
0
0
0
0
0
0
0
0
0
0
0
0
0
0
0
0
0
0
0
0
0
0
0
0
0
0
0
0
0
0
0
0
0
0
0
0
0
0
0
0
0
0
0
0
0
0
0
0
0
0
0
0
0
0
0
0
0
0
0
0
0
0
0
0
0
0
0
0
0
0
0
0
0
0
0
0
0
0
0
0
0
0
0
0
0
0
0
0.556863
0.678431
0.321569
0
0
0
0
0
0
0
0
0
0
0
0
0
0
0
0
0
0.109804
0.898039
0.839216
0.431373
0
0
0
0
0
0
0
0
0
0
0
0
0
0
0
0
0.592157
0.247059
0.027451
0.576471
0.266667
0
0
0
0
0
0
0
0
0
0
0
0
0
0
0.141176
0.403922
0
0
0.0431373
0.87451
0.00392157
0
0
0
0
0
0
0
0
0
0
0
0
0
0.678431
0.141176
0
0
0
0.87451
0.00784314
0
0
0
0
0
0
0
0
0
0
0
0
0.0313726
0.870588
0
0
0
0
0.662745
0
0
0
0
0
0
0
0
0
0
0
0
0
0.152941
0.752941
0
0
0
0.0588235
0.752941
0
0
0
0
0
0
0
0
0
0
0
0
0
0.0627451
0.870588
0.137255
0
0
0.447059
0.607843
0
0
0
0
0
0
0
0
0
0
0
0
0
0
0.27451
0.862745
0.694118
0.635294
0.752941
0.0941176
0
0
0
0
0
0
0
0
0
0
0
0
0
0
0
0.0196078
0.160784
0.133333
0
0
0
0
0
0
0
0
0
0
0
0
0
0
0
0
0
0
0
0
0
0
0
0
0
0
0
0
0
0
0
0
0
0
0
0
0
0
0
0
0
0
0
0
0
0
0
0
0
0
0
0
0
0
0
0
0
0
0
0
0
0
0
0
0
0
0
0
0
0
0
0
0
0
0
0
0
0
0
0
0
0
0
0
0
0
0
0
