0
0
0
0
0
0
0
0
0
0
0
0
0
0
0
0
0
0
0
0
0
0
0
0
0
0
0
0
0
0
0
0
0
0
0
0
0
0
0
0
0
0
0
0
0
0
0
0
0
0
0
0
0
0
0
0
0
0
0
0
0
0
0
0
0
0
0
0
0
0
0
0
0
0
0
0
0
0
0
0
0
0
0
0
0
0
0
0
0
0
0
0
0
0
0
0
0
0
0
0
0
0
0
0
0
0
0
0
0
0
0
0.392157
0.0784314
0
0
0
0
0
0
0
0
0
0
0
0
0
0
0
0
0
0.027451
0.886275
0.992157
0.0901961
0
0
0
0
0
0
0
0
0
0
0
0
0
0
0
0.0392157
0.729412
0.533333
0.501961
0.305882
0
0
0
0
0
0
0
0
0
0
0
0
0
0
0.027451
0.737255
0.431373
0
0.164706
0.439216
0
0
0
0
0
0
0
0
0
0
0
0
0
0
0.364706
0.427451
0
0
0.180392
0.478431
0
0
0
0
0
0
0
0
0
0
0
0
0
0.121569
0.623529
0.0431373
0
0
0.27451
0.607843
0
0
0
0
0
0
0
0
0
0
0
0
0
0.403922
0.443137
0
0
0
0.266667
0.6
0
0
0
0
0
0
0
0
0
0
0
0
0
0.439216
0.372549
0
0
0
0.443137
0.478431
0
0
0
0
0
0
0
0
0
0
0
0
0
0.32549
0.396078
0
0
0.0784314
0.741176
0.121569
0
0
0
0
0
0
0
0
0
0
0
0
0
0.137255
0.890196
0.564706
0.501961
0.792157
0.321569
0
0
0
0
0
0
0
0
0
0
0
0
0
0
0
0.12549
0.313726
0.301961
0.129412
0
0
0
0
0
0
0
0
0
0
0
0
0
0
0
0
0
0
0
0
0
0
0
0
0
0
0
0
0
0
0
0
0
0
0
0
0
0
0
0
0
0
0
0
0
0
0
0
0
0
0
0
0
0
0
0
0
0
0
0
0
0
0
0
0
0
0
0
0
0
0
0
0
0
0
0
0
0
0
0
0
0
0
0
0
0
0
0
