0
0
0
0
0
0
0
0
0
0
0
0
0
0
0
0
0
0
0
0
0
0
0
0
0
0
0
0
0
0
0
0
0
0
0
0
0
0
0
0
0
0
0
0
0
0
0
0
0
0
0
0
0
0
0
0
0
0
0
0
0
0
0
0
0
0
0
0
0
0
0
0
0
0
0
0
0
0
0
0
0
0
0
0
0
0
0
0
0
0
0
0
0
0
0
0
0
0
0
0
0
0
0
0
0
0
0
0
0
0
0
0
0
0
0
0
0
0
0
0
0
0
0
0
0
0
0
0
0
0.0745098
0
0
0
0
0
0
0
0
0
0
0
0
0
0
0
0
0
0
0.027451
0.886275
0
0
0.486275
0.211765
0
0
0
0
0
0
0
0
0
0
0
0
0
0
0.00784314
0.823529
0
0
0.858824
0.305882
0
0
0
0
0
0
0
0
0
0
0
0
0
0
0.00784314
0.890196
0.00392157
0.337255
0.996078
0.368627
0
0
0
0
0
0
0
0
0
0
0
0
0
0
0
0.741176
0.737255
0.831373
0.529412
0.466667
0
0
0
0
0
0
0
0
0
0
0
0
0
0
0
0.0392157
0.290196
0.0705882
0.403922
0.470588
0
0
0
0
0
0
0
0
0
0
0
0
0
0
0
0
0
0
0.403922
0.470588
0
0
0
0
0
0
0
0
0
0
0
0
0
0
0
0
0
0
0.423529
0.490196
0
0
0
0
0
0
0
0
0
0
0
0
0
0
0
0.137255
0.627451
0.619608
0.87451
0.305882
0
0
0
0
0
0
0
0
0
0
0
0
0
0
0
0.0431373
0.294118
0.286275
0.145098
0
0
0
0
0
0
0
0
0
0
0
0
0
0
0
0
0
0
0
0
0
0
0
0
0
0
0
0
0
0
0
0
0
0
0
0
0
0
0
0
0
0
0
0
0
0
0
0
0
0
0
0
0
0
0
0
0
0
0
0
0
0
0
0
0
0
0
0
0
0
0
0
0
0
0
0
0
0
0
0
0
0
0
0
0
0
0
