0
0
0
0
0
0
0
0
0
0
0
0
0
0
0
0
0
0
0
0
0
0
0
0
0
0
0
0
0
0
0
0
0
0
0
0
0
0
0
0
0
0
0
0
0
0
0
0
0
0
0
0
0
0
0
0
0
0
0
0
0
0
0
0
0
0
0
0
0
0
0
0
0
0
0
0
0
0
0
0
0
0
0
0
0
0
0
0
0
0
0
0
0
0
0
0
0
0
0
0
0
0
0
0
0
0
0
0
0
0
0
0
0
0
0
0
0
0
0
0
0
0
0
0
0
0
0
0
0.133333
0.231373
0
0
0
0
0
0
0
0
0
0
0
0
0
0
0
0
0
0
0.596078
0.345098
0
0.0117647
0.168627
0
0
0
0
0
0
0
0
0
0
0
0
0
0
0
0.870588
0.0470588
0
0.188235
0.788235
0
0
0
0
0
0
0
0
0
0
0
0
0
0
0.00784314
0.890196
0
0
0.243137
0.741176
0
0
0
0
0
0
0
0
0
0
0
0
0
0
0
0.854902
0.0392157
0
0.501961
0.713726
0
0
0
0
0
0
0
0
0
0
0
0
0
0
0
0.356863
0.670588
0.278431
0.909804
0.729412
0
0
0
0
0
0
0
0
0
0
0
0
0
0
0
0
0.494118
0.705882
0.309804
0.701961
0
0
0
0
0
0
0
0
0
0
0
0
0
0
0
0
0
0
0.133333
0.733333
0
0
0
0
0
0
0
0
0
0
0
0
0
0
0
0
0
0
0.137255
0.737255
0
0
0
0
0
0
0
0
0
0
0
0
0
0
0
0
0
0
0.164706
0.764706
0
0
0
0
0
0
0
0
0
0
0
0
0
0
0
0
0
0
0.121569
0.792157
0
0
0
0
0
0
0
0
0
0
0
0
0
0
0
0
0
0
0
0.0352941
0
0
0
0
0
0
0
0
0
0
0
0
0
0
0
0
0
0
0
0
0
0
0
0
0
0
0
0
0
0
0
0
0
0
0
0
0
0
0
0
0
0
0
0
0
0
0
