0
0
0
0
0
0
0
0
0
0
0
0
0
0
0
0
0
0
0
0
0
0
0
0
0
0
0
0
0
0
0
0
0
0
0
0
0
0
0
0
0
0
0
0
0
0
0
0
0
0
0
0
0
0
0
0
0
0
0
0
0
0
0
0
0
0
0
0
0
0
0
0
0
0
0
0
0
0
0
0
0
0
0
0
0
0
0
0
0
0
0
0
0
0
0
0
0
0
0
0
0
0
0
0
0
0
0
0
0
0
0
0
0
0
0
0
0
0
0
0
0
0
0
0
0
0
0
0
0
0
0
0
0
0
0
0
0
0
0
0
0
0
0
0
0
0
0
0
0.0235294
0.294118
0
0
0
0
0
0
0
0
0
0
0
0
0
0
0
0
0
0
0.329412
0.72549
0
0.207843
0.392157
0
0
0
0
0
0
0
0
0
0
0
0
0
0
0
0.576471
0.305882
0
0.576471
0.603922
0
0
0
0
0
0
0
0
0
0
0
0
0
0
0
0.619608
0.360784
0.266667
0.941176
0.6
0
0
0
0
0
0
0
0
0
0
0
0
0
0
0
0.196078
0.858824
0.827451
0.462745
0.596078
0
0
0
0
0
0
0
0
0
0
0
0
0
0
0
0
0
0
0.188235
0.501961
0
0
0
0
0
0
0
0
0
0
0
0
0
0
0
0
0
0
0.203922
0.537255
0
0
0
0
0
0
0
0
0
0
0
0
0
0
0
0
0
0
0.203922
0.698039
0
0
0
0
0
0
0
0
0
0
0
0
0
0
0
0
0
0
0.0588235
0.768627
0
0
0
0
0
0
0
0
0
0
0
0
0
0
0
0
0
0
0
0
0
0
0
0
0
0
0
0
0
0
0
0
0
0
0
0
0
0
0
0
0
0
0
0
0
0
0
0
0
0
0
0
0
0
0
0
0
0
0
0
0
0
0
0
0
0
0
0
0
0
0
0
0
0
0
0
0
0
0
0
0
0
0
0
0
0
0
