0
0
0
0
0
0
0
0
0
0
0
0
0
0
0
0
0
0
0
0
0
0
0
0
0
0
0
0
0
0
0
0
0
0
0
0
0
0
0
0
0
0
0
0
0
0
0
0
0
0
0
0
0
0
0
0
0
0
0
0
0
0
0
0
0
0
0
0
0
0
0
0
0
0
0
0
0
0
0
0
0
0
0
0
0
0
0
0
0
0
0
0
0
0
0
0
0
0
0
0
0
0
0
0
0
0
0
0
0
0
0
0
0
0
0
0
0
0
0
0
0
0
0
0
0
0
0
0
0
0
0.12549
0
0
0
0
0
0
0
0
0
0
0
0
0
0
0
0
0
0
0.580392
0.752941
0
0.427451
0.101961
0
0
0
0
0
0
0
0
0
0
0
0
0
0
0.568627
0.992157
0.462745
0.0627451
0.956863
0.207843
0
0
0
0
0
0
0
0
0
0
0
0
0
0.596078
0.678431
0.745098
0.203922
0.643137
0.941176
0.203922
0
0
0
0
0
0
0
0
0
0
0
0
0
0.0352941
0
0.760784
0.662745
0.788235
0.686275
0.203922
0
0
0
0
0
0
0
0
0
0
0
0
0
0
0
0.313726
0.470588
0.0627451
0.576471
0.180392
0
0
0
0
0
0
0
0
0
0
0
0
0
0
0
0
0
0
0.505882
0.388235
0
0
0
0
0
0
0
0
0
0
0
0
0
0
0
0
0
0
0.466667
0.447059
0
0
0
0
0
0
0
0
0
0
0
0
0
0
0
0
0.105882
0.360784
0.635294
0.494118
0
0
0
0
0
0
0
0
0
0
0
0
0
0
0
0
0.192157
0.560784
0.560784
0.12549
0
0
0
0
0
0
0
0
0
0
0
0
0
0
0
0
0
0
0
0
0
0
0
0
0
0
0
0
0
0
0
0
0
0
0
0
0
0
0
0
0
0
0
0
0
0
0
0
0
0
0
0
0
0
0
0
0
0
0
0
0
0
0
0
0
0
0
0
0
0
0
0
0
0
0
0
0
0
0
0
0
0
0
0
0
0
