0
0
0
0
0
0
0
0
0
0
0
0
0
0
0
0
0
0
0
0
0
0
0
0
0
0
0
0
0
0
0
0
0
0
0
0
0
0
0
0
0
0
0
0
0
0
0
0
0
0
0
0
0
0
0
0
0
0
0
0
0
0
0
0
0
0
0
0
0
0
0
0
0
0
0
0
0
0
0
0
0
0
0
0
0
0
0
0
0
0
0
0
0
0
0
0
0
0
0
0
0
0
0
0
0
0
0
0
0
0
0
0
0
0
0
0
0
0
0
0
0
0
0
0
0
0
0
0
0
0
0
0
0
0
0
0
0
0
0
0
0
0
0
0
0
0
0
0
0.219608
0.0392157
0.0352941
0.0784314
0.0313726
0
0
0
0
0
0
0
0
0
0
0
0
0
0
0.00392157
0.670588
0.72549
0.627451
0.862745
0.6
0
0
0
0
0
0
0
0
0
0
0
0
0
0
0
0
0
0
0.490196
0.396078
0
0
0
0
0
0
0
0
0
0
0
0
0
0
0
0
0
0
0.741176
0.156863
0
0
0
0
0
0
0
0
0
0
0
0
0
0
0
0
0
0.0588235
0.745098
0
0
0
0
0
0
0
0
0
0
0
0
0
0
0
0
0
0
0.513726
0.305882
0
0
0
0
0
0
0
0
0
0
0
0
0
0
0
0
0
0.00784314
0.8
0.054902
0
0
0
0
0
0
0
0
0
0
0
0
0
0
0
0
0
0.172549
0.760784
0
0
0
0
0
0
0
0
0
0
0
0
0
0
0
0
0
0
0.392157
0.556863
0
0
0
0
0
0
0
0
0
0
0
0
0
0
0
0
0
0
0.266667
0.223529
0
0
0
0
0
0
0
0
0
0
0
0
0
0
0
0
0
0
0
0
0
0
0
0
0
0
0
0
0
0
0
0
0
0
0
0
0
0
0
0
0
0
0
0
0
0
0
0
0
0
0
0
0
0
0
0
0
0
0
0
0
0
0
0
0
0
0
0
0
