0
0
0
0
0
0
0
0
0
0
0
0
0
0
0
0
0
0
0
0
0
0
0
0
0
0
0
0
0
0
0
0
0
0
0
0
0
0
0
0
0
0
0
0
0
0
0
0
0
0
0
0
0
0
0
0
0
0
0
0
0
0
0
0
0
0
0
0
0
0
0
0
0
0
0
0
0
0
0
0
0
0
0
0
0
0
0
0
0
0
0
0
0
0
0
0
0
0
0
0
0
0
0
0
0
0
0
0
0
0
0
0
0
0
0
0
0
0
0
0
0
0
0
0
0
0
0
0
0
0
0.129412
0.180392
0.152941
0
0
0
0
0
0
0
0
0
0
0
0
0
0
0
0
0.00392157
0.698039
0.647059
0.843137
0.32549
0
0
0
0
0
0
0
0
0
0
0
0
0
0
0
0
0
0
0.647059
0.235294
0
0
0
0
0
0
0
0
0
0
0
0
0
0
0
0
0
0.188235
0.807843
0.0196078
0
0
0
0
0
0
0
0
0
0
0
0
0
0
0
0.168627
0.729412
0.658824
0.592157
0
0
0
0
0
0
0
0
0
0
0
0
0
0
0
0
0.0117647
0.466667
0.839216
0.352941
0
0
0
0
0
0
0
0
0
0
0
0
0
0
0
0
0
0.00784314
0.0705882
0
0
0
0
0
0
0
0
0
0
0
0
0
0
0
0
0
0.0705882
0.811765
0.00392157
0
0
0
0
0
0
0
0
0
0
0
0
0
0
0
0
0.0235294
0.780392
0.372549
0
0
0
0
0
0
0
0
0
0
0
0
0
0
0
0
0
0.223529
0.694118
0
0
0
0
0
0
0
0
0
0
0
0
0
0
0
0
0
0
0.0784314
0.219608
0
0
0
0
0
0
0
0
0
0
0
0
0
0
0
0
0
0
0
0
0
0
0
0
0
0
0
0
0
0
0
0
0
0
0
0
0
0
0
0
0
0
0
0
0
0
0
0
0
0
0
0
0
0
0
0
0
0
0
0
0
0
0
0
0
0
0
0
0
0
