0
0
0
0
0
0
0
0
0
0
0
0
0
0
0
0
0
0
0
0
0
0
0
0
0
0
0
0
0
0
0
0
0
0
0
0
0
0
0
0
0
0
0
0
0
0
0
0
0
0
0
0
0
0
0
0
0
0
0
0
0
0
0
0
0
0
0
0
0
0
0
0
0
0
0
0
0
0
0
0
0
0
0
0
0
0
0
0
0
0
0
0
0
0
0
0
0
0
0
0
0
0
0
0
0
0
0
0
0
0
0
0
0
0
0
0
0
0
0
0
0
0
0
0
0
0
0
0
0
0
0
0
0
0.0392157
0.027451
0
0
0
0
0
0
0
0
0
0
0
0
0
0
0.227451
0.839216
0.858824
0.878431
0.878431
0.396078
0
0
0
0
0
0
0
0
0
0
0
0
0
0
0.847059
0.207843
0.00784314
0.0117647
0
0
0
0
0
0
0
0
0
0
0
0
0
0
0
0
0.678431
0.435294
0
0
0
0
0
0
0
0
0
0
0
0
0
0
0
0
0
0
0.0627451
0.796078
0.376471
0
0
0
0
0
0
0
0
0
0
0
0
0
0
0
0
0
0
0.054902
0.843137
0.219608
0
0
0
0
0
0
0
0
0
0
0
0
0
0
0
0
0
0
0.388235
0.560784
0
0
0
0
0
0
0
0
0
0
0
0
0
0
0
0
0
0.101961
0.654902
0.411765
0
0
0
0
0
0
0
0
0
0
0
0
0
0
0
0.0235294
0.631373
0.862745
0.521569
0.0117647
0
0
0
0
0
0
0
0
0
0
0
0
0
0
0
0.0117647
0.356863
0.0196078
0
0
0
0
0
0
0
0
0
0
0
0
0
0
0
0
0
0
0
0
0
0
0
0
0
0
0
0
0
0
0
0
0
0
0
0
0
0
0
0
0
0
0
0
0
0
0
0
0
0
0
0
0
0
0
0
0
0
0
0
0
0
0
0
0
0
0
0
0
0
0
0
0
0
0
0
0
0
0
0
0
0
0
0
0
0
0
0
0
