0
0
0
0
0
0
0
0
0
0
0
0
0
0
0
0
0
0
0
0
0
0
0
0
0
0
0
0
0
0
0
0
0
0
0
0
0
0
0
0
0
0
0
0
0
0
0
0
0
0
0
0
0
0
0
0
0
0
0
0
0
0
0
0
0
0
0
0
0
0
0
0
0
0
0
0
0
0
0
0
0
0
0
0
0
0
0
0
0
0
0
0
0
0
0
0
0
0
0
0
0
0
0
0
0
0
0
0
0
0
0
0
0
0
0
0
0
0
0
0
0
0
0
0
0
0
0
0
0
0
0
0
0
0
0
0
0
0
0
0
0
0
0
0
0
0
0
0
0
0.231373
0.403922
0.254902
0.0235294
0
0
0
0
0
0
0
0
0
0
0
0
0
0
0
0.00392157
0.870588
0.501961
0.631373
0.843137
0.709804
0.658824
0
0
0
0
0
0
0
0
0
0
0
0
0
0.0784314
0.839216
0
0
0.0352941
0.227451
0.113725
0
0
0
0
0
0
0
0
0
0
0
0
0
0.0666667
0.909804
0.690196
0.52549
0.498039
0.0313726
0
0
0
0
0
0
0
0
0
0
0
0
0
0
0
0.054902
0.239216
0.32549
0.694118
0.4
0
0
0
0
0
0
0
0
0
0
0
0
0
0
0
0
0
0
0.427451
0.556863
0
0
0
0
0
0
0
0
0
0
0
0
0
0
0
0
0.164706
0.6
0.854902
0.152941
0
0
0
0
0
0
0
0
0
0
0
0
0
0
0
0.0352941
0.796078
0.403922
0.0470588
0
0
0
0
0
0
0
0
0
0
0
0
0
0
0
0
0
0
0
0
0
0
0
0
0
0
0
0
0
0
0
0
0
0
0
0
0
0
0
0
0
0
0
0
0
0
0
0
0
0
0
0
0
0
0
0
0
0
0
0
0
0
0
0
0
0
0
0
0
0
0
0
0
0
0
0
0
0
0
0
0
0
0
0
0
0
0
0
0
0
0
0
0
0
0
0
0
0
0
0
0
0
0
0
0
0
0
