0
0
0
0
0
0
0
0
0
0
0
0
0
0
0
0
0
0
0
0
0
0
0
0
0
0
0
0
0
0
0
0
0
0
0
0
0
0
0
0
0
0
0
0
0
0
0
0
0
0
0
0
0
0
0
0
0
0
0
0
0
0
0
0
0
0
0
0
0
0
0
0
0
0
0
0
0
0
0
0
0
0
0
0
0
0
0
0
0
0
0
0
0
0
0
0
0
0
0
0
0
0
0
0
0
0
0
0
0
0
0
0
0
0
0
0
0
0
0
0
0
0
0
0
0
0
0
0
0
0.0392157
0.145098
0.172549
0.0745098
0
0
0
0
0
0
0
0
0
0
0
0
0
0
0
0.360784
0.827451
0.513726
0.545098
0.831373
0.376471
0
0
0
0
0
0
0
0
0
0
0
0
0
0.454902
0.713726
0.0784314
0
0
0.0666667
0.176471
0
0
0
0
0
0
0
0
0
0
0
0
0
0.792157
0.152941
0
0
0
0
0
0
0
0
0
0
0
0
0
0
0
0
0
0
0.505882
0.439216
0
0
0
0
0
0
0
0
0
0
0
0
0
0
0
0
0
0
0.164706
0.945098
0.776471
0.658824
0.772549
0.462745
0
0
0
0
0
0
0
0
0
0
0
0
0
0
0
0.145098
0.00784314
0.00392157
0.113725
0.760784
0.243137
0
0
0
0
0
0
0
0
0
0
0
0
0
0
0
0
0
0
0.427451
0.486275
0
0
0
0
0
0
0
0
0
0
0
0
0
0
0
0
0
0
0.419608
0.486275
0
0
0
0
0
0
0
0
0
0
0
0
0
0
0
0
0
0
0.443137
0.486275
0
0
0
0
0
0
0
0
0
0
0
0
0
0
0
0
0
0
0.552941
0.356863
0
0
0
0
0
0
0
0
0
0
0
0
0
0
0
0
0
0
0.027451
0.00784314
0
0
0
0
0
0
0
0
0
0
0
0
0
0
0
0
0
0
0
0
0
0
0
0
0
0
0
0
0
0
0
0
0
0
0
0
0
0
0
0
0
0
0
0
0
0
