0
0
0
0
0
0
0
0
0
0
0
0
0
0
0
0
0
0
0
0
0
0
0
0
0
0
0
0
0
0
0
0
0
0
0
0
0
0
0
0
0
0
0
0
0
0
0
0
0
0
0
0
0
0
0
0
0
0
0
0
0
0
0
0
0
0
0
0
0
0
0
0
0
0
0
0
0
0
0
0
0
0
0
0
0
0
0
0
0
0
0
0
0
0
0
0
0
0
0
0
0
0
0
0
0
0
0
0
0
0
0
0
0
0
0
0
0
0
0
0
0
0
0
0
0
0
0
0
0
0
0
0
0
0
0
0
0
0
0
0
0
0
0
0
0
0
0
0
0
0
0
0
0
0
0
0
0
0
0
0
0
0
0
0
0
0
0
0
0.0470588
0.156863
0.133333
0.164706
0.188235
0.211765
0.121569
0
0
0
0
0
0
0
0
0
0
0
0
0.513726
0.811765
0.662745
0.572549
0.631373
0.654902
0.67451
0.345098
0
0
0
0
0
0
0
0
0
0
0
0
0.619608
0.537255
0.0117647
0
0
0
0
0
0
0
0
0
0
0
0
0
0
0
0
0
0.0235294
0.533333
0.823529
0.372549
0.0117647
0
0
0
0
0
0
0
0
0
0
0
0
0
0
0
0
0
0.113725
0.654902
0.713726
0.0666667
0
0
0
0
0
0
0
0
0
0
0
0
0
0
0
0
0
0.027451
0.772549
0.337255
0
0
0
0
0
0
0
0
0
0
0
0
0
0
0
0
0.552941
0.909804
0.568627
0.0117647
0
0
0
0
0
0
0
0
0
0
0
0
0
0
0
0
0.0862745
0.0117647
0
0
0
0
0
0
0
0
0
0
0
0
0
0
0
0
0
0
0
0
0
0
0
0
0
0
0
0
0
0
0
0
0
0
0
0
0
0
0
0
0
0
0
0
0
0
0
0
0
0
0
0
0
0
0
0
0
0
0
0
0
0
0
0
0
0
0
0
0
0
0
0
0
0
0
0
0
0
0
0
0
0
0
0
0
0
0
0
0
