0
0
0
0
0
0
0
0
0
0
0
0
0
0
0
0
0
0
0
0
0
0
0
0
0
0
0
0
0
0
0
0
0
0
0
0
0
0
0
0
0
0
0
0
0
0
0
0
0
0
0
0
0
0
0
0
0
0
0
0
0
0
0
0
0
0
0
0
0
0
0
0
0
0
0
0
0
0
0
0
0
0
0
0
0
0
0
0
0
0
0
0
0
0
0
0
0
0
0
0
0
0
0
0
0
0
0
0
0
0
0
0
0.00784314
0
0
0
0
0
0
0
0
0
0
0
0
0
0
0
0
0
0
0.356863
0.898039
0.0745098
0
0
0
0
0
0
0
0
0
0
0
0
0
0
0
0
0.478431
0.537255
0.0627451
0
0
0
0
0
0
0
0
0
0
0
0
0
0
0
0
0.188235
0.741176
0
0
0
0
0
0
0
0
0
0
0
0
0
0
0
0
0
0.00392157
0.756863
0.239216
0
0
0
0
0
0
0
0
0
0
0
0
0
0
0
0
0
0.262745
0.831373
0.529412
0.498039
0.219608
0
0
0
0
0
0
0
0
0
0
0
0
0
0
0
0.486275
0.87451
0.427451
0.403922
0.898039
0
0
0
0
0
0
0
0
0
0
0
0
0
0
0
0.372549
0.694118
0.027451
0
0.894118
0
0
0
0
0
0
0
0
0
0
0
0
0
0
0
0.00392157
0.541176
0.878431
0.647059
0.780392
0
0
0
0
0
0
0
0
0
0
0
0
0
0
0
0
0
0.0627451
0.286275
0.129412
0
0
0
0
0
0
0
0
0
0
0
0
0
0
0
0
0
0
0
0
0
0
0
0
0
0
0
0
0
0
0
0
0
0
0
0
0
0
0
0
0
0
0
0
0
0
0
0
0
0
0
0
0
0
0
0
0
0
0
0
0
0
0
0
0
0
0
0
0
0
0
0
0
0
0
0
0
0
0
0
0
0
0
0
0
0
0
0
0
0
0
0
0
0
0
0
0
0
0
0
0
0
0
0
0
0
0
