0
0
0
0
0
0
0
0
0
0
0
0
0
0
0
0
0
0
0
0
0
0
0
0
0
0
0
0
0
0
0
0
0
0
0
0
0
0
0
0
0
0
0
0
0
0
0
0
0
0
0
0
0
0
0
0
0
0
0
0
0
0
0
0
0
0
0
0
0
0
0
0
0
0
0
0
0
0
0
0
0
0
0
0
0
0
0
0
0
0
0
0
0
0
0
0
0
0
0
0
0
0
0
0
0
0
0
0
0
0
0
0
0
0
0
0
0
0
0
0
0
0
0
0
0
0
0
0
0
0
0.164706
0.105882
0
0
0
0
0
0
0
0
0
0
0
0
0
0
0
0
0
0
0.729412
0.247059
0
0
0
0
0
0
0
0
0
0
0
0
0
0
0
0
0
0.0352941
0.839216
0
0
0
0
0
0
0
0
0
0
0
0
0
0
0
0
0
0
0.196078
0.611765
0
0
0
0
0
0
0
0
0
0
0
0
0
0
0
0
0
0
0.278431
0.611765
0.427451
0.705882
0.164706
0
0
0
0
0
0
0
0
0
0
0
0
0
0
0
0.27451
0.611765
0.266667
0.662745
0.352941
0
0
0
0
0
0
0
0
0
0
0
0
0
0
0
0.113725
0.894118
0.419608
0.72549
0.321569
0
0
0
0
0
0
0
0
0
0
0
0
0
0
0
0
0.203922
0.533333
0.47451
0.0235294
0
0
0
0
0
0
0
0
0
0
0
0
0
0
0
0
0
0
0
0
0
0
0
0
0
0
0
0
0
0
0
0
0
0
0
0
0
0
0
0
0
0
0
0
0
0
0
0
0
0
0
0
0
0
0
0
0
0
0
0
0
0
0
0
0
0
0
0
0
0
0
0
0
0
0
0
0
0
0
0
0
0
0
0
0
0
0
0
0
0
0
0
0
0
0
0
0
0
0
0
0
0
0
0
0
0
0
0
0
0
0
0
0
0
0
0
0
0
0
0
0
0
0
0
0
0
