0
0
0
0
0
0
0
0
0
0
0
0
0
0
0
0
0
0
0
0
0
0
0
0
0
0
0
0
0
0
0
0
0
0
0
0
0
0
0
0
0
0
0
0
0
0
0
0
0
0
0
0
0
0
0
0
0
0
0
0
0
0
0
0
0
0
0
0
0
0
0
0
0
0
0
0
0
0
0
0
0
0
0
0
0
0
0
0
0
0
0
0
0
0
0
0
0
0
0
0
0
0
0
0
0
0
0
0
0
0
0
0
0.435294
0.807843
0
0
0
0
0
0
0
0
0
0
0
0
0
0
0
0
0
0.239216
0.729412
0.0627451
0
0
0
0
0
0
0
0
0
0
0
0
0
0
0
0
0.0901961
0.678431
0.00392157
0
0
0
0
0
0
0
0
0
0
0
0
0
0
0
0
0
0.47451
0.388235
0
0
0
0
0
0
0
0
0
0
0
0
0
0
0
0
0
0.0235294
0.819608
0.0666667
0
0
0
0
0
0
0
0
0
0
0
0
0
0
0
0
0
0.164706
0.87451
0.568627
0.0862745
0
0
0
0
0
0
0
0
0
0
0
0
0
0
0
0
0.329412
0.811765
0.470588
0.858824
0.113725
0
0
0
0
0
0
0
0
0
0
0
0
0
0
0
0.333333
0.533333
0
0.505882
0.403922
0
0
0
0
0
0
0
0
0
0
0
0
0
0
0
0.305882
0.560784
0
0.639216
0.301961
0
0
0
0
0
0
0
0
0
0
0
0
0
0
0
0.227451
0.835294
0.733333
0.729412
0.0431373
0
0
0
0
0
0
0
0
0
0
0
0
0
0
0
0.00392157
0.32549
0.227451
0
0
0
0
0
0
0
0
0
0
0
0
0
0
0
0
0
0
0
0
0
0
0
0
0
0
0
0
0
0
0
0
0
0
0
0
0
0
0
0
0
0
0
0
0
0
0
0
0
0
0
0
0
0
0
0
0
0
0
0
0
0
0
0
0
0
0
0
0
0
0
0
0
0
0
0
0
0
0
0
0
0
0
0
0
0
0
0
