0
0
0
0
0
0
0
0
0
0
0
0
0
0
0
0
0
0
0
0
0
0
0
0
0
0
0
0
0
0
0
0
0
0
0
0
0
0
0
0
0
0
0
0
0
0
0
0
0
0
0
0
0
0
0
0
0
0
0
0
0
0
0
0
0
0
0
0
0
0
0
0
0
0
0
0
0
0
0
0
0
0
0
0
0
0
0
0
0
0
0
0
0
0
0
0
0
0
0
0
0
0
0
0
0
0
0
0
0
0
0.0313726
0.258824
0.294118
0.101961
0
0
0
0
0
0
0
0
0
0
0
0
0
0
0
0.203922
0.737255
0.701961
0.627451
0.262745
0
0
0
0
0
0
0
0
0
0
0
0
0
0
0.054902
0.835294
0.211765
0
0
0
0
0
0
0
0
0
0
0
0
0
0
0
0
0
0.443137
0.513726
0
0
0
0
0
0
0
0
0
0
0
0
0
0
0
0
0
0
0.729412
0.164706
0
0
0
0
0
0
0
0
0
0
0
0
0
0
0
0
0
0
0.87451
0.00784314
0.270588
0.694118
0.627451
0.152941
0
0
0
0
0
0
0
0
0
0
0
0
0
0.00784314
0.8
0
0.101961
0.235294
0.396078
0.870588
0.0980392
0
0
0
0
0
0
0
0
0
0
0
0
0.00392157
0.870588
0
0
0
0
0.431373
0.611765
0
0
0
0
0
0
0
0
0
0
0
0
0
0.835294
0.0980392
0
0
0
0.145098
0.745098
0
0
0
0
0
0
0
0
0
0
0
0
0
0.407843
0.666667
0.00784314
0
0
0.388235
0.627451
0
0
0
0
0
0
0
0
0
0
0
0
0
0.00392157
0.603922
0.792157
0.439216
0.439216
0.890196
0.101961
0
0
0
0
0
0
0
0
0
0
0
0
0
0
0
0.211765
0.462745
0.470588
0.188235
0
0
0
0
0
0
0
0
0
0
0
0
0
0
0
0
0
0
0
0
0
0
0
0
0
0
0
0
0
0
0
0
0
0
0
0
0
0
0
0
0
0
0
0
0
0
0
0
0
0
0
0
0
0
0
0
0
0
0
0
0
0
0
0
0
0
