0
0
0
0
0
0
0
0
0
0
0
0
0
0
0
0
0
0
0
0
0
0
0
0
0
0
0
0
0
0
0
0
0
0
0
0
0
0
0
0
0
0
0
0
0
0
0
0
0
0
0
0
0
0
0
0
0
0
0
0
0
0
0
0
0
0
0
0
0
0
0
0
0
0
0
0
0
0
0
0
0
0
0
0
0
0
0
0
0
0
0
0
0
0
0
0
0
0
0
0
0
0
0
0
0
0
0
0
0
0
0
0
0
0
0
0
0
0
0
0
0
0
0
0
0
0
0
0
0
0
0
0
0
0
0
0
0
0
0
0
0
0
0
0
0
0
0
0
0
0
0
0
0
0
0
0
0
0
0
0
0
0
0
0
0
0
0.0117647
0.0627451
0
0
0
0
0
0
0.0705882
0.054902
0
0
0
0
0
0
0
0
0
0
0.227451
0.690196
0
0
0.0392157
0.0862745
0
0
0.596078
0.376471
0
0
0
0
0
0
0
0
0
0
0.00392157
0.811765
0.211765
0
0.427451
0.552941
0
0.0862745
0.870588
0.0431373
0
0
0
0
0
0
0
0
0
0
0
0.247059
0.729412
0.00392157
0.760784
0.752941
0.00392157
0.686275
0.4
0
0
0
0
0
0
0
0
0
0
0
0
0
0.690196
0.701961
0.654902
0.627451
0.796078
0.72549
0
0
0
0
0
0
0
0
0
0
0
0
0
0
0.0901961
0.341176
0.054902
0.027451
0.392157
0.0862745
0
0
0
0
0
0
0
0
0
0
0
0
0
0
0
0
0
0
0
0
0
0
0
0
0
0
0
0
0
0
0
0
0
0
0
0
0
0
0
0
0
0
0
0
0
0
0
0
0
0
0
0
0
0
0
0
0
0
0
0
0
0
0
0
0
0
0
0
0
0
0
0
0
0
0
0
0
0
0
0
0
0
0
0
0
0
0
0
0
0
0
0
0
0
0
0
0
0
0
0
0
0
0
0
0
0
0
0
0
0
0
0
0
0
0
0
0
0
0
0
0
0
0
0
0
0
