0
0
0
0
0
0
0
0
0
0
0
0
0
0
0
0
0
0
0
0
0
0
0
0
0
0
0
0
0
0
0
0
0
0
0
0
0
0
0
0
0
0
0
0
0
0
0
0
0
0
0
0
0
0
0
0
0
0
0
0
0
0
0
0
0
0
0
0
0
0
0
0
0
0
0
0
0
0
0
0
0
0
0
0
0
0
0
0
0
0
0
0
0
0
0
0
0
0
0
0
0
0
0
0
0
0
0
0
0
0
0
0
0
0
0
0
0
0
0
0
0
0
0
0
0
0
0
0
0
0.0117647
0
0
0
0
0
0
0
0
0
0
0
0
0
0
0
0
0
0.00392157
0.619608
0.792157
0
0
0
0
0
0
0
0
0
0
0
0
0
0
0
0
0
0.380392
0.698039
0.00392157
0
0
0
0.0431373
0.760784
0.0627451
0
0
0
0
0
0
0
0
0
0
0.00392157
0.839216
0.121569
0
0.00784314
0.027451
0
0
0.654902
0.262745
0
0
0
0
0
0
0
0
0
0
0.196078
0.639216
0
0
0.458824
0.541176
0
0
0.533333
0.333333
0
0
0
0
0
0
0
0
0
0
0.447059
0.419608
0
0.12549
0.945098
0.478431
0
0.0235294
0.819608
0.12549
0
0
0
0
0
0
0
0
0
0
0.392157
0.760784
0.545098
0.752941
0.427451
0.839216
0.372549
0.729412
0.509804
0
0
0
0
0
0
0
0
0
0
0
0.00392157
0.262745
0.380392
0.0745098
0
0.2
0.521569
0.388235
0
0
0
0
0
0
0
0
0
0
0
0
0
0
0
0
0
0
0
0
0
0
0
0
0
0
0
0
0
0
0
0
0
0
0
0
0
0
0
0
0
0
0
0
0
0
0
0
0
0
0
0
0
0
0
0
0
0
0
0
0
0
0
0
0
0
0
0
0
0
0
0
0
0
0
0
0
0
0
0
0
0
0
0
0
0
0
0
0
0
0
0
0
0
0
0
0
0
0
0
0
0
0
0
0
0
0
0
0
0
0
0
0
0
0
0
0
0
0
0
0
0
0
0
0
0
