0
0
0
0
0
0
0
0
0
0
0
0
0
0
0
0
0
0
0
0
0
0
0
0
0
0
0
0
0
0
0
0
0
0
0
0
0
0
0
0
0
0
0
0
0
0
0
0
0
0
0
0
0
0
0
0
0
0
0
0
0
0
0
0
0
0
0
0
0
0
0
0
0
0
0
0
0
0
0
0
0
0
0
0
0
0
0
0
0
0
0
0
0
0
0
0
0
0
0
0
0
0
0
0
0
0
0
0
0
0
0
0
0
0
0
0
0
0
0
0
0
0
0
0
0
0
0
0
0
0
0
0
0
0
0
0
0
0
0
0
0
0
0
0
0
0
0
0
0
0
0
0
0
0
0
0
0
0
0
0
0
0
0
0
0
0
0
0.654902
0.301961
0
0
0
0.00392157
0.803922
0.321569
0
0
0
0
0
0
0
0
0
0
0
0.0117647
0.87451
0.00392157
0
0.541176
0.172549
0
0.2
0.862745
0.00392157
0
0
0
0
0
0
0
0
0
0
0.12549
0.772549
0
0
0.819608
0.219608
0
0
0.894118
0.0196078
0
0
0
0
0
0
0
0
0
0
0.0901961
0.854902
0.0784314
0.160784
0.964706
0.611765
0.0784314
0.223529
0.803922
0
0
0
0
0
0
0
0
0
0
0
0
0.32549
0.878431
0.929412
0.403922
0.466667
0.858824
0.878431
0.2
0
0
0
0
0
0
0
0
0
0
0
0
0
0.00392157
0.027451
0
0
0
0
0
0
0
0
0
0
0
0
0
0
0
0
0
0
0
0
0
0
0
0
0
0
0
0
0
0
0
0
0
0
0
0
0
0
0
0
0
0
0
0
0
0
0
0
0
0
0
0
0
0
0
0
0
0
0
0
0
0
0
0
0
0
0
0
0
0
0
0
0
0
0
0
0
0
0
0
0
0
0
0
0
0
0
0
0
0
0
0
0
0
0
0
0
0
0
0
0
0
0
0
0
0
0
0
0
0
0
0
0
0
0
0
0
0
0
0
0
0
0
0
0
0
0
0
0
0
