0
0
0
0
0
0
0
0
0
0
0
0
0
0
0
0
0
0
0
0
0
0
0
0
0
0
0
0
0
0
0
0
0
0
0
0
0
0
0
0
0
0
0
0
0
0
0
0
0
0
0
0
0
0
0
0
0
0
0
0
0
0
0
0
0
0
0
0
0
0
0
0
0
0
0
0
0
0
0
0
0
0
0
0
0
0
0
0
0
0
0
0
0
0
0
0
0
0
0
0
0
0
0
0
0
0
0
0
0
0
0
0
0
0
0
0
0
0
0
0
0
0
0
0
0
0
0
0
0
0
0
0
0
0
0
0
0
0
0
0
0
0
0
0
0
0
0
0.270588
0.262745
0
0
0
0
0.054902
0.0784314
0
0
0
0
0
0
0
0
0
0
0
0.0627451
0.87451
0.152941
0
0
0
0
0.258824
0.8
0.00784314
0
0
0
0
0
0
0
0
0
0
0.435294
0.486275
0
0
0
0
0
0
0.745098
0.164706
0
0
0
0
0
0
0
0
0
0
0.658824
0.137255
0
0.141176
0.345098
0
0
0
0.670588
0.203922
0
0
0
0
0
0
0
0
0
0
0.737255
0.145098
0
0.286275
0.686275
0
0
0
0.752941
0.156863
0
0
0
0
0
0
0
0
0
0
0.486275
0.647059
0.00784314
0.360784
0.952941
0.505882
0.321569
0.305882
0.858824
0.00784314
0
0
0
0
0
0
0
0
0
0
0.00392157
0.568627
0.835294
0.878431
0.211765
0.345098
0.580392
0.686275
0.2
0
0
0
0
0
0
0
0
0
0
0
0
0
0.0470588
0.141176
0
0
0
0
0
0
0
0
0
0
0
0
0
0
0
0
0
0
0
0
0
0
0
0
0
0
0
0
0
0
0
0
0
0
0
0
0
0
0
0
0
0
0
0
0
0
0
0
0
0
0
0
0
0
0
0
0
0
0
0
0
0
0
0
0
0
0
0
0
0
0
0
0
0
0
0
0
0
0
0
0
0
0
0
0
0
0
0
0
0
0
0
0
0
0
0
0
0
0
0
0
0
0
0
0
0
0
0
0
0
