0
0
0
0
0
0
0
0
0
0
0
0
0
0
0
0
0
0
0
0
0
0
0
0
0
0
0
0
0
0
0
0
0
0
0
0
0
0
0
0
0
0
0
0
0
0
0
0
0
0
0
0
0
0
0
0
0
0
0
0
0
0
0
0
0
0
0
0
0
0
0
0
0
0
0
0
0
0
0
0
0
0
0
0
0
0
0
0
0
0
0
0
0
0
0
0
0
0
0
0
0
0
0
0
0
0
0
0
0
0
0
0
0
0
0
0
0
0
0
0
0
0
0
0
0
0
0
0
0
0
0
0
0
0
0
0
0
0
0
0
0
0
0
0
0
0
0
0
0
0
0
0
0
0
0
0
0
0
0
0
0
0
0
0
0
0
0.180392
0
0
0
0
0
0
0
0
0.541176
0.0117647
0
0
0
0
0
0
0
0
0
0.886275
0.0196078
0
0
0
0
0
0
0.027451
0.886275
0
0
0
0
0
0
0
0
0
0
0.756863
0.239216
0
0.141176
0.560784
0.00392157
0
0
0.313726
0.607843
0
0
0
0
0
0
0
0
0
0
0.188235
0.843137
0.0784314
0.509804
0.862745
0.501961
0
0.054902
0.811765
0.164706
0
0
0
0
0
0
0
0
0
0
0
0.403922
0.72549
0.866667
0.0862745
0.741176
0.564706
0.792157
0.372549
0
0
0
0
0
0
0
0
0
0
0
0
0
0.533333
0.686275
0
0.00784314
0.580392
0.360784
0
0
0
0
0
0
0
0
0
0
0
0
0
0
0
0.00392157
0
0
0
0
0
0
0
0
0
0
0
0
0
0
0
0
0
0
0
0
0
0
0
0
0
0
0
0
0
0
0
0
0
0
0
0
0
0
0
0
0
0
0
0
0
0
0
0
0
0
0
0
0
0
0
0
0
0
0
0
0
0
0
0
0
0
0
0
0
0
0
0
0
0
0
0
0
0
0
0
0
0
0
0
0
0
0
0
0
0
0
0
0
0
0
0
0
0
0
0
0
0
0
0
0
0
0
0
0
0
