0
0
0
0
0
0
0
0
0
0
0
0
0
0
0
0
0
0
0
0
0
0
0
0
0
0
0
0
0
0
0
0
0
0
0
0
0
0
0
0
0
0
0
0
0
0
0
0
0
0
0
0
0
0
0
0
0
0
0
0
0
0
0
0
0
0
0
0
0
0
0
0
0
0
0
0
0
0
0
0
0
0
0
0
0
0
0
0
0
0
0
0
0
0
0
0
0
0
0
0
0
0
0
0
0
0
0
0
0
0
0
0
0
0
0
0
0
0
0
0
0
0
0
0
0
0
0
0
0
0
0
0
0
0
0
0
0
0
0
0
0
0
0
0
0
0
0
0
0.027451
0.00784314
0
0
0
0
0
0.239216
0.00392157
0
0
0
0
0
0
0
0
0
0
0
0.698039
0.309804
0
0
0
0
0
0.737255
0.258824
0
0
0
0
0
0
0
0
0
0
0.309804
0.992157
0.278431
0
0.0392157
0.2
0
0
0.352941
0.564706
0
0
0
0
0
0
0
0
0
0.239216
0.862745
0.729412
0.266667
0
0.313726
0.694118
0
0
0.270588
0.603922
0
0
0
0
0
0
0
0
0.360784
0.858824
0.156863
0.607843
0.27451
0
0.372549
0.776471
0
0
0.501961
0.431373
0
0
0
0
0
0
0
0
0.00392157
0.00392157
0
0.611765
0.278431
0
0.647059
0.941176
0.00392157
0.156863
0.811765
0.027451
0
0
0
0
0
0
0
0
0
0
0
0.529412
0.827451
0.780392
0.67451
0.72549
0.611765
0.8
0.231373
0
0
0
0
0
0
0
0
0
0
0
0
0.027451
0.152941
0.141176
0.00784314
0.0627451
0.392157
0.109804
0
0
0
0
0
0
0
0
0
0
0
0
0
0
0
0
0
0
0
0
0
0
0
0
0
0
0
0
0
0
0
0
0
0
0
0
0
0
0
0
0
0
0
0
0
0
0
0
0
0
0
0
0
0
0
0
0
0
0
0
0
0
0
0
0
0
0
0
0
0
0
0
0
0
0
0
0
0
0
0
0
0
0
0
0
0
0
0
0
0
0
0
0
0
0
0
0
0
0
0
0
0
0
0
0
