0
0
0
0
0
0
0
0
0
0
0
0
0
0
0
0
0
0
0
0
0
0
0
0
0
0
0
0
0
0
0
0
0
0
0
0
0
0
0
0
0
0
0
0
0
0
0
0
0
0
0
0
0
0
0
0
0
0
0
0
0
0
0
0
0
0
0
0
0
0
0
0
0
0
0
0
0
0
0
0
0
0
0
0
0
0
0
0
0
0
0
0
0
0
0
0
0
0
0
0
0
0
0
0
0
0
0
0
0
0
0
0
0
0
0
0
0
0
0
0
0
0
0
0
0
0
0
0
0
0
0
0
0
0
0
0
0
0
0
0
0
0
0
0
0
0
0
0
0
0
0
0
0
0
0
0
0
0
0
0
0
0
0
0
0
0
0
0.0901961
0
0
0
0
0
0
0.286275
0.752941
0.188235
0
0
0
0
0
0
0
0
0
0.105882
0.980392
0.0196078
0
0.494118
0.301961
0
0
0.807843
0.945098
0.8
0.00392157
0
0
0
0
0
0
0
0.0627451
0.819608
0.960784
0
0
0.596078
0.380392
0
0
0.188235
0.643137
0.576471
0
0
0
0
0
0
0
0.219608
0.780392
0.396078
0.894118
0
0
0.780392
0.431373
0
0
0.196078
0.862745
0.0941176
0
0
0
0
0
0
0.12549
0.745098
0.254902
0
0.87451
0
0.137255
0.945098
0.776471
0.188235
0.423529
0.866667
0.219608
0
0
0
0
0
0
0
0
0
0
0
0.843137
0.490196
0.854902
0.298039
0.505882
0.764706
0.52549
0.0980392
0
0
0
0
0
0
0
0
0
0
0
0
0.164706
0.478431
0.172549
0
0
0
0
0
0
0
0
0
0
0
0
0
0
0
0
0
0
0
0
0
0
0
0
0
0
0
0
0
0
0
0
0
0
0
0
0
0
0
0
0
0
0
0
0
0
0
0
0
0
0
0
0
0
0
0
0
0
0
0
0
0
0
0
0
0
0
0
0
0
0
0
0
0
0
0
0
0
0
0
0
0
0
0
0
0
0
0
0
0
0
0
0
0
0
0
0
0
0
0
0
0
0
0
0
0
0
0
0
0
