0
0
0
0
0
0
0
0
0
0
0
0
0
0
0
0
0
0
0
0
0
0
0
0
0
0
0
0
0
0
0
0
0
0
0
0
0
0
0
0
0
0
0
0
0
0
0
0
0
0
0
0
0
0
0
0
0
0
0
0
0
0
0
0
0
0
0
0
0
0
0
0
0
0
0
0
0
0
0
0
0
0
0
0
0
0
0
0
0
0
0
0
0
0
0
0
0
0
0
0
0
0
0
0
0
0
0
0
0
0
0
0
0
0
0
0
0
0
0
0
0
0
0
0
0
0
0
0
0
0
0
0
0
0
0
0
0
0
0
0
0
0
0
0
0
0
0
0
0.133333
0.164706
0
0
0.00784314
0
0
0
0
0
0
0
0
0
0
0
0
0
0
0
0.462745
0.67451
0.156863
0.545098
0.937255
0.0117647
0
0
0
0
0
0
0
0
0
0
0
0
0
0
0.0313726
0.443137
0.694118
0.709804
0.796078
0
0
0
0
0
0
0
0
0
0
0
0
0
0
0
0
0
0
0.278431
0.498039
0
0
0
0
0
0
0
0
0
0
0
0
0
0
0
0
0
0.721569
0.956863
0.929412
0.270588
0
0
0
0
0
0
0
0
0
0
0
0
0
0
0
0
0
0.733333
0.180392
0.0313726
0
0
0
0
0
0
0
0
0
0
0
0
0
0
0
0
0
0.847059
0
0
0
0
0
0
0
0
0
0
0
0
0
0
0
0
0
0
0.0392157
0.772549
0
0
0
0
0
0
0
0
0
0
0
0
0
0
0
0
0
0
0.247059
0.647059
0
0
0
0
0
0
0
0
0
0
0
0
0
0
0
0
0
0
0.12549
0.305882
0
0
0
0
0
0
0
0
0
0
0
0
0
0
0
0
0
0
0
0
0
0
0
0
0
0
0
0
0
0
0
0
0
0
0
0
0
0
0
0
0
0
0
0
0
0
0
0
0
0
0
0
0
0
0
0
0
0
0
0
0
0
0
0
0
0
0
0
