0
0
0
0
0
0
0
0
0
0
0
0
0
0
0
0
0
0
0
0
0
0
0
0
0
0
0
0
0
0
0
0
0
0
0
0
0
0
0
0
0
0
0
0
0
0
0
0
0
0
0
0
0
0
0
0
0
0
0
0
0
0
0
0
0
0
0
0
0
0
0
0
0
0
0
0
0
0
0
0
0
0
0
0
0
0
0
0
0
0
0
0
0
0
0
0
0
0
0
0
0
0
0
0
0
0
0
0
0
0
0
0
0
0
0
0
0
0
0
0
0
0
0
0
0
0
0
0
0
0
0
0
0
0
0
0
0
0
0
0
0
0
0
0
0
0
0
0
0
0
0
0
0
0
0
0
0
0
0
0
0
0
0
0
0
0
0
0.443137
0.564706
0.470588
0.462745
0.368627
0.423529
0.521569
0.501961
0
0
0
0
0
0
0
0
0
0
0
0
0.2
0.337255
0.270588
0.262745
0.219608
0.243137
0.886275
0.572549
0
0
0
0
0
0
0
0
0
0
0
0
0
0
0
0
0.00392157
0.509804
0.32549
0.00392157
0
0
0
0
0
0
0
0
0
0
0
0
0
0
0.0313726
0.411765
0.666667
0.592157
0.243137
0
0
0
0
0
0
0
0
0
0
0
0
0
0
0
0.0431373
0.745098
0.803922
0.67451
0.560784
0
0
0
0
0
0
0
0
0
0
0
0
0
0
0
0
0.780392
0.141176
0
0
0
0
0
0
0
0
0
0
0
0
0
0
0
0
0
0
0.678431
0
0
0
0
0
0
0
0
0
0
0
0
0
0
0
0
0
0
0
0.87451
0
0
0
0
0
0
0
0
0
0
0
0
0
0
0
0
0
0
0
0.92549
0.00392157
0
0
0
0
0
0
0
0
0
0
0
0
0
0
0
0
0
0
0.52549
0.0392157
0
0
0
0
0
0
0
0
0
0
0
0
0
0
0
0
0
0
0
0
0
0
0
0
0
0
0
0
0
0
0
0
0
0
0
0
0
0
0
0
0
0
0
0
0
0
0
0
