0
0
0
0
0
0
0
0
0
0
0
0
0
0
0
0
0
0
0
0
0
0
0
0
0
0
0
0
0
0
0
0
0
0
0
0
0
0
0
0
0
0
0
0
0
0
0
0
0
0
0
0
0
0
0
0
0
0
0
0
0
0
0
0
0
0
0
0
0
0
0
0
0
0
0
0
0
0
0
0
0
0
0
0
0
0
0
0
0
0
0
0
0
0
0
0
0
0
0
0
0
0
0
0
0
0
0
0
0
0
0
0
0
0
0
0
0
0
0
0
0
0
0
0
0
0
0
0
0
0
0
0
0
0
0
0
0
0
0
0
0
0
0
0
0
0
0
0
0
0
0
0
0
0
0
0
0
0
0
0
0
0
0
0
0
0
0
0
0.301961
0.619608
0.662745
0.72549
0.745098
0.129412
0
0
0
0
0
0
0
0
0
0
0
0
0
0
0.121569
0.247059
0.188235
0.12549
0.705882
0.164706
0
0
0
0
0
0
0
0
0
0
0
0
0
0
0
0
0.109804
0.192157
0.866667
0.0588235
0
0
0
0
0
0
0
0
0
0
0
0
0
0
0
0
0.666667
0.941176
0.764706
0.00392157
0
0
0
0
0
0
0
0
0
0
0
0
0
0
0
0
0.105882
0.854902
0.00392157
0
0
0
0
0
0
0
0
0
0
0
0
0
0
0
0
0
0.635294
0.352941
0
0
0
0
0
0
0
0
0
0
0
0
0
0
0
0
0
0.0666667
0.870588
0.00392157
0
0
0
0
0
0
0
0
0
0
0
0
0
0
0
0
0
0.0235294
0.243137
0
0
0
0
0
0
0
0
0
0
0
0
0
0
0
0
0
0
0
0
0
0
0
0
0
0
0
0
0
0
0
0
0
0
0
0
0
0
0
0
0
0
0
0
0
0
0
0
0
0
0
0
0
0
0
0
0
0
0
0
0
0
0
0
0
0
0
0
0
0
0
0
0
0
0
0
0
0
0
0
0
0
0
0
0
0
0
0
0
