0
0
0
0
0
0
0
0
0
0
0
0
0
0
0
0
0
0
0
0
0
0
0
0
0
0
0
0
0
0
0
0
0
0
0
0
0
0
0
0
0
0
0
0
0
0
0
0
0
0
0
0
0
0
0
0
0
0
0
0
0
0
0
0
0
0
0
0
0
0
0
0
0
0
0
0
0
0
0
0
0
0
0
0
0
0
0
0
0
0
0
0
0
0
0
0
0
0
0
0
0
0
0
0
0
0
0
0
0
0
0
0
0
0
0
0
0
0
0
0
0
0
0
0
0
0
0
0
0
0
0
0
0
0
0
0
0
0
0
0
0
0
0
0
0
0
0
0
0
0
0
0
0
0
0
0
0
0
0
0
0
0
0
0
0
0
0
0
0.341176
0.760784
0.737255
0.588235
0.721569
0.329412
0
0
0
0
0
0
0
0
0
0
0
0
0
0
0.0235294
0.152941
0.137255
0.0745098
0.505882
0.439216
0
0
0
0
0
0
0
0
0
0
0
0
0
0
0
0
0.027451
0.164706
0.690196
0.392157
0
0
0
0
0
0
0
0
0
0
0
0
0
0
0
0
0.521569
0.752941
0.968627
0.611765
0
0
0
0
0
0
0
0
0
0
0
0
0
0
0
0
0
0.258824
0.690196
0
0
0
0
0
0
0
0
0
0
0
0
0
0
0
0
0
0
0.639216
0.286275
0
0
0
0
0
0
0
0
0
0
0
0
0
0
0
0
0
0
0.878431
0.0313726
0
0
0
0
0
0
0
0
0
0
0
0
0
0
0
0
0
0.00784314
0.72549
0
0
0
0
0
0
0
0
0
0
0
0
0
0
0
0
0
0
0
0
0
0
0
0
0
0
0
0
0
0
0
0
0
0
0
0
0
0
0
0
0
0
0
0
0
0
0
0
0
0
0
0
0
0
0
0
0
0
0
0
0
0
0
0
0
0
0
0
0
0
0
0
0
0
0
0
0
0
0
0
0
0
0
0
0
0
0
0
