0
0
0
0
0
0
0
0
0
0
0
0
0
0
0
0
0
0
0
0
0
0
0
0
0
0
0
0
0
0
0
0
0
0
0
0
0
0
0
0
0
0
0
0
0
0
0
0
0
0
0
0
0
0
0
0
0
0
0
0
0
0
0
0
0
0
0
0
0
0
0
0
0
0
0
0
0
0
0
0
0
0
0
0
0
0
0
0
0
0
0
0
0
0
0
0
0
0
0
0
0
0
0
0
0
0
0
0
0
0
0
0.419608
0.301961
0
0
0
0
0
0
0
0
0
0
0
0
0
0
0
0
0
0.286275
0.776471
0.121569
0
0
0
0
0
0
0
0
0
0
0
0
0
0
0
0
0.0392157
0.827451
0.101961
0
0
0
0
0
0
0
0
0
0
0
0
0
0
0
0
0
0.462745
0.466667
0
0
0
0
0
0
0
0
0
0
0
0
0
0
0
0
0
0.00392157
0.913725
0.470588
0
0
0
0
0
0
0
0
0
0
0
0
0
0
0
0
0
0.129412
0.760784
0.737255
0.588235
0
0
0
0
0
0
0
0
0
0
0
0
0
0
0
0
0.239216
0.596078
0.00392157
0.686275
0.447059
0
0
0
0
0
0
0
0
0
0
0
0
0
0
0
0.168627
0.721569
0
0.0627451
0.866667
0
0
0
0
0
0
0
0
0
0
0
0
0
0
0
0
0.745098
0.294118
0.0627451
0.878431
0
0
0
0
0
0
0
0
0
0
0
0
0
0
0
0
0.105882
0.870588
0.835294
0.454902
0
0
0
0
0
0
0
0
0
0
0
0
0
0
0
0
0
0.0705882
0.160784
0
0
0
0
0
0
0
0
0
0
0
0
0
0
0
0
0
0
0
0
0
0
0
0
0
0
0
0
0
0
0
0
0
0
0
0
0
0
0
0
0
0
0
0
0
0
0
0
0
0
0
0
0
0
0
0
0
0
0
0
0
0
0
0
0
0
0
0
0
0
0
0
0
0
0
0
0
0
0
0
0
0
0
0
0
0
0
0
