0
0
0
0
0
0
0
0
0
0
0
0
0
0
0
0
0
0
0
0
0
0
0
0
0
0
0
0
0
0
0
0
0
0
0
0
0
0
0
0
0
0
0
0
0
0
0
0
0
0
0
0
0
0
0
0
0
0
0
0
0
0
0
0
0
0
0
0
0
0
0
0
0
0
0
0
0
0
0
0
0
0
0
0
0
0
0
0
0
0
0
0
0
0
0
0
0
0
0
0
0
0
0
0
0
0
0
0
0
0
0
0
0.101961
0.219608
0
0
0
0
0
0
0
0
0
0
0
0
0
0
0
0
0
0.12549
0.858824
0.345098
0
0
0
0
0
0
0
0
0
0
0
0
0
0
0
0
0.00392157
0.764706
0.27451
0
0
0
0
0
0
0
0
0
0
0
0
0
0
0
0
0.027451
0.631373
0.219608
0
0
0
0
0
0
0
0
0
0
0
0
0
0
0
0
0
0.521569
0.486275
0
0
0
0
0
0
0
0
0
0
0
0
0
0
0
0
0
0.027451
0.870588
0.0431373
0
0
0
0
0
0
0
0
0
0
0
0
0
0
0
0
0
0.219608
0.72549
0.423529
0.721569
0.109804
0
0
0
0
0
0
0
0
0
0
0
0
0
0
0
0.266667
0.6
0.00784314
0.372549
0.796078
0.054902
0
0
0
0
0
0
0
0
0
0
0
0
0
0
0.0862745
0.635294
0
0
0.6
0.337255
0
0
0
0
0
0
0
0
0
0
0
0
0
0
0
0.560784
0.419608
0.129412
0.835294
0.145098
0
0
0
0
0
0
0
0
0
0
0
0
0
0
0
0.0666667
0.666667
0.937255
0.309804
0
0
0
0
0
0
0
0
0
0
0
0
0
0
0
0
0
0
0.0117647
0
0
0
0
0
0
0
0
0
0
0
0
0
0
0
0
0
0
0
0
0
0
0
0
0
0
0
0
0
0
0
0
0
0
0
0
0
0
0
0
0
0
0
0
0
0
0
0
0
0
0
0
0
0
0
0
0
0
0
0
0
0
0
0
0
0
0
0
