0
0
0
0
0
0
0
0
0
0
0
0
0
0
0
0
0
0
0
0
0
0
0
0
0
0
0
0
0
0
0
0
0
0
0
0
0
0
0
0
0
0
0
0
0
0
0
0
0
0
0
0
0
0
0
0
0
0
0
0
0
0
0
0
0
0
0
0
0
0
0
0
0
0
0
0
0
0
0
0
0
0
0
0
0
0
0
0
0
0
0
0
0
0
0
0
0
0
0
0
0
0
0
0
0
0
0
0
0
0
0.0588235
0.243137
0
0
0
0
0
0
0
0
0
0
0
0
0
0
0
0
0
0
0.509804
0.521569
0
0
0
0
0
0
0
0
0
0
0
0
0
0
0
0
0
0.196078
0.835294
0.0705882
0
0
0
0
0
0
0
0
0
0
0
0
0
0
0
0
0.00784314
0.741176
0.286275
0
0
0
0
0
0
0
0
0
0
0
0
0
0
0
0
0
0.239216
0.694118
0
0.00392157
0
0
0
0
0
0
0
0
0
0
0
0
0
0
0
0.0117647
0.811765
0.227451
0
0.811765
0.00784314
0
0
0
0
0
0
0
0
0
0
0
0
0
0
0.403922
0.768627
0.254902
0.254902
0.858824
0.396078
0.0980392
0
0
0
0
0
0
0
0
0
0
0
0
0
0.203922
0.529412
0.588235
0.588235
0.929412
0.635294
0.564706
0
0
0
0
0
0
0
0
0
0
0
0
0
0
0
0
0
0.878431
0.0117647
0
0
0
0
0
0
0
0
0
0
0
0
0
0
0
0
0
0
0.87451
0.00784314
0
0
0
0
0
0
0
0
0
0
0
0
0
0
0
0
0
0
0.764706
0.00392157
0
0
0
0
0
0
0
0
0
0
0
0
0
0
0
0
0
0
0.854902
0.0117647
0
0
0
0
0
0
0
0
0
0
0
0
0
0
0
0
0
0
0.0352941
0
0
0
0
0
0
0
0
0
0
0
0
0
0
0
0
0
0
0
0
0
0
0
0
0
0
0
0
0
0
0
0
0
0
0
0
0
0
0
0
0
0
0
0
0
0
0
0
