0
0
0
0
0
0
0
0
0
0
0
0
0
0
0
0
0
0
0
0
0
0
0
0
0
0
0
0
0
0
0
0
0
0
0
0
0
0
0
0
0
0
0
0
0
0
0
0
0
0
0
0
0
0
0
0
0
0
0
0
0
0
0
0
0
0
0
0
0
0
0
0
0
0
0
0
0
0
0
0
0
0
0
0
0
0
0
0
0
0
0
0
0
0
0
0
0
0
0
0
0
0
0
0
0
0
0
0
0
0
0
0
0
0
0
0
0
0
0
0
0
0
0
0
0
0
0
0
0
0.243137
0.627451
0
0
0
0
0
0
0
0
0
0
0
0
0
0
0
0
0
0.027451
0.756863
0.301961
0
0
0
0
0
0
0
0
0
0
0
0
0
0
0
0
0
0.501961
0.552941
0
0
0.0705882
0.054902
0
0
0
0
0
0
0
0
0
0
0
0
0
0.0588235
0.956863
0.0784314
0
0
0.494118
0.427451
0
0
0
0
0
0
0
0
0
0
0
0
0
0.00392157
0.478431
0.870588
0.705882
0.458824
0.643137
0.427451
0
0
0
0
0
0
0
0
0
0
0
0
0
0
0
0.00392157
0.12549
0.435294
0.792157
0.427451
0
0
0
0
0
0
0
0
0
0
0
0
0
0
0
0
0
0
0.458824
0.392157
0
0
0
0
0
0
0
0
0
0
0
0
0
0
0
0
0
0
0.431373
0.364706
0
0
0
0
0
0
0
0
0
0
0
0
0
0
0
0
0
0
0.427451
0.360784
0
0
0
0
0
0
0
0
0
0
0
0
0
0
0
0
0
0
0.486275
0.419608
0
0
0
0
0
0
0
0
0
0
0
0
0
0
0
0
0
0
0.305882
0.258824
0
0
0
0
0
0
0
0
0
0
0
0
0
0
0
0
0
0
0
0
0
0
0
0
0
0
0
0
0
0
0
0
0
0
0
0
0
0
0
0
0
0
0
0
0
0
0
0
0
0
0
0
0
0
0
0
0
0
0
0
0
0
0
0
0
0
