0
0
0
0
0
0
0
0
0
0
0
0
0
0
0
0
0
0
0
0
0
0
0
0
0
0
0
0
0
0
0
0
0
0
0
0
0
0
0
0
0
0
0
0
0
0
0
0
0
0
0
0
0
0
0
0
0
0
0
0
0
0
0
0
0
0
0
0
0
0
0
0
0
0
0
0
0
0
0
0
0
0
0
0
0
0
0
0
0
0
0
0
0
0
0
0
0
0
0
0
0
0
0
0
0
0
0
0
0
0
0
0
0
0
0
0
0
0
0
0
0
0
0
0
0
0
0
0
0
0.027451
0.811765
0.0745098
0
0
0
0
0
0
0
0
0
0
0
0
0
0
0
0
0
0.505882
0.52549
0
0
0
0
0
0
0
0
0
0
0
0
0
0
0
0
0
0.0431373
0.870588
0.054902
0
0
0
0
0
0
0
0
0
0
0
0
0
0
0
0
0
0.407843
0.568627
0
0
0
0
0
0
0
0
0
0
0
0
0
0
0
0
0
0.0117647
0.811765
0.196078
0
0.133333
0.478431
0
0
0
0
0
0
0
0
0
0
0
0
0
0
0.196078
0.909804
0.462745
0.447059
0.376471
0.811765
0.0235294
0
0
0
0
0
0
0
0
0
0
0
0
0
0
0.298039
0.396078
0.380392
0.380392
0.756863
0.0117647
0
0
0
0
0
0
0
0
0
0
0
0
0
0
0
0
0
0.262745
0.596078
0
0
0
0
0
0
0
0
0
0
0
0
0
0
0
0
0
0
0.278431
0.619608
0
0
0
0
0
0
0
0
0
0
0
0
0
0
0
0
0
0
0.0705882
0.862745
0
0
0
0
0
0
0
0
0
0
0
0
0
0
0
0
0
0
0
0.180392
0
0
0
0
0
0
0
0
0
0
0
0
0
0
0
0
0
0
0
0
0
0
0
0
0
0
0
0
0
0
0
0
0
0
0
0
0
0
0
0
0
0
0
0
0
0
0
0
0
0
0
0
0
0
0
0
0
0
0
0
0
0
0
0
0
0
0
