0
0
0
0
0
0
0
0
0
0
0
0
0
0
0
0
0
0
0
0
0
0
0
0
0
0
0
0
0
0
0
0
0
0
0
0
0
0
0
0
0
0
0
0
0
0
0
0
0
0
0
0
0
0
0
0
0
0
0
0
0
0
0
0
0
0
0
0
0
0
0
0
0
0
0
0
0
0
0
0
0
0
0
0
0
0
0
0
0
0.388235
0.137255
0
0
0
0
0
0
0
0
0
0
0
0
0
0
0
0
0
0
0.611765
0.278431
0
0
0
0
0
0
0
0
0
0
0
0
0
0
0
0
0
0
0.607843
0.27451
0
0
0
0
0
0
0
0
0
0
0
0
0
0
0
0
0
0
0.796078
0.105882
0
0
0
0
0
0
0
0
0
0
0
0
0
0
0
0
0
0.0588235
0.827451
0
0
0
0
0
0
0
0
0
0
0
0
0
0
0
0
0
0
0.592157
0.470588
0
0
0
0
0
0
0
0
0
0
0
0
0
0
0
0
0
0.109804
0.905882
0.054902
0
0.207843
0.345098
0
0
0
0
0
0
0
0
0
0
0
0
0
0
0.0470588
0.72549
0.811765
0.678431
0.701961
0.745098
0.466667
0.494118
0.164706
0
0
0
0
0
0
0
0
0
0
0
0
0
0.027451
0.152941
0.243137
0.921569
0.419608
0.427451
0.133333
0
0
0
0
0
0
0
0
0
0
0
0
0
0
0
0
0.592157
0.419608
0
0
0
0
0
0
0
0
0
0
0
0
0
0
0
0
0
0
0.0784314
0.87451
0.0470588
0
0
0
0
0
0
0
0
0
0
0
0
0
0
0
0
0
0
0.631373
0.290196
0
0
0
0
0
0
0
0
0
0
0
0
0
0
0
0
0
0
0.231373
0.192157
0
0
0
0
0
0
0
0
0
0
0
0
0
0
0
0
0
0
0
0
0
0
0
0
0
0
0
0
0
0
0
0
0
0
0
0
0
0
0
0
0
0
0
0
0
0
0
0
0
0
0
0
0
0
0
0
0
0
0
0
0
0
0
0
0
