0
0
0
0
0
0
0
0
0
0
0
0
0
0
0
0
0
0
0
0
0
0
0
0
0
0
0
0
0
0
0
0
0
0
0
0
0
0
0
0
0
0
0
0
0
0
0
0
0
0
0
0
0
0
0
0
0
0
0
0
0
0
0
0
0
0
0
0
0
0
0
0
0
0
0
0
0
0
0
0
0
0
0
0
0
0
0
0
0
0
0
0
0
0
0
0
0
0
0
0
0
0
0
0
0
0
0
0
0
0.00784314
0.654902
0
0
0
0
0
0
0
0
0
0
0
0
0
0
0
0
0
0
0.054902
0.776471
0
0
0
0
0
0
0
0
0
0
0
0
0
0
0
0
0
0
0.388235
0.521569
0
0
0
0
0
0
0
0
0
0
0
0
0
0
0
0
0
0
0.568627
0.298039
0
0
0
0
0
0
0
0
0
0
0
0
0
0
0
0
0
0
0.639216
0.192157
0.12549
0.301961
0
0
0
0
0
0
0
0
0
0
0
0
0
0
0
0
0.733333
0.145098
0.345098
0.552941
0
0
0
0
0
0
0
0
0
0
0
0
0
0
0
0
0.737255
0.278431
0.447059
0.513726
0
0
0
0
0
0
0
0
0
0
0
0
0
0
0
0
0.254902
0.788235
0.898039
0.603922
0
0
0
0
0
0
0
0
0
0
0
0
0
0
0
0
0
0
0.411765
0.478431
0
0
0
0
0
0
0
0
0
0
0
0
0
0
0
0
0
0
0.286275
0.678431
0
0
0
0
0
0
0
0
0
0
0
0
0
0
0
0
0
0
0.0392157
0.227451
0
0
0
0
0
0
0
0
0
0
0
0
0
0
0
0
0
0
0
0
0
0
0
0
0
0
0
0
0
0
0
0
0
0
0
0
0
0
0
0
0
0
0
0
0
0
0
0
0
0
0
0
0
0
0
0
0
0
0
0
0
0
0
0
0
0
0
0
0
0
0
0
0
0
0
0
0
0
0
0
0
0
0
0
0
0
0
