0
0
0
0
0
0
0
0
0
0
0
0
0
0
0
0
0
0
0
0
0
0
0
0
0
0
0
0
0
0
0
0
0
0
0
0
0
0
0
0
0
0
0
0
0
0
0
0
0
0
0
0
0
0
0
0
0
0
0
0
0
0
0
0
0
0
0
0
0
0
0
0
0
0
0
0
0
0
0
0
0
0
0
0
0
0
0
0
0
0
0
0
0
0
0
0
0
0
0
0
0
0
0
0
0
0
0
0
0
0
0
0
0
0
0
0
0
0
0
0
0
0
0
0
0
0
0
0
0
0
0.12549
0.0784314
0
0
0
0
0
0
0
0
0
0
0
0
0
0
0
0
0
0
0.639216
0.32549
0
0
0
0
0
0
0
0
0
0
0
0
0
0
0
0
0
0.0313726
0.686275
0.0627451
0
0
0
0
0
0
0
0
0
0
0
0
0
0
0
0
0
0.207843
0.454902
0
0
0
0
0
0
0
0
0
0
0
0
0
0
0
0
0
0
0.686275
0.235294
0.105882
0.133333
0
0
0
0
0
0
0
0
0
0
0
0
0
0
0
0
0.858824
0.301961
0.572549
0.643137
0.0431373
0
0
0
0
0
0
0
0
0
0
0
0
0
0
0
0.352941
0.607843
0.760784
0.803922
0.137255
0
0
0
0
0
0
0
0
0
0
0
0
0
0
0
0
0
0.392157
0.537255
0
0
0
0
0
0
0
0
0
0
0
0
0
0
0
0
0
0
0.133333
0.231373
0
0
0
0
0
0
0
0
0
0
0
0
0
0
0
0
0
0
0
0
0
0
0
0
0
0
0
0
0
0
0
0
0
0
0
0
0
0
0
0
0
0
0
0
0
0
0
0
0
0
0
0
0
0
0
0
0
0
0
0
0
0
0
0
0
0
0
0
0
0
0
0
0
0
0
0
0
0
0
0
0
0
0
0
0
0
0
0
0
0
0
0
0
0
0
0
0
0
0
0
0
0
0
0
0
0
0
