0
0
0
0
0
0
0
0
0
0
0
0
0
0
0
0
0
0
0
0
0
0
0
0
0
0
0
0
0
0
0
0
0
0
0
0
0
0
0
0
0
0
0
0
0
0
0
0
0
0
0
0
0
0
0
0
0
0
0
0
0
0
0
0
0
0
0
0
0
0
0
0
0
0
0
0
0
0
0
0
0
0
0
0
0
0
0
0
0
0
0
0
0
0
0
0
0
0
0
0
0
0
0
0
0
0
0
0
0
0
0.00392157
0
0
0
0
0
0
0
0
0
0
0
0
0
0
0
0
0
0
0.266667
0.580392
0
0
0
0
0
0
0
0
0
0
0
0
0
0
0
0
0
0
0.596078
0.388235
0
0
0
0
0
0
0
0
0
0
0
0
0
0
0
0
0
0.0705882
0.780392
0.0392157
0.00392157
0.176471
0
0
0
0
0
0
0
0
0
0
0
0
0
0
0
0.403922
0.513726
0
0.12549
0.811765
0
0
0
0
0
0
0
0
0
0
0
0
0
0
0
0.505882
0.396078
0
0.203922
0.670588
0
0
0
0
0
0
0
0
0
0
0
0
0
0
0
0.278431
0.721569
0.443137
0.588235
0.67451
0
0
0
0
0
0
0
0
0
0
0
0
0
0
0
0
0.141176
0.372549
0.470588
0.529412
0
0
0
0
0
0
0
0
0
0
0
0
0
0
0
0
0
0
0.152941
0.560784
0
0
0
0
0
0
0
0
0
0
0
0
0
0
0
0
0
0
0.286275
0.643137
0
0
0
0
0
0
0
0
0
0
0
0
0
0
0
0
0
0
0.101961
0.262745
0
0
0
0
0
0
0
0
0
0
0
0
0
0
0
0
0
0
0
0
0
0
0
0
0
0
0
0
0
0
0
0
0
0
0
0
0
0
0
0
0
0
0
0
0
0
0
0
0
0
0
0
0
0
0
0
0
0
0
0
0
0
0
0
0
0
0
0
0
0
0
0
0
0
0
0
0
0
0
0
0
0
0
0
0
0
0
