0
0
0
0
0
0
0
0
0
0
0
0
0
0
0
0
0
0
0
0
0
0
0
0
0
0
0
0
0
0
0
0
0
0
0
0
0
0
0
0
0
0
0
0
0
0
0
0
0
0
0
0
0
0
0
0
0
0
0
0
0
0
0
0
0
0
0
0
0
0
0
0
0
0
0
0
0
0
0
0
0
0
0
0
0
0
0
0
0
0
0
0
0
0
0
0
0
0
0
0
0
0
0
0
0
0
0
0
0
0
0
0
0
0
0
0
0
0
0
0
0
0
0
0
0
0
0
0
0
0
0.521569
0.192157
0
0
0
0
0
0
0
0
0
0
0
0
0
0
0
0
0
0.145098
0.835294
0.0235294
0
0
0
0
0
0
0
0
0
0
0
0
0
0
0
0
0
0.643137
0.341176
0
0
0
0
0
0
0
0
0
0
0
0
0
0
0
0
0
0.172549
0.811765
0.0117647
0
0
0
0
0
0
0
0
0
0
0
0
0
0
0
0
0
0.337255
0.627451
0.027451
0.0117647
0.701961
0.00784314
0
0
0
0
0
0
0
0
0
0
0
0
0
0
0.0705882
0.686275
0.890196
0.886275
0.945098
0.00392157
0
0
0
0
0
0
0
0
0
0
0
0
0
0
0
0
0
0
0.847059
0.0117647
0
0
0
0
0
0
0
0
0
0
0
0
0
0
0
0
0
0
0.772549
0.105882
0
0
0
0
0
0
0
0
0
0
0
0
0
0
0
0
0
0
0.701961
0.172549
0
0
0
0
0
0
0
0
0
0
0
0
0
0
0
0
0
0
0.431373
0.113725
0
0
0
0
0
0
0
0
0
0
0
0
0
0
0
0
0
0
0
0
0
0
0
0
0
0
0
0
0
0
0
0
0
0
0
0
0
0
0
0
0
0
0
0
0
0
0
0
0
0
0
0
0
0
0
0
0
0
0
0
0
0
0
0
0
0
0
0
0
0
0
0
0
0
0
0
0
0
0
0
0
0
0
0
0
0
