0
0
0
0
0
0
0
0
0
0
0
0
0
0
0
0
0
0
0
0
0
0
0
0
0
0
0
0
0
0
0
0
0
0
0
0
0
0
0
0
0
0
0
0
0
0
0
0
0
0
0
0
0
0
0
0
0
0
0
0
0
0
0
0
0
0
0
0
0
0
0
0
0
0
0
0
0
0
0
0
0
0
0
0
0
0
0
0
0
0
0
0
0
0
0
0
0
0
0
0
0
0
0
0
0
0
0
0
0
0
0
0
0
0
0
0
0
0
0
0
0
0
0
0
0
0
0
0
0
0
0
0
0
0
0
0
0
0
0
0
0
0
0
0
0
0
0
0
0.0431373
0.686275
0.807843
0.878431
0.313726
0
0
0
0
0
0
0
0
0
0
0
0
0
0
0
0.0588235
0.4
0.0196078
0.419608
0.470588
0
0
0
0
0
0
0
0
0
0
0
0
0
0
0
0
0
0
0.466667
0.4
0
0
0
0
0
0
0
0
0
0
0
0
0
0
0
0
0
0.137255
0.862745
0.109804
0
0
0
0
0
0
0
0
0
0
0
0
0
0
0
0
0.0666667
0.819608
0.278431
0
0
0
0
0
0
0
0
0
0
0
0
0
0
0
0.403922
0.87451
0.976471
0.921569
0.705882
0.105882
0
0
0
0
0
0
0
0
0
0
0
0
0
0.27451
0.996078
0.803922
0.270588
0.00784314
0.356863
0.878431
0.486275
0.235294
0
0
0
0
0
0
0
0
0
0
0
0.0392157
0.172549
0.00784314
0
0
0
0.12549
0.498039
0.388235
0
0
0
0
0
0
0
0
0
0
0
0
0
0
0
0
0
0
0
0
0
0
0
0
0
0
0
0
0
0
0
0
0
0
0
0
0
0
0
0
0
0
0
0
0
0
0
0
0
0
0
0
0
0
0
0
0
0
0
0
0
0
0
0
0
0
0
0
0
0
0
0
0
0
0
0
0
0
0
0
0
0
0
0
0
0
0
0
0
0
0
0
0
0
0
0
0
0
0
0
0
0
0
0
0
