0
0
0
0
0
0
0
0
0
0
0
0
0
0
0
0
0
0
0
0
0
0
0
0
0
0
0
0
0
0
0
0
0
0
0
0
0
0
0
0
0
0
0
0
0
0
0
0
0
0
0
0
0
0
0
0
0
0
0
0
0
0
0
0
0
0
0
0
0
0
0
0
0
0
0
0
0
0
0
0
0
0
0
0
0
0
0
0
0
0
0
0
0
0
0
0
0
0
0
0
0
0
0
0
0
0
0
0
0
0
0
0
0
0
0
0
0
0
0
0
0
0
0
0
0
0
0
0
0
0
0
0
0
0
0
0
0
0
0
0
0
0
0
0
0
0
0
0
0.541176
0.858824
0.866667
0.862745
0.619608
0.027451
0
0
0
0
0
0
0
0
0
0
0
0
0
0
0.0705882
0.00392157
0
0.0313726
0.737255
0.168627
0
0
0
0
0
0
0
0
0
0
0
0
0
0
0
0
0
0.027451
0.870588
0.00784314
0
0
0
0
0
0
0
0
0
0
0
0
0
0
0
0
0.00784314
0.639216
0.466667
0
0
0
0
0
0
0
0
0
0
0
0
0
0
0
0
0.00392157
0.611765
0.564706
0.00392157
0
0
0
0
0
0
0
0
0
0
0
0
0
0
0
0.0117647
0.572549
0.611765
0.00392157
0
0
0
0
0
0
0
0
0
0
0
0
0
0
0
0.054902
0.827451
0.823529
0.262745
0.270588
0.223529
0.00784314
0
0
0
0
0
0
0
0
0
0
0
0
0
0.0235294
0.396078
0.52549
0.588235
0.603922
0.772549
0.494118
0
0
0
0
0
0
0
0
0
0
0
0
0
0
0
0
0
0
0
0
0
0
0
0
0
0
0
0
0
0
0
0
0
0
0
0
0
0
0
0
0
0
0
0
0
0
0
0
0
0
0
0
0
0
0
0
0
0
0
0
0
0
0
0
0
0
0
0
0
0
0
0
0
0
0
0
0
0
0
0
0
0
0
0
0
0
0
0
0
0
0
0
0
0
0
0
0
0
0
0
0
0
0
0
0
0
