0
0
0
0
0
0
0
0
0
0
0
0
0
0
0
0
0
0
0
0
0
0
0
0
0
0
0
0
0
0
0
0
0
0
0
0
0
0
0
0
0
0
0
0
0
0
0
0
0
0
0
0
0
0
0
0
0
0
0
0
0
0
0
0
0
0
0
0
0
0
0
0
0
0
0
0
0
0
0
0
0
0
0
0
0
0
0
0
0
0
0
0
0
0
0
0
0
0
0
0
0
0
0
0
0
0
0
0.137255
0.192157
0.211765
0.203922
0.227451
0.12549
0
0
0
0
0
0
0
0
0
0
0
0
0
0.596078
0.807843
0.658824
0.678431
0.670588
0.694118
0.87451
0.352941
0
0
0
0
0
0
0
0
0
0
0
0
0.137255
0.0431373
0
0
0
0
0.403922
0.470588
0
0
0
0
0
0
0
0
0
0
0
0
0
0
0
0
0
0
0.407843
0.47451
0
0
0
0
0
0
0
0
0
0
0
0
0
0
0
0
0
0
0.572549
0.372549
0
0
0
0
0
0
0
0
0
0
0
0
0
0
0
0
0
0
0.843137
0.101961
0
0
0
0
0
0
0
0
0
0
0
0
0
0
0
0
0
0.219608
0.760784
0
0
0
0
0
0
0
0
0
0
0
0
0
0
0
0
0
0.0235294
0.768627
0.243137
0
0
0
0
0
0
0
0
0
0
0
0
0
0
0
0
0.0392157
0.698039
0.556863
0
0
0
0
0
0
0
0
0
0
0
0
0
0
0
0.027451
0.352941
0.768627
0.878431
0.552941
0.552941
0.509804
0.290196
0.129412
0.00392157
0
0
0
0
0
0
0
0
0
0
0.0980392
0.639216
0.396078
0.313726
0.352941
0.352941
0.380392
0.607843
0.788235
0.239216
0
0
0
0
0
0
0
0
0
0
0
0
0
0
0
0
0
0
0
0
0
0
0
0
0
0
0
0
0
0
0
0
0
0
0
0
0
0
0
0
0
0
0
0
0
0
0
0
0
0
0
0
0
0
0
0
0
0
0
0
0
0
0
0
0
0
0
0
0
0
0
0
0
0
0
0
0
0
0
0
0
0
0
