0
0
0
0
0
0
0
0
0
0
0
0
0
0
0
0
0
0
0
0
0
0
0
0
0
0
0
0
0
0
0
0
0
0
0
0
0
0
0
0
0
0
0
0
0
0
0
0
0
0
0
0
0
0
0
0
0
0
0
0
0
0
0
0
0
0
0
0
0
0
0
0
0
0
0
0
0
0
0
0
0
0
0
0
0
0
0
0
0
0
0
0
0
0
0
0
0
0
0
0
0
0
0
0
0
0
0
0
0.0862745
0.447059
0.470588
0.537255
0.388235
0.0117647
0
0
0
0
0
0
0
0
0
0
0
0
0
0
0.572549
0.588235
0.298039
0.337255
0.639216
0.435294
0
0
0
0
0
0
0
0
0
0
0
0
0
0
0.0313726
0.00392157
0
0
0.0901961
0.72549
0
0
0
0
0
0
0
0
0
0
0
0
0
0
0
0
0
0
0.0392157
0.67451
0
0
0
0
0
0
0
0
0
0
0
0
0
0
0
0
0
0
0.156863
0.72549
0
0
0
0
0
0
0
0
0
0
0
0
0
0
0
0
0
0
0.403922
0.486275
0
0
0
0
0
0
0
0
0
0
0
0
0
0
0
0
0
0.0705882
0.858824
0.0352941
0
0
0
0
0
0
0
0
0
0
0
0
0
0
0
0
0.00392157
0.352941
0.301961
0
0
0
0
0
0
0
0
0
0
0
0
0
0
0
0
0.0117647
0.345098
0.447059
0
0
0
0
0
0
0
0
0
0
0
0
0
0
0
0.0313726
0.431373
0.662745
0.870588
0.545098
0.47451
0.101961
0
0
0
0
0
0
0
0
0
0
0
0
0
0.0431373
0.498039
0.4
0.337255
0.345098
0.701961
0.262745
0
0
0
0
0
0
0
0
0
0
0
0
0
0
0
0
0
0
0
0
0
0
0
0
0
0
0
0
0
0
0
0
0
0
0
0
0
0
0
0
0
0
0
0
0
0
0
0
0
0
0
0
0
0
0
0
0
0
0
0
0
0
0
0
0
0
0
0
0
0
0
0
0
0
0
0
0
0
0
0
0
0
0
0
0
0
