0
0
0
0
0
0
0
0
0
0
0
0
0
0
0
0
0
0
0
0
0
0
0
0
0
0
0
0
0
0
0
0
0
0
0
0
0
0
0
0
0
0
0
0
0
0
0
0
0
0
0
0
0
0
0
0
0
0
0
0
0
0
0
0
0
0
0
0
0
0
0
0
0
0
0
0
0
0
0
0
0
0
0
0
0
0
0
0
0
0
0
0
0
0
0
0
0
0
0
0
0
0
0
0
0
0
0
0
0
0
0
0
0
0
0
0
0
0
0
0
0
0
0
0
0
0
0
0
0
0.0313726
0.0431373
0
0
0
0
0
0
0
0
0
0
0
0
0
0
0
0
0
0
0.431373
0.937255
0.886275
0.67451
0
0
0
0
0
0
0
0
0
0
0
0
0
0
0
0
0.403922
0.486275
0.0196078
0.0392157
0
0
0
0
0
0
0
0
0
0
0
0
0
0
0
0
0.470588
0.403922
0
0
0
0
0
0
0
0
0
0
0
0
0
0
0
0
0
0
0.486275
0.27451
0
0
0
0
0
0
0
0
0
0
0
0
0
0
0
0
0
0
0.701961
0.866667
0.866667
0.00392157
0
0
0
0
0
0
0
0
0
0
0
0
0
0
0
0
0.792157
0.145098
0.00392157
0
0
0
0
0
0
0
0
0
0
0
0
0
0
0
0
0.231373
0.92549
0.313726
0.243137
0.27451
0
0
0
0
0
0
0
0
0
0
0
0
0
0
0
0.133333
0.8
0.478431
0.407843
0.454902
0
0
0
0
0
0
0
0
0
0
0
0
0
0
0
0
0
0
0
0
0
0
0
0
0
0
0
0
0
0
0
0
0
0
0
0
0
0
0
0
0
0
0
0
0
0
0
0
0
0
0
0
0
0
0
0
0
0
0
0
0
0
0
0
0
0
0
0
0
0
0
0
0
0
0
0
0
0
0
0
0
0
0
0
0
0
0
0
0
0
0
0
0
0
0
0
0
0
0
0
0
0
0
0
0
0
0
