0
0
0
0
0
0
0
0
0
0
0
0
0
0
0
0
0
0
0
0
0
0
0
0
0
0
0
0
0
0
0
0
0
0
0
0
0
0
0
0
0
0
0
0
0
0
0
0
0
0
0
0
0
0
0
0
0
0
0
0
0
0
0
0
0
0
0
0
0
0
0
0
0
0
0
0
0
0
0
0
0
0
0
0
0
0
0
0
0
0
0
0
0
0
0
0
0
0
0
0
0
0
0
0
0
0
0
0
0
0
0
0
0
0
0
0
0
0
0
0
0
0
0
0
0
0
0
0
0
0.12549
0.12549
0.180392
0.101961
0
0
0
0
0
0
0
0
0
0
0
0
0
0
0
0.0352941
0.894118
0.792157
0.698039
0.619608
0
0
0
0
0
0
0
0
0
0
0
0
0
0
0
0
0.513726
0.313726
0
0
0
0
0
0
0
0
0
0
0
0
0
0
0
0
0
0
0.478431
0.298039
0
0
0
0
0
0
0
0
0
0
0
0
0
0
0
0
0
0
0.466667
0.886275
0.611765
0.623529
0.137255
0
0
0
0
0
0
0
0
0
0
0
0
0
0
0
0.345098
0.576471
0.278431
0.290196
0.0431373
0
0
0
0
0
0
0
0
0
0
0
0
0
0
0
0.258824
0.403922
0
0
0
0
0
0
0
0
0
0
0
0
0
0
0
0
0
0
0.164706
0.870588
0.533333
0.486275
0.533333
0.027451
0
0
0
0
0
0
0
0
0
0
0
0
0
0
0.0980392
0.690196
0.368627
0.286275
0.333333
0.00784314
0
0
0
0
0
0
0
0
0
0
0
0
0
0
0
0
0
0
0
0
0
0
0
0
0
0
0
0
0
0
0
0
0
0
0
0
0
0
0
0
0
0
0
0
0
0
0
0
0
0
0
0
0
0
0
0
0
0
0
0
0
0
0
0
0
0
0
0
0
0
0
0
0
0
0
0
0
0
0
0
0
0
0
0
0
0
0
0
0
0
0
0
0
0
0
0
0
0
0
0
0
0
0
0
0
