0
0
0
0
0
0
0
0
0
0
0
0
0
0
0
0
0
0
0
0
0
0
0
0
0
0
0
0
0
0
0
0
0
0
0
0
0
0
0
0
0
0
0
0
0
0
0
0
0
0
0
0
0
0
0
0
0
0
0
0
0
0
0
0
0
0
0
0
0
0
0
0
0
0
0
0
0
0
0
0
0
0
0
0
0
0
0
0
0
0
0
0
0
0
0
0
0
0
0
0
0
0
0
0
0
0
0
0
0
0
0
0
0
0
0
0
0
0
0
0
0
0
0
0
0
0
0
0
0
0
0
0.266667
0.447059
0
0
0
0
0
0
0
0
0
0
0
0
0
0
0
0
0
0.243137
0.760784
0.313726
0
0
0
0
0
0
0
0
0
0
0
0
0
0
0
0
0.0784314
0.760784
0.0666667
0
0
0
0
0
0
0
0
0
0
0
0
0
0
0
0
0
0.239216
0.305882
0
0
0
0
0
0
0
0
0
0
0
0
0
0
0
0
0
0
0.611765
0.278431
0
0
0
0
0
0
0
0
0
0
0
0
0
0
0
0
0
0
0.545098
0.329412
0
0
0
0
0
0
0
0
0
0
0
0
0
0
0
0
0
0
0.172549
0.631373
0
0
0
0
0
0
0
0
0
0
0
0
0
0
0
0
0
0
0
0.423529
0.486275
0
0
0
0
0
0
0
0
0
0
0
0
0
0
0
0
0
0
0.423529
0.721569
0.760784
0.176471
0
0
0
0
0
0
0
0
0
0
0
0
0
0
0
0
0
0
0.243137
0.0666667
0
0
0
0
0
0
0
0
0
0
0
0
0
0
0
0
0
0
0
0
0
0
0
0
0
0
0
0
0
0
0
0
0
0
0
0
0
0
0
0
0
0
0
0
0
0
0
0
0
0
0
0
0
0
0
0
0
0
0
0
0
0
0
0
0
0
0
0
0
0
0
0
0
0
0
0
0
0
0
0
0
0
0
0
0
0
