0
0
0
0
0
0
0
0
0
0
0
0
0
0
0
0
0
0
0
0
0
0
0
0
0
0
0
0
0
0
0
0
0
0
0
0
0
0
0
0
0
0
0
0
0
0
0
0
0
0
0
0
0
0
0
0
0
0
0
0
0
0
0
0
0
0
0
0
0
0
0
0
0
0
0
0
0
0
0
0
0
0
0
0
0
0
0
0
0
0
0
0
0
0
0
0
0
0
0
0
0
0
0
0
0
0
0
0
0
0
0
0
0
0
0
0
0
0
0
0
0
0
0
0
0
0
0
0
0
0
0
0
0
0
0
0
0
0
0
0
0
0
0
0
0
0
0
0
0
0
0
0
0
0
0
0
0
0
0
0
0
0
0
0
0
0
0
0
0
0
0
0
0
0
0
0.0313726
0.419608
0.368627
0
0
0
0
0
0
0
0
0.0627451
0.176471
0
0
0
0
0
0
0.188235
0.792157
0.533333
0.0627451
0
0
0
0
0
0
0
0
0.262745
0.596078
0
0
0
0
0
0.509804
0.556863
0.0352941
0
0
0
0
0
0
0
0
0
0
0.2
0.552941
0
0
0
0.266667
0.156863
0.0745098
0
0
0
0
0
0
0
0
0
0
0
0
0.113725
0.733333
0
0
0.12549
0.156863
0.0862745
0
0
0
0
0
0
0
0
0
0
0
0
0
0
0.796078
0.0862745
0.266667
0.537255
0
0
0
0
0
0
0
0
0
0
0
0
0
0
0
0
0.470588
0.862745
0.321569
0
0
0
0
0
0
0
0
0
0
0
0
0
0
0
0
0
0
0.0117647
0
0
0
0
0
0
0
0
0
0
0
0
0
0
0
0
0
0
0
0
0
0
0
0
0
0
0
0
0
0
0
0
0
0
0
0
0
0
0
0
0
0
0
0
0
0
0
0
0
0
0
0
0
0
0
0
0
0
0
0
0
0
0
0
0
0
0
0
0
0
0
0
0
0
0
0
0
0
0
0
0
0
0
0
0
0
0
0
0
0
0
