0
0
0
0
0
0
0
0
0
0
0
0
0
0
0
0
0
0
0
0
0
0
0
0
0
0
0
0
0
0
0
0
0
0
0
0
0
0
0
0
0
0
0
0
0
0
0
0
0
0
0
0
0
0
0
0
0
0
0
0
0
0
0
0
0
0
0
0
0
0
0
0
0
0
0
0
0
0
0
0
0
0
0
0
0
0
0
0
0
0
0
0
0
0
0
0
0
0
0
0
0
0
0
0
0
0
0
0
0
0
0
0
0
0
0
0
0
0
0
0
0
0
0
0
0
0
0
0
0
0
0
0
0
0
0.301961
0
0
0
0
0
0
0
0
0
0
0
0
0
0
0
0
0
0
0.121569
0.498039
0.00392157
0
0
0
0
0
0
0
0
0
0
0
0
0
0
0
0
0.109804
0.835294
0.0705882
0
0
0
0
0
0
0
0
0
0
0
0
0
0
0
0
0.101961
0.776471
0.152941
0
0
0
0
0
0
0
0
0
0
0
0
0
0
0
0
0
0.658824
0.254902
0
0
0
0
0
0
0
0
0
0
0
0
0
0
0
0
0.00392157
0.580392
0.0352941
0
0
0
0
0
0
0
0
0
0
0
0
0
0
0
0
0.2
0.337255
0.0745098
0
0
0
0
0
0
0
0
0
0
0
0
0
0
0
0
0.564706
0.435294
0.0862745
0
0
0
0
0
0
0
0
0
0
0
0
0
0
0
0
0.00392157
0.388235
0.0313726
0
0
0
0
0
0
0
0
0
0
0
0
0
0
0
0
0
0
0
0
0
0
0
0
0
0
0
0
0
0
0
0
0
0
0
0
0
0
0
0
0
0
0
0
0
0
0
0
0
0
0
0
0
0
0
0
0
0
0
0
0
0
0
0
0
0
0
0
0
0
0
0
0
0
0
0
0
0
0
0
0
0
0
0
0
0
0
0
0
0
0
0
0
0
0
0
0
0
0
0
0
0
0
0
0
0
0
0
0
0
0
