0
0
0
0
0
0
0
0
0
0
0
0
0
0
0
0
0
0
0
0
0
0
0
0
0
0
0
0
0
0
0
0
0
0
0
0
0
0
0
0
0
0
0
0
0
0
0
0
0
0
0
0
0
0
0
0
0
0
0
0
0
0
0
0
0
0
0
0
0
0
0
0
0
0
0
0
0
0
0
0
0
0
0
0
0
0
0
0
0
0
0
0
0
0
0
0
0
0
0
0
0
0
0
0
0
0
0
0
0
0
0
0
0
0
0
0
0
0
0
0
0
0
0
0
0
0
0.427451
0.239216
0
0
0
0
0
0
0
0
0
0
0
0
0
0
0
0
0
0.0941176
0.878431
0.803922
0.0784314
0
0
0
0
0
0
0
0
0
0
0
0
0
0
0
0
0.219608
0.588235
0.262745
0.560784
0.0235294
0
0
0
0
0
0
0
0
0
0
0
0
0
0
0
0
0.00392157
0
0.321569
0.513726
0
0
0
0
0
0
0
0
0
0
0
0
0
0
0
0
0
0
0
0.12549
0.713726
0.243137
0
0
0
0
0
0
0
0
0
0
0
0
0
0
0
0
0
0
0.0705882
0.411765
0.478431
0.0627451
0
0
0
0
0
0
0
0
0
0
0
0
0
0
0
0
0
0.00392157
0.239216
0.721569
0.211765
0
0
0
0
0
0
0
0
0
0
0
0
0
0
0
0
0
0
0.121569
0.694118
0.564706
0.0235294
0
0
0
0
0
0
0
0
0
0
0
0
0
0
0
0
0
0.00392157
0.470588
0.780392
0.027451
0
0
0
0
0
0
0
0
0
0
0
0
0
0
0
0
0
0
0.235294
0.00784314
0
0
0
0
0
0
0
0
0
0
0
0
0
0
0
0
0
0
0
0
0
0
0
0
0
0
0
0
0
0
0
0
0
0
0
0
0
0
0
0
0
0
0
0
0
0
0
0
0
0
0
0
0
0
0
0
0
0
0
0
0
0
0
0
0
0
0
0
0
0
0
0
0
0
0
0
0
0
0
0
0
0
