0
0
0
0
0
0
0
0
0
0
0
0
0
0
0
0
0
0
0
0
0
0
0
0
0
0
0
0
0
0
0
0
0
0
0
0
0
0
0
0
0
0
0
0
0
0
0
0
0
0
0
0
0
0
0
0
0
0
0
0
0
0
0
0
0
0
0
0
0
0
0
0
0
0
0
0
0
0
0
0
0
0
0
0
0
0
0
0
0
0
0
0
0
0
0
0
0
0
0
0
0
0
0
0
0
0
0
0
0
0
0
0.0117647
0.505882
0.00784314
0
0
0
0
0
0
0
0
0
0
0
0
0
0
0.027451
0.588235
0.886275
0.188235
0.996078
0.247059
0
0
0
0
0
0
0
0
0
0
0
0
0
0
0.603922
0.564706
0.0627451
0
0.894118
0.305882
0
0
0
0
0
0
0
0
0
0
0
0
0
0.0745098
0.819608
0.00784314
0.0431373
0.509804
0.988235
0.172549
0
0
0
0
0
0
0
0
0
0
0
0
0
0.0980392
0.894118
0.560784
0.843137
0.47451
0.501961
0.407843
0
0
0
0
0
0
0
0
0
0
0
0
0
0
0.227451
0.352941
0.113725
0
0.235294
0.368627
0
0
0
0
0
0
0
0
0
0
0
0
0
0
0
0
0
0
0.278431
0.611765
0
0
0
0
0
0
0
0
0
0
0
0
0
0
0
0
0
0
0.227451
0.596078
0
0
0
0
0
0
0
0
0
0
0
0
0
0
0
0
0
0
0.168627
0.72549
0
0
0
0
0
0
0
0
0
0
0
0
0
0
0
0
0
0
0.172549
0.745098
0
0
0
0
0
0
0
0
0
0
0
0
0
0
0
0
0
0
0.278431
0.654902
0
0
0
0
0
0
0
0
0
0
0
0
0
0
0.309804
0.623529
0.6
0.580392
0.831373
0.380392
0
0
0
0
0
0
0
0
0
0
0
0
0
0
0.180392
0.298039
0.266667
0.247059
0.207843
0
0
0
0
0
0
0
0
0
0
0
0
0
0
0
0
0
0
0
0
0
0
0
0
0
0
0
0
0
0
0
0
0
0
0
0
0
0
0
0
0
0
0
0
0
0
0
