0
0
0
0
0
0
0
0
0
0
0
0
0
0
0
0
0
0
0
0
0
0
0
0
0
0
0
0
0
0
0
0
0
0
0
0
0
0
0
0
0
0
0
0
0
0
0
0
0
0
0
0
0
0
0
0
0
0
0
0
0
0
0
0
0
0
0
0
0
0
0
0
0
0
0
0
0
0
0
0
0
0
0
0
0
0
0
0
0
0
0
0
0
0
0
0
0
0
0
0
0
0
0
0
0
0
0
0
0
0
0.00392157
0.447059
0.121569
0
0
0
0
0
0
0
0
0
0
0
0
0
0
0
0
0.0352941
0.670588
0.835294
0.643137
0
0
0
0
0
0
0
0
0
0
0
0
0
0
0
0.0235294
0.72549
0.505882
0.0901961
0.819608
0
0
0
0
0
0
0
0
0
0
0
0
0
0
0
0.462745
0.596078
0
0.0980392
0.929412
0
0
0
0
0
0
0
0
0
0
0
0
0
0
0
0.490196
0.607843
0.054902
0.52549
1
0.0117647
0
0
0
0
0
0
0
0
0
0
0
0
0
0
0.0352941
0.564706
0.870588
0.67451
0.909804
0.0117647
0
0
0
0
0
0
0
0
0
0
0
0
0
0
0
0
0
0.129412
0.862745
0.00392157
0
0
0
0
0
0
0
0
0
0
0
0
0
0
0
0
0
0.611765
0.431373
0
0
0
0
0
0
0
0
0
0
0
0
0
0
0
0
0
0.439216
0.698039
0.0235294
0
0
0
0
0
0
0
0
0
0
0
0
0
0
0
0
0.262745
0.741176
0.027451
0
0
0
0
0
0
0
0
0
0
0
0
0
0
0
0
0.294118
0.827451
0.0705882
0
0
0
0
0
0
0
0
0
0
0
0
0
0
0
0
0.4
0.843137
0.133333
0
0
0
0
0
0
0
0
0
0
0
0
0
0
0
0
0
0.266667
0.0784314
0
0
0
0
0
0
0
0
0
0
0
0
0
0
0
0
0
0
0
0
0
0
0
0
0
0
0
0
0
0
0
0
0
0
0
0
0
0
0
0
0
0
0
0
0
0
0
0
0
0
0
