0
0
0
0
0
0
0
0
0
0
0
0
0
0
0
0
0
0
0
0
0
0
0
0
0
0
0
0
0
0
0
0
0
0
0
0
0
0
0
0
0
0
0
0
0
0
0
0
0
0
0
0
0
0
0
0
0
0
0
0
0
0
0
0
0
0
0
0
0
0
0
0
0
0
0
0
0
0
0
0
0
0
0
0
0
0
0
0
0
0
0
0
0
0
0
0
0
0
0
0
0
0
0
0
0
0
0
0
0.00784314
0.333333
0.592157
0.498039
0.0745098
0
0
0
0
0
0
0
0
0
0
0
0
0
0
0
0.552941
0.745098
0.639216
0.67451
0.87451
0.121569
0
0
0
0
0
0
0
0
0
0
0
0
0
0.0862745
0.835294
0.0235294
0
0
0.392157
0.537255
0
0
0
0
0
0
0
0
0
0
0
0
0
0.345098
0.560784
0
0
0
0.352941
0.611765
0
0
0
0
0
0
0
0
0
0
0
0
0
0.352941
0.639216
0
0
0
0.721569
0.541176
0
0
0
0
0
0
0
0
0
0
0
0
0
0.054902
0.709804
0.780392
0.545098
0.545098
0.866667
0.329412
0
0
0
0
0
0
0
0
0
0
0
0
0
0
0
0.156863
0.345098
0.345098
0.423529
0.564706
0
0
0
0
0
0
0
0
0
0
0
0
0
0
0
0
0
0
0.180392
0.745098
0
0
0
0
0
0
0
0
0
0
0
0
0
0
0
0
0
0
0.0313726
0.737255
0
0
0
0
0
0
0
0
0
0
0
0
0
0
0
0
0
0
0
0.807843
0.113725
0
0
0
0
0
0
0
0
0
0
0
0
0
0.00392157
0
0
0
0
0.713726
0.227451
0
0
0
0
0
0
0
0
0
0
0
0
0.0431373
0.913725
0.894118
0.878431
0.866667
0.878431
0.803922
0.0470588
0
0
0
0
0
0
0
0
0
0
0
0
0
0
0.0196078
0.0117647
0.00784314
0.00784314
0.00392157
0
0
0
0
0
0
0
0
0
0
0
0
0
0
0
0
0
0
0
0
0
0
0
0
0
0
0
0
0
0
0
0
0
0
0
0
0
0
0
0
0
0
0
0
0
0
