0
0
0
0
0
0
0
0
0
0
0
0
0
0
0
0
0
0
0
0
0
0
0
0
0
0
0
0
0
0
0
0
0
0
0
0
0
0
0
0
0
0
0
0
0
0
0
0
0
0
0
0
0
0
0
0
0
0
0
0
0
0
0
0
0
0
0
0
0
0
0
0
0
0
0
0
0
0
0
0
0
0
0
0
0
0
0
0
0
0
0
0
0
0
0
0
0
0
0
0
0
0
0
0
0
0
0
0
0.0196078
0.364706
0.490196
0.211765
0
0
0
0
0
0
0
0
0
0
0
0
0
0
0
0.101961
0.823529
0.611765
0.435294
0.890196
0.0901961
0
0
0
0
0
0
0
0
0
0
0
0
0
0.0235294
0.776471
0.345098
0
0
0.470588
0.498039
0
0
0
0
0
0
0
0
0
0
0
0
0
0.403922
0.603922
0
0
0
0.423529
0.803922
0
0
0
0
0
0
0
0
0
0
0
0
0
0.752941
0.2
0
0
0
0.121569
0.811765
0
0
0
0
0
0
0
0
0
0
0
0
0
0.745098
0.152941
0
0
0
0.188235
0.862745
0.00784314
0
0
0
0
0
0
0
0
0
0
0
0
0.505882
0.513726
0
0
0
0.592157
0.870588
0.12549
0
0
0
0
0
0
0
0
0
0
0
0
0.0431373
0.858824
0.305882
0.372549
0.694118
0.470588
0.556863
0.329412
0
0
0
0
0
0
0
0
0
0
0
0
0
0.172549
0.741176
0.6
0.0901961
0
0.345098
0.372549
0
0
0
0
0
0
0
0
0
0
0
0
0
0
0
0
0
0
0.309804
0.556863
0
0
0
0
0
0
0
0
0
0
0
0
0
0
0
0
0
0
0.243137
0.635294
0
0
0
0
0
0
0
0
0
0
0
0
0
0
0
0
0
0
0.137255
0.576471
0
0
0
0
0
0
0
0
0
0
0
0
0
0
0
0
0
0
0.2
0.666667
0
0
0
0
0
0
0
0
0
0
0
0
0
0
0
0
0
0
0.156863
0.772549
0
0
0
0
0
0
0
0
0
0
0
0
0
0
0
0
0
0
0.0431373
0.752941
0
0
0
0
0
0
