0
0
0
0
0
0
0
0
0
0
0
0
0
0
0
0
0
0
0
0
0
0
0
0
0
0
0
0
0
0
0
0
0
0
0
0
0
0
0
0
0
0
0
0
0
0
0
0
0
0
0
0
0
0
0
0
0
0
0
0
0
0
0
0
0
0
0
0
0
0
0
0
0
0
0
0
0
0
0
0
0
0
0
0
0
0
0
0
0
0
0
0
0
0
0
0
0
0
0
0
0
0
0
0
0
0
0
0
0
0
0.160784
0.192157
0.0117647
0
0
0
0
0
0
0
0
0
0
0
0
0
0
0
0
0.52549
0.831373
0.776471
0.737255
0.0627451
0
0
0
0
0
0
0
0
0
0
0
0
0
0
0.431373
0.690196
0.0235294
0
0.396078
0.764706
0.0117647
0
0
0
0
0
0
0
0
0
0
0
0
0.0980392
0.847059
0.054902
0
0
0
0.647059
0.290196
0
0
0
0
0
0
0
0
0
0
0
0
0.329412
0.556863
0
0
0
0
0.521569
0.294118
0
0
0
0
0
0
0
0
0
0
0
0
0.341176
0.592157
0
0
0
0.027451
0.909804
0.290196
0
0
0
0
0
0
0
0
0
0
0
0
0.0431373
0.807843
0.580392
0.301961
0.294118
0.803922
0.905882
0
0
0
0
0
0
0
0
0
0
0
0
0
0
0.0235294
0.352941
0.588235
0.576471
0.443137
0.701961
0
0
0
0
0
0
0
0
0
0
0
0
0
0
0
0
0
0
0.478431
0.498039
0
0
0
0
0
0
0
0
0
0
0
0
0
0
0
0
0.0588235
0.494118
0.796078
0.0627451
0
0
0
0
0
0
0
0
0
0
0
0
0.176471
0.313726
0.486275
0.752941
0.839216
0.513726
0.0392157
0
0
0
0
0
0
0
0
0
0
0
0
0.12549
0.8
0.521569
0.423529
0.129412
0.00784314
0
0
0
0
0
0
0
0
0
0
0
0
0
0
0
0
0
0
0
0
0
0
0
0
0
0
0
0
0
0
0
0
0
0
0
0
0
0
0
0
0
0
0
0
0
0
0
0
0
0
0
0
0
0
0
0
0
0
0
0
0
0
0
0
0
0
0
0
0
