0
0
0
0
0
0
0
0
0
0
0
0
0
0
0
0
0
0
0
0
0
0
0
0
0
0
0
0
0
0
0
0
0
0
0
0
0
0
0
0
0
0
0
0
0
0
0
0
0
0
0
0
0
0
0
0
0
0
0
0
0
0
0
0
0
0
0
0
0
0
0
0
0
0
0
0
0
0
0
0
0
0
0
0
0
0
0
0
0
0
0.360784
0.133333
0.0431373
0
0
0
0
0
0
0
0
0
0
0
0
0
0
0
0.0627451
0.709804
0.666667
0.133333
0.960784
0.12549
0
0
0
0
0
0
0
0
0
0
0
0
0
0
0.729412
0.427451
0
0.00392157
0.890196
0.458824
0
0
0
0
0
0
0
0
0
0
0
0
0
0.243137
0.72549
0
0
0
0.623529
0.462745
0
0
0
0
0
0
0
0
0
0
0
0
0
0.352941
0.556863
0
0
0
0.607843
0.411765
0
0
0
0
0
0
0
0
0
0
0
0
0
0.137255
0.878431
0.568627
0.4
0.47451
0.972549
0.466667
0
0
0
0
0
0
0
0
0
0
0
0
0
0
0.0313726
0.305882
0.462745
0.458824
0.447059
0.611765
0
0
0
0
0
0
0
0
0
0
0
0
0
0
0
0
0
0
0.2
0.666667
0
0
0
0
0
0
0
0
0
0
0
0
0
0
0
0
0
0
0.231373
0.698039
0
0
0
0
0
0
0
0
0
0
0
0
0
0
0
0
0
0
0.258824
0.72549
0
0
0
0
0
0
0
0
0
0
0
0
0
0
0
0
0
0
0.235294
0.701961
0
0
0
0
0
0
0
0
0
0
0
0
0
0
0.156863
0.027451
0
0
0.258824
0.686275
0
0
0
0
0
0
0
0
0
0
0
0
0
0
0.603922
0.666667
0.352941
0.439216
0.858824
0.301961
0
0
0
0
0
0
0
0
0
0
0
0
0
0
0.0352941
0.403922
0.545098
0.513726
0.227451
0
0
0
0
0
0
0
0
0
0
0
0
0
0
0
0
0
0
0
0
0
0
0
0
0
0
0
0
0
0
0
0
0
0
0
0
0
0
0
0
0
0
0
0
0
0
0
