0
0
0
0
0
0
0
0
0
0
0
0
0
0
0
0
0
0
0
0
0
0
0
0
0
0
0
0
0
0
0
0
0
0
0
0
0
0
0
0
0
0
0
0
0
0
0
0
0
0
0
0
0
0
0
0
0
0
0
0
0
0
0
0
0
0
0
0
0
0
0
0
0
0
0
0
0
0
0
0
0
0
0
0
0
0
0
0
0
0
0
0
0
0
0
0
0
0
0
0
0
0
0
0
0
0
0
0
0
0
0
0
0
0
0
0
0
0
0
0
0
0
0
0
0
0
0
0
0
0
0
0.333333
0.345098
0
0
0
0
0
0
0
0
0
0
0
0
0
0
0
0
0
0.372549
0.964706
0.545098
0
0
0
0
0
0
0
0
0
0
0
0
0
0
0
0
0.360784
0.819608
0.396078
0.521569
0
0
0
0
0
0
0
0
0
0
0
0
0
0
0
0.243137
0.823529
0.0941176
0.32549
0.52549
0
0
0
0
0
0
0
0
0
0
0
0
0
0
0
0.0627451
0.121569
0
0.270588
0.470588
0
0
0
0
0
0
0
0
0
0
0
0
0
0
0
0
0
0
0.329412
0.529412
0
0
0
0
0
0
0
0
0
0
0
0
0
0
0
0
0
0
0.309804
0.509804
0
0
0
0
0
0
0
0
0
0
0
0
0
0
0
0
0
0
0.333333
0.533333
0
0
0
0
0
0
0
0
0
0
0
0
0
0
0
0
0
0
0.337255
0.537255
0
0
0
0
0
0
0
0
0
0
0
0
0
0
0
0
0
0
0.309804
0.509804
0
0
0
0
0
0
0
0
0
0
0
0
0
0
0
0
0
0
0.337255
0.537255
0
0
0
0
0
0
0
0
0
0
0
0
0
0
0
0
0
0
0.133333
0.231373
0
0
0
0
0
0
0
0
0
0
0
0
0
0
0
0
0
0
0
0
0
0
0
0
0
0
0
0
0
0
0
0
0
0
0
0
0
0
0
0
0
0
0
0
0
0
0
