0
0
0
0
0
0
0
0
0
0
0
0
0
0
0
0
0
0
0
0
0
0
0
0
0
0
0
0
0
0
0
0
0
0
0
0
0
0
0
0
0
0
0
0
0
0
0
0
0
0
0
0
0
0
0
0
0
0
0
0
0
0
0
0
0
0
0
0
0
0
0
0
0
0
0
0
0
0
0
0
0
0
0
0
0
0
0
0
0
0
0
0
0
0
0
0
0
0
0
0
0
0
0
0
0
0
0
0
0
0
0
0
0.0588235
0.478431
0
0
0
0
0
0
0
0
0
0
0
0
0
0
0
0
0
0.133333
0.831373
0.541176
0
0
0
0
0
0
0
0
0
0
0
0
0
0
0
0
0.172549
0.898039
0.937255
0.0705882
0
0
0
0
0
0
0
0
0
0
0
0
0
0
0
0.333333
0.898039
0.666667
0.509804
0
0
0
0
0
0
0
0
0
0
0
0
0
0
0
0
0.372549
0.172549
0.72549
0.172549
0
0
0
0
0
0
0
0
0
0
0
0
0
0
0
0
0
0.027451
0.870588
0.0235294
0
0
0
0
0
0
0
0
0
0
0
0
0
0
0
0
0
0.309804
0.6
0
0
0
0
0
0
0
0
0
0
0
0
0
0
0
0
0
0
0.52549
0.376471
0
0
0
0
0
0
0
0
0
0
0
0
0
0
0
0
0
0
0.835294
0.0705882
0
0
0
0
0
0
0
0
0
0
0
0
0
0
0
0
0
0.12549
0.596078
0
0
0
0
0
0
0
0
0
0
0
0
0
0
0
0
0
0
0.352941
0.588235
0
0
0
0
0
0
0
0
0
0
0
0
0
0
0
0
0
0
0.568627
0.356863
0
0
0
0
0
0
0
0
0
0
0
0
0
0
0
0
0
0
0.792157
0.164706
0
0
0
0
0
0
0
0
0
0
0
0
0
0
0
0
0
0
0.176471
0.00392157
0
0
0
0
0
0
0
0
0
0
0
0
0
0
0
0
0
0
0
0
0
0
0
0
0
0
0
0
0
