0
0
0
0
0
0
0
0
0
0
0
0
0
0
0
0
0
0
0
0
0
0
0
0
0
0
0
0
0
0
0
0
0
0
0
0
0
0
0
0
0
0
0
0
0
0
0
0
0
0
0
0
0
0
0
0
0
0
0
0
0
0
0
0
0
0
0
0
0
0
0
0
0
0
0
0
0
0
0
0
0
0
0
0
0
0
0
0
0
0
0
0
0
0
0
0
0
0
0
0
0
0
0
0
0
0
0
0
0
0
0.360784
0.203922
0
0
0
0
0
0
0
0
0
0
0
0
0
0
0
0
0
0.156863
0.960784
0.501961
0
0
0
0
0
0
0
0
0
0
0
0
0
0
0
0
0.027451
0.772549
0.552941
0.556863
0
0
0
0
0
0
0
0
0
0
0
0
0
0
0
0
0.67451
0.513726
0.235294
0.639216
0
0
0
0
0
0
0
0
0
0
0
0
0
0
0
0.0117647
0.552941
0
0.172549
0.639216
0
0
0
0
0
0
0
0
0
0
0
0
0
0
0
0
0
0
0.176471
0.647059
0
0
0
0
0
0
0
0
0
0
0
0
0
0
0
0
0
0
0.0784314
0.662745
0
0
0
0
0
0
0
0
0
0
0
0
0
0
0
0
0
0
0.137255
0.737255
0
0
0
0
0
0
0
0
0
0
0
0
0
0
0
0
0
0
0.0784314
0.631373
0
0
0
0
0
0
0
0
0
0
0
0
0
0
0
0
0
0
0.0392157
0.839216
0
0
0
0
0
0
0
0
0
0
0
0
0
0
0
0
0
0
0.00392157
0.658824
0
0
0
0
0
0
0
0
0
0
0
0
0
0
0
0
0
0
0.0117647
0.870588
0
0
0
0
0
0
0
0
0
0
0
0
0
0
0
0
0
0
0.0235294
0.890196
0
0
0
0
0
0
0
0
0
0
0
0
0
0
0
0
0
0
0
0.298039
0
0
0
0
0
0
0
0
0
0
0
0
0
0
0
0
0
0
0
0
0
0
0
0
0
0
0
0
