0
0
0
0
0
0
0
0
0
0
0
0
0
0
0
0
0
0
0
0
0
0
0
0
0
0
0
0
0
0
0
0
0
0
0
0
0
0
0
0
0
0
0
0
0
0
0
0
0
0
0
0
0
0
0
0
0
0
0
0
0
0
0
0
0
0
0
0
0
0
0
0
0
0
0
0
0
0
0
0
0
0
0
0
0
0
0
0
0
0
0
0
0
0
0
0
0
0
0
0
0
0
0
0
0
0
0
0
0
0
0
0.0431373
0.341176
0
0
0
0
0
0
0
0
0
0
0
0
0
0
0
0
0
0.00392157
0.8
0.819608
0
0
0
0
0
0
0
0
0
0
0
0
0
0
0
0
0.0666667
0.768627
0.188235
0.772549
0
0
0
0
0
0
0
0
0
0
0
0
0
0
0
0.0470588
0.823529
0.352941
0.0470588
0.745098
0
0
0
0
0
0
0
0
0
0
0
0
0
0
0
0.568627
0.431373
0
0.0352941
0.713726
0
0
0
0
0
0
0
0
0
0
0
0
0
0
0.152941
0.803922
0.00392157
0
0.0392157
0.721569
0
0
0
0
0
0
0
0
0
0
0
0
0
0
0.494118
0.356863
0
0
0.0313726
0.447059
0
0
0
0
0
0
0
0
0
0
0
0
0
0
0.00392157
0
0
0
0.156863
0.380392
0
0
0
0
0
0
0
0
0
0
0
0
0
0
0
0
0
0
0.211765
0.545098
0
0
0
0
0
0
0
0
0
0
0
0
0
0
0
0
0
0
0.27451
0.603922
0
0
0
0
0
0
0
0
0
0
0
0
0
0
0
0
0
0
0.333333
0.533333
0
0
0
0
0
0
0
0
0
0
0
0
0
0
0
0
0
0
0.333333
0.533333
0
0
0
0
0
0
0
0
0
0
0
0
0
0
0
0
0
0
0
0.00392157
0
0
0
0
0
0
0
0
0
0
0
0
0
0
0
0
0
0
0
0
0
0
0
0
0
0
0
0
0
0
0
0
0
0
0
0
0
0
0
0
0
0
0
0
0
0
0
