0
0
0
0
0
0
0
0
0
0
0
0
0
0
0
0
0
0
0
0
0
0
0
0
0
0
0
0
0
0
0
0
0
0
0
0
0
0
0
0
0
0
0
0
0
0
0
0
0
0
0
0
0
0
0
0
0
0
0
0
0
0
0
0
0
0
0
0
0
0
0
0
0
0
0
0
0
0
0
0
0
0
0
0
0
0
0
0
0
0
0
0
0
0
0
0
0
0
0
0
0
0
0
0
0
0
0
0
0
0
0
0.301961
0
0
0
0
0
0
0
0
0
0
0
0
0
0
0
0
0
0
0.329412
1
0.0235294
0
0
0
0
0
0
0
0
0
0
0
0
0
0
0
0
0.470588
0.819608
0.866667
0.00392157
0
0
0
0
0
0
0
0
0
0
0
0
0
0
0
0.564706
0.654902
0.0627451
0.839216
0.00784314
0
0
0
0
0
0
0
0
0
0
0
0
0
0
0.564706
0.662745
0.0117647
0.00392157
0.772549
0
0
0
0
0
0
0
0
0
0
0
0
0
0
0
0.501961
0.027451
0
0.00392157
0.8
0
0
0
0
0
0
0
0
0
0
0
0
0
0
0
0
0
0
0.0313726
0.745098
0
0
0
0
0
0
0
0
0
0
0
0
0
0
0
0
0
0
0.0862745
0.705882
0
0
0
0
0
0
0
0
0
0
0
0
0
0
0
0
0
0
0.152941
0.627451
0
0
0
0
0
0
0
0
0
0
0
0
0
0
0
0
0
0
0.192157
0.658824
0
0
0
0
0
0
0
0
0
0
0
0
0
0
0
0
0
0
0.247059
0.603922
0
0
0
0
0
0
0
0
0
0
0
0
0
0
0
0
0
0
0.262745
0.596078
0
0
0
0
0
0
0
0
0
0
0
0
0
0
0
0
0
0
0.294118
0.627451
0
0
0
0
0
0
0
0
0
0
0
0
0
0
0
0
0
0
0.027451
0.0980392
0
0
0
0
0
0
0
0
0
0
0
0
0
0
0
0
0
0
0
0
0
0
0
0
0
0
0
0
