0
0
0
0
0
0
0
0
0
0
0
0
0
0
0
0
0
0
0
0
0
0
0
0
0
0
0
0
0
0
0
0
0
0
0
0
0
0
0
0
0
0
0
0
0
0
0
0
0
0
0
0
0
0
0
0
0
0
0
0
0
0
0
0
0
0
0
0
0
0
0
0
0
0
0
0
0
0
0
0
0
0
0
0
0
0
0
0
0
0
0
0
0
0
0
0
0
0
0
0
0
0
0
0
0
0
0
0
0
0
0.160784
0.270588
0
0
0
0
0
0
0
0
0
0
0
0
0
0
0
0
0
0
0.541176
0.552941
0
0
0
0
0
0
0
0
0
0
0
0
0
0
0
0
0
0.0627451
0.890196
0.541176
0
0
0
0
0
0
0
0
0
0
0
0
0
0
0
0
0
0.356863
0.905882
0.52549
0
0
0
0
0
0
0
0
0
0
0
0
0
0
0
0
0.0117647
0.776471
0.239216
0.192157
0
0
0
0
0
0
0
0
0
0
0
0
0
0
0
0
0.556863
0.576471
0.278431
0.470588
0
0
0
0
0
0
0
0
0
0
0
0
0
0
0
0
0.603922
0.0392157
0.313726
0.513726
0
0
0
0
0
0
0
0
0
0
0
0
0
0
0
0
0
0
0.196078
0.490196
0
0
0
0
0
0
0
0
0
0
0
0
0
0
0
0
0
0
0.12549
0.576471
0
0
0
0
0
0
0
0
0
0
0
0
0
0
0
0
0
0
0.0392157
0.831373
0
0
0
0
0
0
0
0
0
0
0
0
0
0
0
0
0
0
0.0117647
0.878431
0
0
0
0
0
0
0
0
0
0
0
0
0
0
0
0
0
0
0.00784314
0.886275
0
0
0
0
0
0
0
0
0
0
0
0
0
0
0
0
0
0
0
0.901961
0.0196078
0
0
0
0
0
0
0
0
0
0
0
0
0
0
0
0
0
0
0.0745098
0
0
0
0
0
0
0
0
0
0
0
0
0
0
0
0
0
0
0
0
0
0
0
0
0
0
0
0
