0
0
0
0
0
0
0
0
0
0
0
0
0
0
0
0
0
0
0
0
0
0
0
0
0
0
0
0
0
0
0
0
0
0
0
0
0
0
0
0
0
0
0
0
0
0
0
0
0
0
0
0
0
0
0
0
0
0
0
0
0
0
0
0
0
0
0
0
0
0
0
0
0
0
0
0
0
0
0
0
0
0
0
0
0
0
0
0
0
0
0
0
0
0
0
0
0
0
0
0
0
0
0
0
0
0
0
0
0
0
0
0
0
0
0
0
0
0
0
0
0
0
0
0
0
0
0
0
0
0
0
0
0.0431373
0
0
0
0
0
0
0
0
0
0
0
0
0
0
0
0
0
0.027451
0.486275
0.831373
0
0
0
0
0
0
0
0
0
0
0
0
0
0
0
0
0.290196
0.847059
0.878431
0.435294
0
0
0
0
0
0
0
0
0
0
0
0
0
0
0
0.478431
0.745098
0.152941
0.713726
0.145098
0
0
0
0
0
0
0
0
0
0
0
0
0
0
0.0745098
0.819608
0.0431373
0
0.858824
0.00784314
0
0
0
0
0
0
0
0
0
0
0
0
0
0
0
0
0
0.00392157
0.827451
0
0
0
0
0
0
0
0
0
0
0
0
0
0
0
0
0
0
0.00784314
0.796078
0
0
0
0
0
0
0
0
0
0
0
0
0
0
0
0
0
0
0.0352941
0.756863
0
0
0
0
0
0
0
0
0
0
0
0
0
0
0
0
0
0
0.152941
0.67451
0
0
0
0
0
0
0
0
0
0
0
0
0
0
0
0
0
0
0.313726
0.521569
0
0
0
0
0
0
0
0
0
0
0
0
0
0
0
0
0
0
0.454902
0.439216
0
0
0
0
0
0
0
0
0
0
0
0
0
0
0
0
0
0
0.266667
0.223529
0
0
0
0
0
0
0
0
0
0
0
0
0
0
0
0
0
0
0
0
0
0
0
0
0
0
0
0
0
0
0
0
0
0
0
0
0
0
0
0
0
0
0
0
0
0
0
0
