0
0
0
0
0
0
0
0
0
0
0
0
0
0
0
0
0
0
0
0
0
0
0
0
0
0
0
0
0
0
0
0
0
0
0
0
0
0
0
0
0
0
0
0
0
0
0
0
0
0
0
0
0
0
0
0
0
0
0
0
0
0
0
0
0
0
0
0
0
0
0
0
0
0
0
0
0
0
0
0
0
0
0
0
0
0
0
0
0
0
0
0
0
0
0
0
0
0
0
0
0
0
0
0
0
0
0
0
0
0
0.301961
0.509804
0
0
0
0
0
0
0
0
0
0
0
0
0
0
0
0
0
0.227451
0.929412
0.611765
0
0
0
0
0
0
0
0
0
0
0
0
0
0
0
0
0.392157
0.835294
0.435294
0.6
0
0
0
0
0
0
0
0
0
0
0
0
0
0
0
0.266667
0.796078
0.0666667
0.254902
0.588235
0
0
0
0
0
0
0
0
0
0
0
0
0
0
0
0.0235294
0.054902
0
0.258824
0.592157
0
0
0
0
0
0
0
0
0
0
0
0
0
0
0
0
0
0
0.231373
0.662745
0
0
0
0
0
0
0
0
0
0
0
0
0
0
0
0
0
0
0.188235
0.654902
0
0
0
0
0
0
0
0
0
0
0
0
0
0
0
0
0
0
0.0705882
0.713726
0
0
0
0
0
0
0
0
0
0
0
0
0
0
0
0
0
0
0
0.835294
0.0196078
0
0
0
0
0
0
0
0
0
0
0
0
0
0
0
0
0
0
0.792157
0.101961
0
0
0
0
0
0
0
0
0
0
0
0
0
0
0
0
0
0
0.709804
0.145098
0
0
0
0
0
0
0
0
0
0
0
0
0
0
0
0
0
0
0.67451
0.207843
0
0
0
0
0
0
0
0
0
0
0
0
0
0
0
0
0
0
0.686275
0.219608
0
0
0
0
0
0
0
0
0
0
0
0
0
0
0
0
0
0
0.294118
0.0705882
0
0
0
0
0
0
0
0
0
0
0
0
0
0
0
0
0
0
0
0
0
0
0
0
0
0
0
