0
0
0
0
0
0
0
0
0
0
0
0
0
0
0
0
0
0
0
0
0
0
0
0
0
0
0
0
0
0
0
0
0
0
0
0
0
0
0
0
0
0
0
0
0
0
0
0
0
0
0
0
0
0
0
0
0
0
0
0
0
0
0
0
0
0
0
0
0
0
0
0
0
0
0
0
0
0
0
0
0
0
0
0
0
0
0
0
0
0
0
0
0
0
0
0
0
0
0
0
0
0
0
0
0
0
0
0
0
0
0
0.0431373
0.541176
0
0
0
0
0
0
0
0
0
0
0
0
0
0
0
0
0
0
0.345098
0.87451
0
0
0
0
0
0
0
0
0
0
0
0
0
0
0
0
0
0.00392157
0.776471
0.839216
0
0
0
0
0
0
0
0
0
0
0
0
0
0
0
0
0
0.156863
0.32549
0.768627
0
0
0
0
0
0
0
0
0
0
0
0
0
0
0
0
0.027451
0.478431
0.0980392
0.768627
0
0
0
0
0
0
0
0
0
0
0
0
0
0
0
0
0.639216
0.454902
0
0.741176
0.00392157
0
0
0
0
0
0
0
0
0
0
0
0
0
0
0.160784
0.686275
0.00392157
0
0.772549
0.105882
0
0
0
0
0
0
0
0
0
0
0
0
0
0.0862745
0.839216
0.0352941
0
0
0.192157
0.00784314
0
0
0
0
0
0
0
0
0
0
0
0
0
0.647059
0.388235
0
0
0
0.635294
0.223529
0
0
0
0
0
0
0
0
0
0
0
0
0
0.505882
0.0392157
0
0
0
0.580392
0.247059
0
0
0
0
0
0
0
0
0
0
0
0
0
0
0
0
0
0
0.541176
0.298039
0
0
0
0
0
0
0
0
0
0
0
0
0
0
0
0
0
0
0.545098
0.364706
0
0
0
0
0
0
0
0
0
0
0
0
0
0
0
0
0
0
0.160784
0.105882
0
0
0
0
0
0
0
0
0
0
0
0
0
0
0
0
0
0
0
0
0
0
0
0
0
0
0
0
0
0
0
0
0
0
0
0
0
0
0
0
0
0
0
0
0
0
