0
0
0
0
0
0
0
0
0
0
0
0
0
0
0
0
0
0
0
0
0
0
0
0
0
0
0
0
0
0
0
0
0
0
0
0
0
0
0
0
0
0
0
0
0
0
0
0
0
0
0
0
0
0
0
0
0
0
0
0
0
0
0
0
0
0
0
0
0
0
0
0
0
0
0
0
0
0
0
0
0
0
0
0
0
0
0
0
0
0
0
0
0
0
0
0
0
0
0
0
0
0
0
0
0
0
0
0
0.00392157
0.568627
0.721569
0.188235
0
0
0
0
0
0
0
0
0
0
0
0
0
0
0
0
0.345098
0.803922
0.760784
0.878431
0.47451
0.0117647
0
0
0
0
0
0
0
0
0
0
0
0
0
0
0.831373
0.105882
0
0.0627451
0.6
0.635294
0.00392157
0
0
0
0
0
0
0
0
0
0
0
0
0.2
0.694118
0
0
0
0
0.67451
0.27451
0
0
0
0
0
0
0
0
0
0
0
0
0.313726
0.345098
0
0
0
0
0.333333
0.572549
0
0
0
0
0
0
0
0
0
0
0
0
0.298039
0.243137
0
0
0
0
0.278431
0.611765
0
0
0
0
0
0
0
0
0
0
0
0
0.411765
0.376471
0
0
0
0
0.301961
0.592157
0
0
0
0
0
0
0
0
0
0
0
0
0.309804
0.580392
0
0
0
0
0.490196
0.431373
0
0
0
0
0
0
0
0
0
0
0
0
0.0431373
0.796078
0.12549
0
0
0
0.764706
0.168627
0
0
0
0
0
0
0
0
0
0
0
0
0
0.192157
0.862745
0.360784
0.133333
0.364706
0.760784
0.00392157
0
0
0
0
0
0
0
0
0
0
0
0
0
0
0.188235
0.6
0.776471
0.690196
0.121569
0
0
0
0
0
0
0
0
0
0
0
0
0
0
0
0
0
0
0
0
0
0
0
0
0
0
0
0
0
0
0
0
0
0
0
0
0
0
0
0
0
0
0
0
0
0
0
0
0
0
0
0
0
0
0
0
0
0
0
0
0
0
0
0
0
0
0
0
0
0
0
0
0
0
0
0
0
0
0
0
0
0
0
0
0
0
