0
0
0
0
0
0
0
0
0
0
0
0
0
0
0
0
0
0
0
0
0
0
0
0
0
0
0
0
0
0
0
0
0
0
0
0
0
0
0
0
0
0
0
0
0
0
0
0
0
0
0
0
0
0
0
0
0
0
0
0
0
0
0
0
0
0
0
0
0
0
0
0
0
0
0
0
0
0
0
0
0
0
0
0
0
0
0
0
0
0
0
0
0
0
0
0
0
0
0
0
0
0
0
0
0
0
0
0
0
0
0
0
0
0
0
0
0
0
0
0
0
0
0
0
0
0
0
0
0
0
0.0784314
0.419608
0
0
0
0
0
0
0
0
0
0
0
0
0
0
0
0
0
0
0.529412
0.698039
0.635294
0.0117647
0
0
0
0
0
0
0
0
0
0
0
0
0
0
0
0.521569
0.670588
0.00784314
0.654902
0.439216
0
0
0
0
0
0
0
0
0
0
0
0
0
0
0.192157
0.658824
0
0
0.0862745
0.807843
0
0
0
0
0
0
0
0
0
0
0
0
0
0
0.372549
0.164706
0
0
0.00784314
0.858824
0
0
0
0
0
0
0
0
0
0
0
0
0
0
0.803922
0.0980392
0
0
0.00392157
0.654902
0
0
0
0
0
0
0
0
0
0
0
0
0
0
0.780392
0.239216
0
0
0.341176
0.490196
0
0
0
0
0
0
0
0
0
0
0
0
0
0
0.231373
0.862745
0.72549
0.647059
0.752941
0.0627451
0
0
0
0
0
0
0
0
0
0
0
0
0
0
0
0.00392157
0.164706
0.152941
0.054902
0
0
0
0
0
0
0
0
0
0
0
0
0
0
0
0
0
0
0
0
0
0
0
0
0
0
0
0
0
0
0
0
0
0
0
0
0
0
0
0
0
0
0
0
0
0
0
0
0
0
0
0
0
0
0
0
0
0
0
0
0
0
0
0
0
0
0
0
0
0
0
0
0
0
0
0
0
0
0
0
0
0
0
0
0
0
0
0
0
0
0
0
0
0
0
0
0
0
0
0
0
0
0
0
0
0
0
