0
0
0
0
0
0
0
0
0
0
0
0
0
0
0
0
0
0
0
0
0
0
0
0
0
0
0
0
0
0
0
0
0
0
0
0
0
0
0
0
0
0
0
0
0
0
0
0
0
0
0
0
0
0
0
0
0
0
0
0
0
0
0
0
0
0
0
0
0
0
0
0
0
0
0
0
0
0
0
0
0
0
0
0
0
0
0
0
0
0
0
0
0
0
0
0
0
0
0
0
0
0
0
0
0
0
0
0
0
0
0.0745098
0.513726
0.427451
0
0
0
0
0
0
0
0
0
0
0
0
0
0
0
0.0745098
0.572549
0.890196
0.447059
0.580392
0
0
0
0
0
0
0
0
0
0
0
0
0
0
0.278431
0.843137
0.447059
0.764706
0.180392
0.478431
0
0
0
0
0
0
0
0
0
0
0
0
0
0
0.423529
0.333333
0.341176
0.529412
0.372549
0.486275
0
0
0
0
0
0
0
0
0
0
0
0
0
0
0
0
0.294118
0.835294
0.988235
0.176471
0
0
0
0
0
0
0
0
0
0
0
0
0
0
0
0
0.298039
0.647059
0.341176
0.533333
0.423529
0
0
0
0
0
0
0
0
0
0
0
0
0
0
0
0.298039
0.360784
0
0
0.733333
0.203922
0
0
0
0
0
0
0
0
0
0
0
0
0
0
0.105882
0.133333
0
0.00392157
0.768627
0.176471
0
0
0
0
0
0
0
0
0
0
0
0
0
0
0.192157
0.235294
0
0.509804
0.627451
0.00392157
0
0
0
0
0
0
0
0
0
0
0
0
0
0
0.368627
0.435294
0.294118
0.807843
0.027451
0
0
0
0
0
0
0
0
0
0
0
0
0
0
0
0.301961
0.886275
0.788235
0.12549
0
0
0
0
0
0
0
0
0
0
0
0
0
0
0
0
0
0.0941176
0.00392157
0
0
0
0
0
0
0
0
0
0
0
0
0
0
0
0
0
0
0
0
0
0
0
0
0
0
0
0
0
0
0
0
0
0
0
0
0
0
0
0
0
0
0
0
0
0
0
0
0
0
0
0
0
0
0
0
0
0
0
0
0
0
0
0
0
0
0
0
