0
0
0
0
0
0
0
0
0
0
0
0
0
0
0
0
0
0
0
0
0
0
0
0
0
0
0
0
0
0
0
0
0
0
0
0
0
0
0
0
0
0
0
0
0
0
0
0
0
0
0
0
0
0
0
0
0
0
0
0
0
0
0
0
0
0
0
0
0
0
0
0
0
0
0
0
0
0
0
0
0
0
0
0
0
0
0
0
0
0
0
0
0
0
0
0
0
0
0
0
0
0
0
0
0
0
0
0
0
0.0705882
0.121569
0
0
0
0
0
0
0
0
0
0
0
0
0
0
0
0
0
0.105882
0.92549
0.835294
0.360784
0.0627451
0
0
0
0
0
0
0
0
0
0
0
0
0
0
0
0.286275
0.988235
0.270588
0.313726
0.807843
0
0
0
0
0
0
0
0
0
0
0
0
0
0
0
0.301961
0.996078
0.235294
0.290196
0.792157
0
0
0
0
0
0
0
0
0
0
0
0
0
0
0
0.2
0.745098
0.196078
0.960784
0.905882
0.423529
0
0
0
0
0
0
0
0
0
0
0
0
0
0
0.164706
0.866667
0.121569
0.0117647
0.027451
0.690196
0.427451
0
0
0
0
0
0
0
0
0
0
0
0
0
0.0392157
0.933333
0.113725
0
0
0.0117647
0.866667
0.0431373
0
0
0
0
0
0
0
0
0
0
0
0
0.00392157
0.870588
0.0901961
0
0
0.027451
0.847059
0.0627451
0
0
0
0
0
0
0
0
0
0
0
0
0
0.772549
0.529412
0.376471
0.4
0.835294
0.435294
0
0
0
0
0
0
0
0
0
0
0
0
0
0
0.760784
0.501961
0.301961
0.231373
0.0352941
0
0
0
0
0
0
0
0
0
0
0
0
0
0
0
0.121569
0.00392157
0
0
0
0
0
0
0
0
0
0
0
0
0
0
0
0
0
0
0
0
0
0
0
0
0
0
0
0
0
0
0
0
0
0
0
0
0
0
0
0
0
0
0
0
0
0
0
0
0
0
0
0
0
0
0
0
0
0
0
0
0
0
0
0
0
0
0
0
0
0
0
0
0
0
0
0
0
0
0
0
0
0
0
0
0
0
0
0
0
