0
0
0
0
0
0
0
0
0
0
0
0
0
0
0
0
0
0
0
0
0
0
0
0
0
0
0
0
0
0
0
0
0
0
0
0
0
0
0
0
0
0
0
0
0
0
0
0
0
0
0
0
0
0
0
0
0
0
0
0
0
0
0
0
0
0
0
0
0
0
0
0
0
0
0
0
0
0
0
0
0
0
0
0
0
0
0
0
0
0
0
0
0
0
0
0
0
0
0
0
0
0
0
0
0
0
0
0
0
0
0
0
0
0
0
0
0
0
0
0
0
0
0
0
0
0
0
0
0
0.2
0
0
0
0
0
0
0
0
0
0
0
0
0
0
0
0
0.0196078
0.258824
0.129412
0.333333
0.00784314
0
0
0
0
0
0
0
0
0
0
0
0
0
0
0
0.160784
0.0784314
0
0.243137
0.00784314
0
0.172549
0.368627
0.00392157
0
0
0
0
0
0
0
0
0
0
0
0
0
0
0.356863
0.419608
0.345098
0.298039
0.0784314
0
0
0
0
0
0
0
0
0
0
0
0
0
0
0
0.360784
0.462745
0.231373
0.133333
0.254902
0.333333
0
0
0
0
0
0
0
0
0
0
0
0.0352941
0.0431373
0
0.0784314
0.266667
0.376471
0
0.145098
0.27451
0
0
0
0
0
0
0
0
0
0
0.0941176
0.388235
0.211765
0.188235
0.12549
0.301961
0.392157
0.133333
0.364706
0
0
0
0
0
0
0
0
0
0
0
0.278431
0
0.0313726
0.301961
0.333333
0.262745
0.0352941
0.203922
0.301961
0.376471
0.431373
0.0980392
0
0
0
0
0
0
0
0
0.164706
0.368627
0.298039
0.0392157
0.101961
0.0431373
0
0
0
0
0.203922
0.227451
0
0
0
0
0
0
0
0
0
0
0
0
0
0
0
0
0
0
0
0
0
0
0
0
0
0
0
0
0
0
0
0
0
0
0
0
0
0
0
0
0
0
0
0
0
0
0
0
0
0
0
0
0
0
0
0
0
0
0
0
0
0
0
0
0
0
0
0
0
0
0
0
0
0
0
0
0
0
0
0
0
0
0
0
0
0
0
0
0
0
0
0
0
0
0
0
0
0
0
0
0
0
0
