0
0
0
0
0
0
0
0
0
0
0
0
0
0
0
0
0
0
0
0
0
0
0
0
0
0
0
0
0
0
0
0
0
0
0
0
0
0
0
0
0
0
0
0
0
0
0
0
0
0
0
0
0
0
0
0
0
0
0
0
0
0
0
0
0
0
0
0
0
0
0
0
0
0
0
0
0
0
0
0
0
0
0
0
0
0
0
0
0
0
0
0
0
0
0
0
0
0
0
0
0
0
0
0
0
0
0
0
0
0
0
0
0
0
0
0
0
0
0
0
0
0
0
0
0
0
0
0
0
0.231373
0.133333
0
0
0
0
0
0
0
0
0
0
0
0
0
0
0
0
0
0
0.509804
0.858824
0.870588
0.380392
0
0
0
0
0
0
0
0
0
0
0
0
0
0
0
0.141176
0.905882
0.388235
0.0784314
0.878431
0.00392157
0
0
0
0
0
0
0
0
0
0
0
0
0
0
0.396078
0.8
0.101961
0
0.72549
0.152941
0
0
0
0
0
0
0
0
0
0
0
0
0
0
0.133333
0.92549
0.121569
0
0.435294
0.447059
0
0
0
0
0
0
0
0
0
0
0
0
0
0
0.00392157
0.847059
0.192157
0
0.329412
0.592157
0
0
0
0
0
0
0
0
0
0
0
0
0
0
0
0.72549
0.188235
0
0.278431
0.611765
0
0
0
0
0
0
0
0
0
0
0
0
0
0
0
0.611765
0.380392
0.270588
0.709804
0.447059
0
0
0
0
0
0
0
0
0
0
0
0
0
0
0
0.6
0.803922
0.670588
0.313726
0
0
0
0
0
0
0
0
0
0
0
0
0
0
0
0
0.00392157
0
0
0
0
0
0
0
0
0
0
0
0
0
0
0
0
0
0
0
0
0
0
0
0
0
0
0
0
0
0
0
0
0
0
0
0
0
0
0
0
0
0
0
0
0
0
0
0
0
0
0
0
0
0
0
0
0
0
0
0
0
0
0
0
0
0
0
0
0
0
0
0
0
0
0
0
0
0
0
0
0
0
0
0
0
0
0
0
0
0
