0
0
0
0
0
0
0
0
0
0
0
0
0
0
0
0
0
0
0
0
0
0
0
0
0
0
0
0
0
0
0
0
0
0
0
0
0
0
0
0
0
0
0
0
0
0
0
0
0
0
0
0
0
0
0
0
0
0
0
0
0
0
0
0
0
0
0
0
0
0
0
0
0
0
0
0
0
0
0
0
0
0
0
0
0
0
0
0
0
0
0
0
0
0
0
0
0
0
0
0
0
0
0
0
0
0
0
0
0
0
0
0
0
0
0
0
0
0
0
0
0
0
0
0
0
0
0
0
0
0
0
0
0
0
0
0
0
0
0
0
0
0
0
0
0
0
0
0
0.305882
0.596078
0.396078
0.254902
0.0941176
0.00392157
0
0
0
0
0
0
0
0
0
0
0
0
0
0.113725
0.972549
0.745098
0.462745
0.466667
0.670588
0.505882
0
0
0
0
0
0
0
0
0
0
0
0
0
0.0901961
0.992157
0.411765
0
0
0.101961
0.760784
0
0
0
0
0
0
0
0
0
0
0
0
0
0
0.886275
0.298039
0
0
0.0352941
0.627451
0
0
0
0
0
0
0
0
0
0
0
0
0
0
0.670588
0.270588
0
0
0.0627451
0.6
0
0
0
0
0
0
0
0
0
0
0
0
0
0
0.619608
0.32549
0
0
0.443137
0.537255
0
0
0
0
0
0
0
0
0
0
0
0
0
0
0.603922
0.337255
0
0.313726
0.862745
0.105882
0
0
0
0
0
0
0
0
0
0
0
0
0
0
0.654902
0.686275
0.796078
0.713726
0.164706
0
0
0
0
0
0
0
0
0
0
0
0
0
0
0
0.388235
0.454902
0.105882
0
0
0
0
0
0
0
0
0
0
0
0
0
0
0
0
0
0
0
0
0
0
0
0
0
0
0
0
0
0
0
0
0
0
0
0
0
0
0
0
0
0
0
0
0
0
0
0
0
0
0
0
0
0
0
0
0
0
0
0
0
0
0
0
0
0
0
0
0
0
0
0
0
0
0
0
0
0
0
0
0
0
0
0
0
0
0
0
0
