0
0
0
0
0
0
0
0
0
0
0
0
0
0
0
0
0
0
0
0
0
0
0
0
0
0
0
0
0
0
0
0
0
0
0
0
0
0
0
0
0
0
0
0
0
0
0
0
0
0
0
0
0
0
0
0
0
0
0
0
0
0
0
0
0
0
0
0
0
0
0
0
0
0
0
0
0
0
0
0
0
0
0
0
0
0
0
0
0
0
0
0
0
0
0
0
0
0
0
0
0
0
0
0
0
0
0
0
0
0.356863
0.686275
0
0
0
0
0
0
0
0
0
0
0
0
0
0
0
0
0
0.137255
0.843137
0.129412
0.835294
0.32549
0
0
0
0
0
0
0
0
0
0
0
0
0
0
0.0705882
0.788235
0.278431
0
0.109804
0.694118
0.607843
0.054902
0
0
0
0
0
0
0
0
0
0
0
0.00392157
0.694118
0.341176
0
0
0
0.00392157
0.4
0.827451
0.443137
0.0666667
0
0
0
0
0
0
0
0
0.00392157
0.537255
0.658824
0
0
0
0
0
0
0.0470588
0.423529
0.862745
0.478431
0
0
0
0
0
0
0
0.478431
0.701961
0.0627451
0
0
0
0
0
0
0
0
0.137255
0.960784
0.0705882
0
0
0
0
0
0
0.360784
0.741176
0.0117647
0
0
0
0
0
0
0
0.156863
0.807843
0.345098
0
0
0
0
0
0
0
0
0.458824
0.447059
0
0
0
0
0
0
0.278431
0.780392
0.160784
0
0
0
0
0
0
0
0
0
0.0117647
0.407843
0.564706
0.0392157
0
0
0
0.419608
0.764706
0.0941176
0
0
0
0
0
0
0
0
0
0
0
0
0.337255
0.796078
0.219608
0.109804
0.592157
0.513726
0.027451
0
0
0
0
0
0
0
0
0
0
0
0
0
0
0.192157
0.870588
0.898039
0.286275
0
0
0
0
0
0
0
0
0
0
0
0
0
0
0
0
0
0.0627451
0.0431373
0
0
0
0
0
0
0
0
0
0
0
0
0
0
0
0
0
0
0
0
0
0
0
0
0
0
0
0
0
0
0
0
0
0
0
0
0
0
0
0
0
0
0
0
0
0
0
0
0
0
0
0
0
0
0
0
0
0
0
0
0
0
0
0
0
0
0
0
