0
0
0
0
0
0
0
0
0
0
0
0
0
0
0
0
0
0
0
0
0
0
0
0
0
0
0
0
0
0
0
0
0
0
0
0
0
0
0
0
0
0
0
0
0
0
0
0
0
0
0
0
0
0
0
0
0
0
0
0
0
0
0
0
0
0
0
0
0
0
0
0
0
0
0
0
0
0
0
0
0
0
0
0
0
0
0
0
0
0
0
0
0
0
0
0
0
0
0
0
0
0
0
0
0
0
0
0
0
0
0
0
0
0
0
0
0
0
0
0
0
0
0
0
0
0
0
0
0
0
0
0
0
0
0
0
0
0
0
0
0
0
0
0
0
0
0
0.188235
0.235294
0.227451
0.372549
0.639216
0.713726
0.545098
0.309804
0.160784
0
0
0
0
0
0
0
0
0
0
0.145098
0.894118
0.427451
0.396078
0.337255
0.309804
0.113725
0.356863
0.568627
0.745098
0
0
0
0
0
0
0
0
0
0
0.0862745
0.803922
0
0
0
0
0
0
0.0941176
0.686275
0
0
0
0
0
0
0
0
0
0
0.0352941
0.819608
0
0
0
0
0
0
0.145098
0.745098
0
0
0
0
0
0
0
0
0
0
0
0.827451
0.0666667
0
0
0
0
0
0.0941176
0.67451
0
0
0
0
0
0
0
0
0
0
0.145098
0.811765
0.458824
0.00392157
0
0.00392157
0.00392157
0.00392157
0.105882
0.788235
0
0
0
0
0
0
0
0
0
0
0.352941
0.694118
0.87451
0.658824
0.333333
0.623529
0.580392
0.552941
0.878431
0.901961
0.00392157
0
0
0
0
0
0
0
0
0
0
0
0
0
0
0
0
0
0
0
0
0
0
0
0
0
0
0
0
0
0
0
0
0
0
0
0
0
0
0
0
0
0
0
0
0
0
0
0
0
0
0
0
0
0
0
0
0
0
0
0
0
0
0
0
0
0
0
0
0
0
0
0
0
0
0
0
0
0
0
0
0
0
0
0
0
0
0
0
0
0
0
0
0
0
0
0
0
0
0
0
0
0
0
0
0
0
0
0
0
0
0
0
0
0
0
0
0
0
0
0
0
0
0
