0
0
0
0
0
0
0
0
0
0
0
0
0
0
0
0
0
0
0
0
0
0
0
0
0
0
0
0
0
0
0
0
0
0
0
0
0
0
0
0
0
0
0
0
0
0
0
0
0
0
0
0
0
0
0
0
0
0
0
0
0
0
0
0
0
0
0
0
0
0
0
0
0
0
0
0
0
0
0
0
0
0
0
0
0
0
0
0
0
0
0
0
0
0
0
0
0
0
0
0
0
0
0
0
0
0
0
0
0
0
0
0
0
0
0
0
0
0
0
0
0
0
0
0
0
0
0.0862745
0.176471
0.00392157
0
0.00392157
0.00392157
0.00392157
0.00392157
0.00392157
0
0
0
0
0
0
0
0
0
0
0
0.701961
0.952941
0.654902
0.180392
0.658824
0.47451
0.419608
0.709804
0.8
0.878431
0.0980392
0
0
0
0
0
0
0
0
0
0.0392157
0.556863
0
0
0
0
0
0
0
0.6
0.341176
0
0
0
0
0
0
0
0
0
0.0352941
0.627451
0
0
0
0
0
0
0
0.454902
0.262745
0
0
0
0
0
0
0
0
0
0.0352941
0.678431
0
0
0
0
0
0
0
0.239216
0.12549
0
0
0
0
0
0
0
0
0
0.0470588
0.745098
0
0
0
0
0
0
0
0.301961
0.176471
0
0
0
0
0
0
0
0
0
0.0588235
0.772549
0
0
0
0
0
0
0
0.419608
0.239216
0
0
0
0
0
0
0
0
0
0.0352941
0.627451
0
0
0
0
0
0
0
0.305882
0.176471
0
0
0
0
0
0
0
0
0
0.0431373
0.768627
0.0588235
0.00392157
0
0
0
0
0
0.52549
0.294118
0
0
0
0
0
0
0
0
0
0.0431373
0.666667
0.764706
0.419608
0.337255
0.2
0.337255
0.203922
0.533333
0.858824
0.141176
0
0
0
0
0
0
0
0
0
0
0
0
0
0.0862745
0.0392157
0.2
0.101961
0.333333
0.262745
0
0
0
0
0
0
0
0
0
0
0
0
0
0
0
0
0
0
0
0
0
0
0
0
0
0
0
0
0
0
0
0
0
0
0
0
0
0
0
0
0
0
0
0
0
0
0
0
0
0
0
0
0
0
0
0
0
0
0
0
0
0
0
0
