0
0
0
0
0
0
0
0
0
0
0
0
0
0
0
0
0
0
0
0
0
0
0
0
0
0
0
0
0
0
0
0
0
0
0
0
0
0
0
0
0
0
0
0
0
0
0
0
0
0
0
0
0
0
0
0
0
0
0
0
0
0
0
0
0
0
0
0
0
0
0
0
0
0
0
0
0
0
0
0
0
0
0
0
0
0
0
0
0
0
0
0
0
0
0
0
0
0
0
0
0
0
0
0
0
0
0
0
0
0
0
0
0
0
0
0
0
0
0
0
0
0
0
0
0
0
0
0
0
0
0
0
0
0
0
0
0
0
0
0
0
0
0
0
0
0
0
0.00784314
0.313726
0.333333
0.333333
0.247059
0.0705882
0.00784314
0
0
0
0
0
0
0
0
0
0
0
0
0
0.2
0.823529
0.533333
0.533333
0.592157
0.419608
0.890196
0.898039
0.0117647
0
0
0
0
0
0
0
0
0
0
0
0.286275
0.352941
0
0
0
0
0
0.819608
0.00392157
0
0
0
0
0
0
0
0
0
0
0
0.588235
0
0
0
0
0
0
0.509804
0.00392157
0
0
0
0
0
0
0
0
0
0
0.435294
0.556863
0
0
0
0
0
0.0666667
0.635294
0
0
0
0
0
0
0
0
0
0
0
0.905882
0.294118
0.137255
0
0
0
0
0.486275
0.392157
0
0
0
0
0
0
0
0
0
0
0
0.0980392
0.305882
0.858824
0.772549
0.494118
0.313726
0.192157
0.678431
0.266667
0
0
0
0
0
0
0
0
0
0
0
0
0
0
0.0941176
0.388235
0.576471
0.721569
0.792157
0.0784314
0
0
0
0
0
0
0
0
0
0
0
0
0
0
0
0
0
0
0
0
0
0
0
0
0
0
0
0
0
0
0
0
0
0
0
0
0
0
0
0
0
0
0
0
0
0
0
0
0
0
0
0
0
0
0
0
0
0
0
0
0
0
0
0
0
0
0
0
0
0
0
0
0
0
0
0
0
0
0
0
0
0
0
0
0
0
0
0
0
0
0
0
0
0
0
0
0
0
0
0
0
0
0
0
0
