0
0
0
0
0
0
0
0
0
0
0
0
0
0
0
0
0
0
0
0
0
0
0
0
0
0
0
0
0
0
0
0
0
0
0
0
0
0
0
0
0
0
0
0
0
0
0
0
0
0
0
0
0
0
0
0
0
0
0
0
0
0
0
0
0
0
0
0
0
0
0
0
0
0
0
0
0
0
0
0
0
0
0
0
0
0
0
0
0
0
0
0
0
0
0
0
0
0
0
0
0
0
0
0
0
0
0
0
0
0
0.364706
0.0431373
0
0
0
0
0
0
0
0
0
0
0
0
0
0
0
0
0
0.443137
0.839216
0.603922
0
0
0
0
0
0
0
0
0
0
0
0
0
0
0
0
0.219608
0.819608
0.0313726
0.611765
0.623529
0.0431373
0
0
0
0
0
0
0
0
0
0
0
0
0
0.258824
0.854902
0.203922
0
0.00392157
0.47451
0.796078
0.027451
0
0
0
0
0
0
0
0
0
0
0
0.4
0.788235
0.133333
0
0
0
0
0.239216
0.709804
0.337255
0.0117647
0
0
0
0
0
0
0
0
0.054902
0.772549
0.121569
0
0
0
0
0
0
0.231373
0.968627
0.196078
0
0
0
0
0
0
0
0
0
0.278431
0.788235
0.0588235
0
0
0
0
0.0431373
0.772549
0.537255
0
0
0
0
0
0
0
0
0
0
0
0.431373
0.807843
0.188235
0
0
0.054902
0.764706
0.368627
0
0
0
0
0
0
0
0
0
0
0
0
0
0.227451
0.843137
0.427451
0.0235294
0.776471
0.423529
0
0
0
0
0
0
0
0
0
0
0
0
0
0
0
0.0588235
0.768627
0.764706
0.545098
0
0
0
0
0
0
0
0
0
0
0
0
0
0
0
0
0
0.105882
0.843137
0.0705882
0
0
0
0
0
0
0
0
0
0
0
0
0
0
0
0
0
0
0
0
0
0
0
0
0
0
0
0
0
0
0
0
0
0
0
0
0
0
0
0
0
0
0
0
0
0
0
0
0
0
0
0
0
0
0
0
0
0
0
0
0
0
0
0
0
0
0
0
0
0
0
0
0
0
0
0
0
0
0
0
0
0
0
0
0
0
0
