0
0
0
0
0
0
0
0
0
0
0
0
0
0
0
0
0
0
0
0
0
0
0
0
0
0
0
0
0
0
0
0
0
0
0
0
0
0
0
0
0
0
0
0
0
0
0
0
0
0
0
0
0
0
0
0
0
0
0
0
0
0
0
0
0
0
0
0
0
0
0
0
0
0
0
0
0
0
0
0
0
0
0
0
0
0
0
0
0
0
0
0
0
0
0
0
0
0
0
0
0
0
0
0
0
0
0
0
0
0
0
0
0
0
0
0
0
0
0
0
0
0
0
0
0
0
0
0
0
0.0862745
0
0
0
0
0
0
0
0
0
0
0
0
0
0
0
0
0
0
0.321569
0.945098
0.611765
0.0705882
0
0
0
0
0
0
0
0
0
0
0
0
0
0
0
0.211765
0.819608
0.141176
0.341176
0.752941
0.52549
0.105882
0
0
0
0
0
0
0
0
0
0
0
0
0.137255
0.819608
0.243137
0
0
0.0705882
0.388235
0.752941
0.462745
0.156863
0.0196078
0
0
0
0
0
0
0
0
0.333333
0.713726
0.235294
0
0
0
0
0
0
0.211765
0.752941
0.941176
0.0196078
0
0
0
0
0
0
0.105882
0.976471
0.160784
0
0
0
0
0
0
0.298039
0.788235
0.698039
0.235294
0
0
0
0
0
0
0
0
0.407843
0.796078
0.156863
0
0
0.176471
0.552941
0.694118
0.588235
0.168627
0
0
0
0
0
0
0
0
0
0
0
0.352941
0.866667
0.466667
0.654902
0.823529
0.4
0.0470588
0
0
0
0
0
0
0
0
0
0
0
0
0
0
0.0470588
0.576471
0.0941176
0.00392157
0
0
0
0
0
0
0
0
0
0
0
0
0
0
0
0
0
0
0
0
0
0
0
0
0
0
0
0
0
0
0
0
0
0
0
0
0
0
0
0
0
0
0
0
0
0
0
0
0
0
0
0
0
0
0
0
0
0
0
0
0
0
0
0
0
0
0
0
0
0
0
0
0
0
0
0
0
0
0
0
0
0
0
0
0
0
0
0
0
0
0
0
0
0
0
0
0
0
0
0
0
0
0
0
0
0
0
0
0
