0
0
0
0
0
0
0
0
0
0
0
0
0
0
0
0
0
0
0
0
0
0
0
0
0
0
0
0
0
0
0
0
0
0
0
0
0
0
0
0
0
0
0
0
0
0
0
0
0
0
0
0
0
0
0
0
0
0
0
0
0
0
0
0
0
0
0
0
0
0
0
0
0
0
0
0
0
0
0
0
0
0
0
0
0
0
0
0
0
0
0
0
0
0
0
0
0
0
0
0
0
0
0
0
0
0
0
0
0
0
0
0
0
0
0
0
0
0
0
0
0
0
0
0
0
0
0.478431
0.305882
0.470588
0.462745
0.294118
0.341176
0.12549
0.262745
0.360784
0.164706
0
0
0
0
0
0
0
0
0
0
0.87451
0.321569
0.403922
0.396078
0.243137
0.286275
0.0941176
0.223529
0.513726
0.835294
0
0
0
0
0
0
0
0
0
0
0.87451
0
0
0
0
0
0
0
0.0901961
0.823529
0
0
0
0
0
0
0
0
0
0
0.894118
0
0
0
0
0
0
0
0.0705882
0.803922
0
0
0
0
0
0
0
0
0
0
0.831373
0.00784314
0
0
0
0
0
0
0.0431373
0.760784
0
0
0
0
0
0
0
0
0
0
0.603922
0.137255
0
0
0
0
0
0
0.0627451
0.788235
0
0
0
0
0
0
0
0
0
0
0.670588
0.203922
0
0
0
0
0
0
0.0862745
0.462745
0
0
0
0
0
0
0
0
0
0
0.678431
0.258824
0.0745098
0.0745098
0.0980392
0.054902
0
0
0.258824
0.580392
0
0
0
0
0
0
0
0
0
0
0.466667
0.541176
0.509804
0.552941
0.698039
0.764706
0.768627
0.356863
0.764706
0.364706
0
0
0
0
0
0
0
0
0
0
0
0
0
0
0
0
0.0352941
0.266667
0.411765
0.0313726
0
0
0
0
0
0
0
0
0
0
0
0
0
0
0
0
0
0
0
0
0
0
0
0
0
0
0
0
0
0
0
0
0
0
0
0
0
0
0
0
0
0
0
0
0
0
0
0
0
0
0
0
0
0
0
0
0
0
0
0
0
0
0
0
0
0
0
0
0
0
0
0
0
0
0
0
0
0
0
0
0
0
0
0
