0
0
0
0
0
0
0
0
0
0
0
0
0
0
0
0
0
0
0
0
0
0
0
0
0
0
0
0
0
0
0
0
0
0
0
0
0
0
0
0
0
0
0
0
0
0
0
0
0
0
0
0
0
0
0
0
0
0
0
0
0
0
0
0
0
0
0
0
0
0
0
0
0
0
0
0
0
0
0
0
0
0
0
0
0
0
0
0
0
0
0
0
0
0
0
0
0
0
0
0
0
0
0
0
0
0
0
0
0
0
0
0
0
0
0
0
0
0
0
0
0
0
0
0
0
0
0
0
0.00392157
0.0666667
0.0901961
0.027451
0.137255
0.235294
0.227451
0.027451
0
0
0
0
0
0
0
0
0
0.0117647
0.733333
0.776471
0.764706
0.745098
0.678431
0.192157
0.576471
0.701961
0.839216
0.372549
0
0
0
0
0
0
0
0
0
0.0196078
0.898039
0.027451
0
0
0
0
0
0
0.407843
0.341176
0
0
0
0
0
0
0
0
0
0
0.72549
0.0901961
0
0
0
0
0
0
0.341176
0.286275
0
0
0
0
0
0
0
0
0
0
0.709804
0.188235
0
0
0
0
0
0
0.321569
0.266667
0
0
0
0
0
0
0
0
0
0
0.67451
0.207843
0
0
0
0
0
0
0.4
0.333333
0
0
0
0
0
0
0
0
0
0
0.690196
0.239216
0
0
0
0
0
0
0.454902
0.388235
0
0
0
0
0
0
0
0
0
0
0.6
0.345098
0
0
0
0
0
0
0.392157
0.498039
0
0
0
0
0
0
0
0
0
0
0.454902
0.760784
0.796078
0.501961
0.294118
0.0862745
0.168627
0.168627
0.341176
0.752941
0
0
0
0
0
0
0
0
0
0
0
0
0.0352941
0.12549
0.243137
0.113725
0.419608
0.419608
0.443137
0.505882
0
0
0
0
0
0
0
0
0
0
0
0
0
0
0
0
0
0
0
0
0
0
0
0
0
0
0
0
0
0
0
0
0
0
0
0
0
0
0
0
0
0
0
0
0
0
0
0
0
0
0
0
0
0
0
0
0
0
0
0
0
0
0
0
0
0
0
0
0
0
0
0
0
0
0
0
0
0
0
0
0
0
0
0
