0
0
0
0
0
0
0
0
0
0
0
0
0
0
0
0
0
0
0
0
0
0
0
0
0
0
0
0
0
0
0
0
0
0
0
0
0
0
0
0
0
0
0
0
0
0
0
0
0
0
0
0
0
0
0
0
0
0
0
0
0
0
0
0
0
0
0
0
0
0
0
0
0
0
0
0
0
0
0
0
0
0
0
0
0
0
0
0
0
0
0
0
0
0
0
0
0
0
0
0
0
0
0
0
0
0
0
0
0
0
0
0
0
0
0
0
0
0
0
0
0
0
0
0
0
0
0
0
0
0
0
0
0
0
0
0
0
0
0
0
0
0
0
0
0
0
0
0
0
0
0
0
0
0
0
0
0
0
0
0
0
0
0
0
0
0
0
0.788235
0.811765
0.690196
0.67451
0.886275
0.662745
0.760784
0.772549
0.203922
0
0
0
0
0
0
0
0
0
0
0
0.835294
0.00392157
0
0
0
0
0.00784314
0.588235
0.341176
0
0
0
0
0
0
0
0
0
0
0.0941176
0.756863
0
0
0
0
0
0
0.662745
0.262745
0
0
0
0
0
0
0
0
0
0
0.262745
0.662745
0
0
0
0
0
0.0235294
0.862745
0.027451
0
0
0
0
0
0
0
0
0
0
0.298039
0.913725
0.788235
0.588235
0.164706
0
0
0.207843
0.733333
0
0
0
0
0
0
0
0
0
0
0
0
0.027451
0.137255
0.294118
0.741176
0.807843
0.368627
0.290196
0.501961
0
0
0
0
0
0
0
0
0
0
0
0
0
0
0
0
0.156863
0.596078
0.866667
0.0352941
0
0
0
0
0
0
0
0
0
0
0
0
0
0
0
0
0
0
0.129412
0
0
0
0
0
0
0
0
0
0
0
0
0
0
0
0
0
0
0
0
0
0
0
0
0
0
0
0
0
0
0
0
0
0
0
0
0
0
0
0
0
0
0
0
0
0
0
0
0
0
0
0
0
0
0
0
0
0
0
0
0
0
0
0
0
0
0
0
0
0
0
0
0
0
0
0
0
0
0
0
0
0
0
0
0
0
