0
0
0
0
0
0
0
0
0
0
0
0
0
0
0
0
0
0
0
0
0
0
0
0
0
0
0
0
0
0
0
0
0
0
0
0
0
0
0
0
0
0
0
0
0
0
0
0
0
0
0
0
0
0
0
0
0
0
0
0
0
0
0
0
0
0
0
0
0
0
0
0
0
0
0
0
0
0
0
0
0
0
0
0
0
0
0
0
0
0
0
0
0
0
0
0
0
0
0
0
0
0
0
0
0
0
0
0
0
0
0
0
0
0
0
0
0
0
0
0
0
0
0
0
0
0
0
0
0
0.172549
0.721569
0.639216
0.0705882
0
0
0
0
0
0
0
0
0
0
0
0
0
0
0
0.0470588
0.890196
0.294118
0.462745
0.678431
0
0
0
0
0
0
0
0
0
0
0
0
0
0
0
0.0862745
0.823529
0
0.00784314
0.878431
0.00392157
0
0
0
0
0
0
0
0
0
0
0
0
0
0
0
0.00784314
0
0
0.839216
0.00784314
0
0
0
0
0
0
0
0
0
0
0
0
0
0
0
0
0
0.0117647
0.901961
0.00784314
0
0
0
0
0
0
0
0
0
0
0
0
0
0
0.109804
0.662745
0.647059
0.513726
0.631373
0
0
0
0
0
0
0
0
0
0
0
0
0
0
0
0.6
0.458824
0.729412
0.964706
0.137255
0
0
0
0
0
0
0
0
0
0
0
0
0
0
0
0.678431
0.831373
0.494118
0.396078
0.854902
0.309804
0.556863
0.227451
0
0
0
0
0
0
0
0
0
0
0
0
0.294118
0.172549
0
0
0.2
0.619608
0.533333
0.0392157
0
0
0
0
0
0
0
0
0
0
0
0
0
0
0
0
0
0
0
0
0
0
0
0
0
0
0
0
0
0
0
0
0
0
0
0
0
0
0
0
0
0
0
0
0
0
0
0
0
0
0
0
0
0
0
0
0
0
0
0
0
0
0
0
0
0
0
0
0
0
0
0
0
0
0
0
0
0
0
0
0
0
0
0
0
0
0
0
0
0
0
0
0
0
0
0
0
0
0
0
0
0
0
0
