0
0
0
0
0
0
0
0
0
0
0
0
0
0
0
0
0
0
0
0
0
0
0
0
0
0
0
0
0
0
0
0
0
0
0
0
0
0
0
0
0
0
0
0
0
0
0
0
0
0
0
0
0
0
0
0
0
0
0
0
0
0
0
0
0
0
0
0
0
0
0
0
0
0
0
0
0
0
0
0
0
0
0
0
0
0
0
0
0
0
0
0
0
0
0
0
0
0
0
0
0
0
0
0
0
0
0
0
0
0
0
0
0
0
0
0
0
0
0
0
0
0
0
0
0
0
0
0
0
0
0
0.658824
0.0588235
0
0
0
0
0
0
0
0
0
0
0
0
0
0
0
0
0
0.188235
1
0.0666667
0
0
0
0
0
0
0
0
0
0
0
0
0
0
0
0
0.0431373
0.792157
0.356863
0.00392157
0
0
0
0
0
0
0
0
0
0
0
0
0
0
0
0
0.580392
0.470588
0.592157
0.0352941
0
0
0
0
0
0
0
0
0
0
0
0
0
0
0
0.356863
0.690196
0.0117647
0.286275
0.0117647
0
0
0
0
0
0
0
0
0
0
0
0
0
0
0.105882
0.835294
0.0745098
0
0.811765
0.0784314
0
0
0
0
0
0
0
0
0
0
0
0
0
0
0.596078
0.419608
0
0
0.807843
0.0745098
0
0
0
0
0
0
0
0
0
0
0
0
0
0
0.156863
0.027451
0
0
0.8
0.0666667
0
0
0
0
0
0
0
0
0
0
0
0
0
0
0
0
0
0
0.768627
0.054902
0
0
0
0
0
0
0
0
0
0
0
0
0
0
0
0
0
0
0.729412
0.0666667
0
0
0
0
0
0
0
0
0
0
0
0
0
0
0
0
0
0
0
0
0
0
0
0
0
0
0
0
0
0
0
0
0
0
0
0
0
0
0
0
0
0
0
0
0
0
0
0
0
0
0
0
0
0
0
0
0
0
0
0
0
0
0
0
0
0
0
0
0
0
0
0
0
0
0
0
0
0
0
0
0
0
0
0
0
0
0
