0
0
0
0
0
0
0
0
0
0
0
0
0
0
0
0
0
0
0
0
0
0
0
0
0
0
0
0
0
0
0
0
0
0
0
0
0
0
0
0
0
0
0
0
0
0
0
0
0
0
0
0
0
0
0
0
0
0
0
0
0
0
0
0
0
0
0
0
0
0
0
0
0
0
0
0
0
0
0
0
0
0
0
0
0
0
0
0
0
0
0
0
0
0
0
0
0
0
0
0
0
0
0
0
0
0
0
0
0
0
0
0
0
0
0
0
0
0
0
0
0
0
0
0
0
0
0
0
0
0
0.176471
0.0627451
0
0
0
0
0
0
0
0
0
0
0
0
0
0
0
0
0
0
0.666667
0.270588
0
0
0
0
0
0
0
0
0
0
0
0
0
0
0
0
0
0
0.580392
0.141176
0
0
0
0
0
0
0
0
0
0
0
0
0
0
0
0
0
0
0.643137
0.176471
0
0
0
0
0
0
0
0
0
0
0
0
0
0
0
0
0
0
0.666667
0.2
0
0
0
0
0
0
0
0
0
0
0
0
0
0
0
0
0
0
0.658824
0.192157
0
0
0
0
0
0
0
0
0
0
0
0
0
0
0
0
0
0
0.666667
0.2
0
0
0
0
0
0
0
0
0
0
0
0
0
0
0
0
0
0
0.690196
0.223529
0
0
0
0
0
0
0
0
0
0
0
0
0
0
0
0
0
0
0.737255
0.192157
0
0
0
0
0
0
0
0
0
0
0
0
0
0
0
0
0
0
0.811765
0.105882
0
0
0
0
0
0
0
0
0
0
0
0
0
0
0
0
0
0
0.0431373
0
0
0
0
0
0
0
0
0
0
0
0
0
0
0
0
0
0
0
0
0
0
0
0
0
0
0
0
0
0
0
0
0
0
0
0
0
0
0
0
0
0
0
0
0
0
0
0
0
0
0
0
0
0
0
0
0
0
0
0
0
0
0
0
0
0
0
0
0
