0
0
0
0
0
0
0
0
0
0
0
0
0
0
0
0
0
0
0
0
0
0
0
0
0
0
0
0
0
0
0
0
0
0
0
0
0
0
0
0
0
0
0
0
0
0
0
0
0
0
0
0
0
0
0
0
0
0
0
0
0
0
0
0
0
0
0
0
0
0
0
0
0
0
0
0
0
0
0
0
0
0
0
0
0
0
0
0
0
0
0
0
0
0
0
0
0
0
0
0
0
0
0
0
0
0
0
0
0
0
0
0
0
0
0
0
0
0
0
0
0
0
0
0
0
0
0
0
0
0
0.054902
0.0235294
0
0
0
0
0
0
0
0
0
0
0
0
0
0
0
0
0
0.00392157
0.752941
0.819608
0.647059
0
0
0
0
0
0
0
0
0
0
0
0
0
0
0
0
0.305882
0.623529
0.121569
0.721569
0.231373
0
0
0
0
0
0
0
0
0
0
0
0
0
0
0
0.537255
0.0352941
0
0.219608
0.721569
0
0
0
0
0
0
0
0
0
0
0
0
0
0
0.105882
0.596078
0
0
0
0.705882
0.0117647
0
0
0
0
0
0
0
0
0
0
0
0
0
0.352941
0.360784
0
0
0
0.745098
0.0588235
0
0
0
0
0
0
0
0
0
0
0
0
0
0.52549
0.32549
0
0
0.054902
0.694118
0.00392157
0
0
0
0
0
0
0
0
0
0
0
0
0
0.380392
0.419608
0
0.00392157
0.666667
0.298039
0
0
0
0
0
0
0
0
0
0
0
0
0
0
0.0980392
0.827451
0.635294
0.843137
0.364706
0
0
0
0
0
0
0
0
0
0
0
0
0
0
0
0
0.0431373
0.329412
0.164706
0
0
0
0
0
0
0
0
0
0
0
0
0
0
0
0
0
0
0
0
0
0
0
0
0
0
0
0
0
0
0
0
0
0
0
0
0
0
0
0
0
0
0
0
0
0
0
0
0
0
0
0
0
0
0
0
0
0
0
0
0
0
0
0
0
0
0
0
0
0
0
0
0
0
0
0
0
0
0
0
0
0
0
0
0
0
0
0
