0
0
0
0
0
0
0
0
0
0
0
0
0
0
0
0
0
0
0
0
0
0
0
0
0
0
0
0
0
0
0
0
0
0
0
0
0
0
0
0
0
0
0
0
0
0
0
0
0
0
0
0
0
0
0
0
0
0
0
0
0
0
0
0
0
0
0
0
0
0
0
0
0
0
0
0
0
0
0
0
0
0
0
0
0
0
0
0
0
0
0
0
0
0
0
0
0
0
0
0
0
0
0
0
0
0
0
0
0
0
0
0
0
0
0
0
0
0
0
0
0
0
0
0
0
0
0
0
0
0
0
0
0
0
0
0
0
0
0
0
0
0
0
0
0
0
0
0
0
0.0941176
0.376471
0.203922
0
0
0
0
0
0
0
0
0
0
0
0
0
0
0
0
0
0.780392
0.964706
0.905882
0.403922
0
0
0
0
0
0
0
0
0
0
0
0
0
0
0
0.196078
0.768627
0.12549
0.0666667
0.796078
0.278431
0
0
0
0
0
0
0
0
0
0
0
0
0
0
0.266667
0.6
0
0
0.164706
0.866667
0.027451
0
0
0
0
0
0
0
0
0
0
0
0
0
0.235294
0.780392
0.0117647
0
0
0.819608
0.0862745
0
0
0
0
0
0
0
0
0
0
0
0
0
0
0.541176
0.827451
0.333333
0.168627
0.835294
0.0313726
0
0
0
0
0
0
0
0
0
0
0
0
0
0
0
0.168627
0.603922
0.807843
0.305882
0
0
0
0
0
0
0
0
0
0
0
0
0
0
0
0
0
0
0
0
0
0
0
0
0
0
0
0
0
0
0
0
0
0
0
0
0
0
0
0
0
0
0
0
0
0
0
0
0
0
0
0
0
0
0
0
0
0
0
0
0
0
0
0
0
0
0
0
0
0
0
0
0
0
0
0
0
0
0
0
0
0
0
0
0
0
0
0
0
0
0
0
0
0
0
0
0
0
0
0
0
0
0
0
0
0
0
0
0
0
0
0
0
0
0
0
0
0
0
0
0
0
0
0
0
0
