0
0
0
0
0
0
0
0
0
0
0
0
0
0
0
0
0
0
0
0
0
0
0
0
0
0
0
0
0
0
0
0
0
0
0
0
0
0
0
0
0
0
0
0
0
0
0
0
0
0
0
0
0
0
0
0
0
0
0
0
0
0
0
0
0
0
0
0
0
0
0
0
0
0
0
0
0
0
0
0
0
0
0
0
0
0
0
0
0
0
0
0
0
0
0
0
0
0
0
0
0
0
0
0
0
0
0
0
0
0
0
0
0
0
0
0
0
0
0
0
0
0
0
0
0
0
0
0
0
0
0
0
0
0
0
0
0
0
0
0
0
0
0
0
0
0
0
0
0
0.254902
0.529412
0.556863
0.352941
0
0
0
0
0
0
0
0
0
0
0
0
0
0
0
0
0.701961
0.498039
0.356863
0.243137
0
0
0
0
0
0
0
0
0
0
0
0
0
0
0
0
0.658824
0.192157
0
0
0
0
0
0
0
0
0
0
0
0
0
0
0
0
0
0
0.537255
0.12549
0
0
0
0
0
0
0
0
0
0
0
0
0
0
0
0
0
0
0.701961
0.454902
0.521569
0.0862745
0
0
0
0
0
0
0
0
0
0
0
0
0
0
0
0.00392157
0.721569
0.564706
0.388235
0.0392157
0
0
0
0
0
0
0
0
0
0
0
0
0
0
0
0
0.67451
0.207843
0
0
0
0
0
0
0
0
0
0
0
0
0
0
0
0
0
0
0.686275
0.243137
0
0
0
0
0
0
0
0
0
0
0
0
0
0
0
0
0
0
0.0745098
0.0117647
0
0
0
0
0
0
0
0
0
0
0
0
0
0
0
0
0
0
0
0
0
0
0
0
0
0
0
0
0
0
0
0
0
0
0
0
0
0
0
0
0
0
0
0
0
0
0
0
0
0
0
0
0
0
0
0
0
0
0
0
0
0
0
0
0
0
0
0
0
0
0
0
0
0
0
0
0
0
0
0
0
0
0
0
0
0
0
0
0
