0
0
0
0
0
0
0
0
0
0
0
0
0
0
0
0
0
0
0
0
0
0
0
0
0
0
0
0
0
0
0
0
0
0
0
0
0
0
0
0
0
0
0
0
0
0
0
0
0
0
0
0
0
0
0
0
0
0
0
0
0
0
0
0
0
0
0
0
0
0
0
0
0
0
0
0
0
0
0
0
0
0
0
0
0
0
0
0
0
0
0
0
0
0
0
0
0
0
0
0
0
0
0
0
0
0
0
0
0
0
0
0
0
0
0
0
0
0
0
0
0
0
0
0
0
0
0
0
0
0
0
0
0
0
0
0
0
0
0
0
0
0
0
0
0
0
0
0
0
0
0
0
0
0
0
0
0
0
0
0
0
0
0
0
0
0
0
0
0
0
0.207843
0.568627
0.772549
0.890196
0.12549
0
0
0
0
0
0
0
0
0
0
0
0
0
0
0.0431373
0.658824
0.458824
0.219608
0.0235294
0
0
0
0
0
0
0
0
0
0
0
0
0
0
0
0.537255
0.721569
0.462745
0.407843
0.478431
0.101961
0
0
0
0
0
0
0
0
0
0
0
0
0
0.254902
0.760784
0.509804
0.4
0.443137
0.427451
0.0784314
0
0
0
0
0
0
0
0
0
0
0
0
0.0941176
0.854902
0.145098
0
0
0
0
0
0
0
0
0
0
0
0
0
0
0
0
0
0.392157
0.443137
0
0
0
0
0
0
0
0
0
0
0
0
0
0
0
0
0
0
0
0
0
0
0
0
0
0
0
0
0
0
0
0
0
0
0
0
0
0
0
0
0
0
0
0
0
0
0
0
0
0
0
0
0
0
0
0
0
0
0
0
0
0
0
0
0
0
0
0
0
0
0
0
0
0
0
0
0
0
0
0
0
0
0
0
0
0
0
0
0
0
0
0
0
0
0
0
0
0
0
0
0
0
0
0
0
0
0
0
0
0
0
0
0
0
0
0
0
0
0
0
0
0
0
0
0
0
0
0
0
0
0
