0
0
0
0
0
0
0
0
0
0
0
0
0
0
0
0
0
0
0
0
0
0
0
0
0
0
0
0
0
0
0
0
0
0
0
0
0
0
0
0
0
0
0
0
0
0
0
0
0
0
0
0
0
0
0
0
0
0
0
0
0
0
0
0
0
0
0
0
0
0
0
0
0
0
0
0
0
0
0
0
0
0
0
0
0
0
0
0
0
0
0
0
0
0
0
0
0
0
0
0
0
0
0
0
0
0
0
0
0
0
0
0
0
0
0
0
0
0
0
0
0
0
0
0
0
0
0
0
0
0
0
0
0
0
0
0
0
0
0
0
0
0
0
0
0
0
0
0
0
0
0
0
0
0
0
0
0
0
0
0
0
0
0
0
0
0
0
0
0
0
0
0.0117647
0.196078
0.0627451
0
0
0
0
0
0
0
0
0
0
0
0
0
0
0
0
0.309804
0.870588
0.952941
0.2
0
0
0
0
0
0
0
0
0
0
0
0
0
0
0
0.270588
0.976471
0.741176
0.152941
0
0
0
0
0
0
0
0
0
0
0
0
0
0
0
0.141176
0.988235
0.431373
0
0
0
0
0
0
0
0
0
0
0
0
0
0
0
0
0
0
0.678431
0.466667
0.0117647
0
0
0
0
0
0
0
0
0
0
0
0
0
0
0
0
0
0.0862745
0.686275
0.913725
0.901961
0.611765
0
0
0
0
0
0
0
0
0
0
0
0
0
0
0
0
0
0
0
0
0
0
0
0
0
0
0
0
0
0
0
0
0
0
0
0
0
0
0
0
0
0
0
0
0
0
0
0
0
0
0
0
0
0
0
0
0
0
0
0
0
0
0
0
0
0
0
0
0
0
0
0
0
0
0
0
0
0
0
0
0
0
0
0
0
0
0
0
0
0
0
0
0
0
0
0
0
0
0
0
0
0
0
0
0
0
0
0
0
0
0
0
0
0
0
0
0
0
0
0
0
0
0
0
0
0
