0
0
0
0
0
0
0
0
0
0
0
0
0
0
0
0
0
0
0
0
0
0
0
0
0
0
0
0
0
0
0
0
0
0
0
0
0
0
0
0
0
0
0
0
0
0
0
0
0
0
0
0
0
0
0
0
0
0
0
0
0
0
0
0
0
0
0
0
0
0
0
0
0
0
0
0
0
0
0
0
0
0
0
0
0
0
0
0
0
0
0
0
0
0
0
0
0
0
0
0
0
0
0
0
0
0
0
0
0
0
0
0
0
0
0
0
0
0
0
0
0
0
0
0
0
0
0
0
0
0
0
0
0
0
0
0
0
0
0
0
0
0
0
0
0
0
0
0
0
0
0
0
0
0
0
0
0
0
0
0
0
0
0
0
0
0
0
0
0
0
0.027451
0.372549
0.713726
0
0
0
0
0
0
0
0
0
0
0
0
0
0
0
0
0.313726
0.870588
0.756863
0.211765
0
0
0
0
0
0
0
0
0
0
0
0
0
0
0
0.462745
0.905882
0.847059
0.0392157
0
0
0
0
0
0
0
0
0
0
0
0
0
0
0
0
0.156863
0.4
0.568627
0
0
0
0
0
0
0
0
0
0
0
0
0
0
0
0
0
0
0.262745
0.858824
0.490196
0.380392
0.356863
0.203922
0
0
0
0
0
0
0
0
0
0
0
0
0
0
0
0.168627
0.435294
0.537255
0.556863
0.341176
0
0
0
0
0
0
0
0
0
0
0
0
0
0
0
0
0
0
0
0
0
0
0
0
0
0
0
0
0
0
0
0
0
0
0
0
0
0
0
0
0
0
0
0
0
0
0
0
0
0
0
0
0
0
0
0
0
0
0
0
0
0
0
0
0
0
0
0
0
0
0
0
0
0
0
0
0
0
0
0
0
0
0
0
0
0
0
0
0
0
0
0
0
0
0
0
0
0
0
0
0
0
0
0
0
0
0
0
0
0
0
0
0
0
0
0
0
0
0
0
0
0
0
0
0
