0
0
0
0
0
0
0
0
0
0
0
0
0
0
0
0
0
0
0
0
0
0
0
0
0
0
0
0
0
0
0
0
0
0
0
0
0
0
0
0
0
0
0
0
0
0
0
0
0
0
0
0
0
0
0
0
0
0
0
0
0
0
0
0
0
0
0
0
0
0
0
0
0
0
0
0
0
0
0
0
0
0
0
0
0
0
0
0
0
0
0
0
0
0
0
0
0
0
0
0
0
0
0
0
0
0
0
0
0
0
0
0
0
0
0
0
0
0
0
0
0
0
0
0
0
0
0
0
0
0
0
0
0
0
0
0
0
0
0
0
0
0
0
0
0
0
0
0
0
0
0
0.0588235
0.2
0
0
0
0
0
0
0
0
0
0
0
0
0
0
0
0
0
0.207843
0.862745
0.568627
0
0
0
0
0
0
0
0
0
0
0
0
0
0
0
0
0.439216
0.92549
0.309804
0.00392157
0
0
0
0
0
0
0
0
0
0
0
0
0
0
0.0117647
0.647059
0.956863
0.12549
0
0
0
0
0
0
0
0
0
0
0
0
0
0
0
0
0.0313726
0.47451
0.898039
0
0
0
0
0
0
0
0
0
0
0
0
0
0
0
0
0
0
0
0.807843
0.443137
0.0392157
0
0
0
0
0
0
0
0
0
0
0
0
0
0
0
0
0
0.0862745
0.572549
0.929412
0.831373
0.823529
0.00392157
0
0
0
0
0
0
0
0
0
0
0
0
0
0
0
0
0.0196078
0.0901961
0.0862745
0
0
0
0
0
0
0
0
0
0
0
0
0
0
0
0
0
0
0
0
0
0
0
0
0
0
0
0
0
0
0
0
0
0
0
0
0
0
0
0
0
0
0
0
0
0
0
0
0
0
0
0
0
0
0
0
0
0
0
0
0
0
0
0
0
0
0
0
0
0
0
0
0
0
0
0
0
0
0
0
0
0
0
0
0
0
0
0
0
0
0
0
0
0
0
0
0
0
0
0
0
0
0
0
0
0
