0
0
0
0
0
0
0
0
0
0
0
0
0
0
0
0
0
0
0
0
0
0
0
0
0
0
0
0
0
0
0
0
0
0
0
0
0
0
0
0
0
0
0
0
0
0
0
0
0
0
0
0
0
0
0
0
0
0
0
0
0
0
0
0
0
0
0
0
0
0
0
0
0
0
0
0
0
0
0
0
0
0
0
0
0
0
0
0
0
0
0
0
0
0
0
0
0
0
0
0
0
0
0
0
0
0
0
0
0
0
0
0
0
0
0
0
0
0
0
0
0
0
0
0
0
0
0
0
0
0.0745098
0.341176
0.403922
0.545098
0.619608
0.301961
0
0
0
0
0
0
0
0
0
0
0
0
0
0.564706
0.803922
0.290196
0.168627
0.211765
0.286275
0.121569
0
0
0
0
0
0
0
0
0
0
0
0
0.00784314
0.886275
0.00392157
0
0
0
0
0
0
0
0
0
0
0
0
0
0
0
0
0
0.00392157
0.733333
0.219608
0
0
0
0
0
0
0
0
0
0
0
0
0
0
0
0
0
0
0.054902
0.556863
0.12549
0
0
0
0
0
0
0
0
0
0
0
0
0
0
0
0
0
0
0.00392157
0.239216
0.486275
0.121569
0
0
0
0
0
0
0
0
0
0
0
0
0
0
0
0
0
0
0.176471
0.807843
0.219608
0
0
0
0
0
0
0
0
0
0
0
0
0
0
0
0
0
0
0.478431
0.411765
0
0
0
0
0
0
0
0
0
0
0
0
0
0
0
0
0
0.0862745
0.756863
0.278431
0
0
0
0
0
0
0
0
0
0
0
0
0.00784314
0.592157
0.741176
0.737255
0.631373
0.737255
0.364706
0
0
0
0
0
0
0
0
0
0
0
0
0
0.713726
0.247059
0.141176
0.137255
0.0784314
0
0
0
0
0
0
0
0
0
0
0
0
0
0
0
0
0
0
0
0
0
0
0
0
0
0
0
0
0
0
0
0
0
0
0
0
0
0
0
0
0
0
0
0
0
0
0
0
0
0
0
0
0
0
0
0
0
0
0
0
0
0
0
0
0
0
0
0
0
