0
0
0
0
0
0
0
0
0
0
0
0
0
0
0
0
0
0
0
0
0
0
0
0
0
0
0
0
0
0
0
0
0
0
0
0
0
0
0
0
0
0
0
0
0
0
0
0
0
0
0
0
0
0
0
0
0
0
0
0
0
0
0
0
0
0
0
0
0
0
0
0
0
0
0
0
0
0
0
0
0
0
0
0
0
0
0
0
0
0
0
0
0
0
0
0
0
0
0
0
0
0
0
0
0
0
0
0
0
0
0
0
0
0
0
0
0
0
0
0
0
0
0
0
0
0
0
0
0
0
0.121569
0.345098
0.603922
0.27451
0
0
0
0
0
0
0
0
0
0
0
0
0
0
0
0.541176
0.733333
0.207843
0.356863
0.529412
0
0
0
0
0
0
0
0
0
0
0
0
0
0
0.364706
0.639216
0.0117647
0
0
0
0
0
0
0
0
0
0
0
0
0
0
0
0
0
0.556863
0.466667
0
0
0
0
0
0
0
0
0
0
0
0
0
0
0
0
0
0
0.101961
0.752941
0.564706
0.0392157
0
0
0
0
0
0
0
0
0
0
0
0
0
0
0
0
0
0.00392157
0.447059
0.756863
0.129412
0
0
0
0
0
0
0
0
0
0
0
0
0
0
0
0
0
0
0.0784314
0.788235
0.254902
0
0
0
0
0
0
0
0
0
0
0
0
0
0
0
0
0
0
0.396078
0.556863
0
0
0
0
0
0
0
0
0
0
0
0
0
0
0.176471
0.552941
0.466667
0.458824
0.835294
0.298039
0
0
0
0
0
0
0
0
0
0
0
0
0
0
0.0627451
0.392157
0.4
0.392157
0.211765
0
0
0
0
0
0
0
0
0
0
0
0
0
0
0
0
0
0
0
0
0
0
0
0
0
0
0
0
0
0
0
0
0
0
0
0
0
0
0
0
0
0
0
0
0
0
0
0
0
0
0
0
0
0
0
0
0
0
0
0
0
0
0
0
0
0
0
0
0
0
0
0
0
0
0
0
0
0
0
0
0
0
0
0
0
0
0
