0
0
0
0
0
0
0
0
0
0
0
0
0
0
0
0
0
0
0
0
0
0
0
0
0
0
0
0
0
0
0
0
0
0
0
0
0
0
0
0
0
0
0
0
0
0
0
0
0
0
0
0
0
0
0
0
0
0
0
0
0
0
0
0
0
0
0
0
0
0
0
0
0
0
0
0
0
0
0
0
0
0
0
0
0
0
0
0
0
0
0
0
0
0
0
0
0
0
0
0
0
0
0
0
0
0
0
0
0
0
0
0
0
0
0
0
0
0
0
0
0
0
0
0
0
0
0
0
0
0
0.0117647
0.196078
0.278431
0.407843
0.133333
0
0
0
0
0
0
0
0
0
0
0
0
0
0
0.054902
0.886275
0.72549
0.603922
0.521569
0.164706
0
0
0
0
0
0
0
0
0
0
0
0
0
0
0.160784
0.764706
0
0
0
0
0
0
0
0
0
0
0
0
0
0
0
0
0
0
0.0352941
0.807843
0.258824
0
0
0
0
0
0
0
0
0
0
0
0
0
0
0
0
0
0
0.141176
0.831373
0.258824
0
0
0
0
0
0
0
0
0
0
0
0
0
0
0
0
0
0
0.137255
0.905882
0.101961
0
0
0
0
0
0
0
0
0
0
0
0
0
0
0
0
0
0
0.631373
0.294118
0
0
0
0
0
0
0
0
0
0
0
0
0
0
0.188235
0.235294
0.301961
0.607843
0.901961
0.160784
0
0
0
0
0
0
0
0
0
0
0
0
0
0.00392157
0.654902
0.662745
0.568627
0.290196
0.0941176
0
0
0
0
0
0
0
0
0
0
0
0
0
0
0
0
0
0
0
0
0
0
0
0
0
0
0
0
0
0
0
0
0
0
0
0
0
0
0
0
0
0
0
0
0
0
0
0
0
0
0
0
0
0
0
0
0
0
0
0
0
0
0
0
0
0
0
0
0
0
0
0
0
0
0
0
0
0
0
0
0
0
0
0
0
0
0
0
0
0
0
0
0
0
0
0
0
0
0
0
0
0
0
0
0
0
0
