0
0
0
0
0
0
0
0
0
0
0
0
0
0
0
0
0
0
0
0
0
0
0
0
0
0
0
0
0
0
0
0
0
0
0
0
0
0
0
0
0
0
0
0
0
0
0
0
0
0
0
0
0
0
0
0
0
0
0
0
0
0
0
0
0
0
0
0
0
0
0
0
0
0
0
0
0
0
0
0
0
0
0
0
0
0
0
0
0
0
0
0
0
0
0
0
0
0
0
0
0
0
0
0
0
0
0
0
0
0
0
0
0
0
0
0
0
0
0
0
0
0
0
0
0
0
0
0
0
0
0
0
0
0
0
0
0
0
0
0
0
0
0
0
0
0
0
0
0
0
0.0117647
0.145098
0.188235
0.027451
0
0
0
0
0
0
0
0
0
0
0
0
0
0
0.141176
0.756863
0.847059
0.701961
0.737255
0.878431
0.247059
0
0
0
0
0
0
0
0
0
0
0
0
0
0.168627
0.431373
0
0
0.0431373
0.788235
0.329412
0
0
0
0
0
0
0
0
0
0
0
0
0
0
0
0
0
0.603922
0.478431
0
0
0
0
0
0
0
0
0
0
0
0
0
0
0
0
0
0.435294
0.603922
0
0
0
0
0
0
0
0
0
0
0
0
0
0
0
0
0
0.211765
0.752941
0
0
0
0
0
0
0
0
0
0
0
0
0
0
0
0
0
0
0.705882
0.239216
0
0
0
0
0
0
0
0
0
0
0
0
0
0
0
0
0
0.0392157
0.87451
0.0235294
0
0
0
0
0
0
0
0
0
0
0
0
0
0
0
0
0
0.196078
0.741176
0
0
0
0
0
0
0
0
0
0
0
0
0
0
0
0
0
0
0.2
0.666667
0
0
0
0
0
0
0
0
0
0
0
0
0
0
0
0
0
0
0
0.00392157
0
0
0
0
0
0
0
0
0
0
0
0
0
0
0
0
0
0
0
0
0
0
0
0
0
0
0
0
0
0
0
0
0
0
0
0
0
0
0
0
0
0
0
0
0
0
0
0
0
