0
0
0
0
0
0
0
0
0
0
0
0
0
0
0
0
0
0
0
0
0
0
0
0
0
0
0
0
0
0
0
0
0
0
0
0
0
0
0
0
0
0
0
0
0
0
0
0
0
0
0
0
0
0
0
0
0
0
0
0
0
0
0
0
0
0
0
0
0
0
0
0
0
0
0
0
0
0
0
0
0
0
0
0
0
0
0
0
0
0
0
0
0
0
0
0
0
0
0
0
0
0
0
0
0
0
0
0
0
0
0
0
0
0
0
0
0
0
0
0
0
0
0
0
0
0
0
0
0
0
0
0
0
0
0
0
0
0
0
0
0
0
0
0
0
0
0.298039
0.0352941
0
0
0
0
0
0
0
0
0
0
0
0
0
0
0
0
0
0
0.403922
0.819608
0.619608
0.270588
0.392157
0.396078
0.419608
0.447059
0.266667
0
0
0
0
0
0
0
0
0
0
0
0
0.0235294
0.152941
0.152941
0.32549
0.329412
0.376471
0.913725
0.298039
0
0
0
0
0
0
0
0
0
0
0
0
0
0
0
0
0
0.388235
0.580392
0
0
0
0
0
0
0
0
0
0
0
0
0
0
0
0.247059
0.631373
0.172549
0.462745
0.290196
0.129412
0.301961
0
0
0
0
0
0
0
0
0
0
0
0
0
0.0431373
0.294118
0.521569
0.721569
0.564706
0.537255
0.568627
0
0
0
0
0
0
0
0
0
0
0
0
0
0
0
0.627451
0.27451
0
0
0
0
0
0
0
0
0
0
0
0
0
0
0
0
0
0.156863
0.388235
0.00392157
0
0
0
0
0
0
0
0
0
0
0
0
0
0
0
0
0
0.709804
0.262745
0
0
0
0
0
0
0
0
0
0
0
0
0
0
0
0
0
0
0.360784
0.00784314
0
0
0
0
0
0
0
0
0
0
0
0
0
0
0
0
0
0
0
0
0
0
0
0
0
0
0
0
0
0
0
0
0
0
0
0
0
0
0
0
0
0
0
0
0
0
0
0
0
0
0
0
0
0
0
0
0
0
0
0
0
0
0
0
0
0
0
0
