0
0
0
0
0
0
0
0
0
0
0
0
0
0
0
0
0
0
0
0
0
0
0
0
0
0
0
0
0
0
0
0
0
0
0
0
0
0
0
0
0
0
0
0
0
0
0
0
0
0
0
0
0
0
0
0
0
0
0
0
0
0
0
0
0
0
0
0
0
0
0
0
0
0
0
0
0
0
0
0
0
0
0
0
0
0
0
0
0
0
0
0
0
0
0
0
0
0
0
0
0
0
0
0
0
0
0
0
0
0
0
0
0
0
0
0
0
0
0
0
0
0
0
0
0
0
0
0
0
0
0
0
0
0
0
0
0
0
0
0
0
0
0
0
0
0
0
0.0117647
0.4
0.403922
0.411765
0.411765
0.227451
0
0
0
0
0
0
0
0
0
0
0
0
0
0
0.0235294
0.466667
0.470588
0.478431
0.619608
0.623529
0
0
0
0
0
0
0
0
0
0
0
0
0
0
0
0
0
0
0.156863
0.403922
0
0
0
0
0
0
0
0
0
0
0
0
0
0
0
0
0
0
0.521569
0.4
0
0
0
0
0
0
0
0
0
0
0
0
0
0
0
0
0
0.054902
0.878431
0.278431
0
0
0
0
0
0
0
0
0
0
0
0
0
0
0
0
0.443137
0.937255
0.780392
0.270588
0
0
0
0
0
0
0
0
0
0
0
0
0
0
0
0
0.109804
0.333333
0.243137
0
0
0
0
0
0
0
0
0
0
0
0
0
0
0
0
0
0.172549
0.666667
0
0
0
0
0
0
0
0
0
0
0
0
0
0
0
0
0
0
0.690196
0.411765
0
0
0
0
0
0
0
0
0
0
0
0
0
0
0
0
0
0
0.243137
0.0627451
0
0
0
0
0
0
0
0
0
0
0
0
0
0
0
0
0
0
0
0
0
0
0
0
0
0
0
0
0
0
0
0
0
0
0
0
0
0
0
0
0
0
0
0
0
0
0
0
0
0
0
0
0
0
0
0
0
0
0
0
0
0
0
0
0
0
0
0
0
