0
0
0
0
0
0
0
0
0
0
0
0
0
0
0
0
0
0
0
0
0
0
0
0
0
0
0
0
0
0
0
0
0
0
0
0
0
0
0
0
0
0
0
0
0
0
0
0
0
0
0
0
0
0
0
0
0
0
0
0
0
0
0
0
0
0
0
0
0
0
0
0
0
0
0
0
0
0
0
0
0
0
0
0
0
0
0
0
0
0
0
0
0
0
0
0
0
0
0
0
0
0
0
0
0
0
0
0
0
0
0
0
0
0
0
0
0
0
0
0
0
0
0
0
0
0
0
0
0
0
0
0
0
0
0
0
0
0
0
0
0
0
0
0
0
0
0
0
0
0
0
0
0
0
0
0
0
0
0
0
0
0
0
0
0
0
0
0
0.368627
0.752941
0.172549
0.709804
0.741176
0.278431
0
0
0
0
0
0
0
0
0
0
0
0
0
0
0.054902
0.152941
0.0117647
0.121569
0.529412
0.356863
0
0
0
0
0
0
0
0
0
0
0
0
0
0
0
0
0
0
0.827451
0.0745098
0
0
0
0
0
0
0
0
0
0
0
0
0
0
0
0
0.0313726
0.333333
0.921569
0.0392157
0
0
0
0
0
0
0
0
0
0
0
0
0
0
0
0
0.596078
0.788235
0.321569
0.00392157
0
0
0
0
0
0
0
0
0
0
0
0
0
0
0
0
0.47451
0.470588
0
0
0
0
0
0
0
0
0
0
0
0
0
0
0
0
0
0.0196078
0.890196
0.0705882
0
0
0
0
0
0
0
0
0
0
0
0
0
0
0
0
0
0.0431373
0.509804
0
0
0
0
0
0
0
0
0
0
0
0
0
0
0
0
0
0
0
0
0
0
0
0
0
0
0
0
0
0
0
0
0
0
0
0
0
0
0
0
0
0
0
0
0
0
0
0
0
0
0
0
0
0
0
0
0
0
0
0
0
0
0
0
0
0
0
0
0
0
0
0
0
0
0
0
0
0
0
0
0
0
0
0
0
0
0
0
0
