0
0
0
0
0
0
0
0
0
0
0
0
0
0
0
0
0
0
0
0
0
0
0
0
0
0
0
0
0
0
0
0
0
0
0
0
0
0
0
0
0
0
0
0
0
0
0
0
0
0
0
0
0
0
0
0
0
0
0
0
0
0
0
0
0
0
0
0
0
0
0
0
0
0
0
0
0
0
0
0
0
0
0
0
0
0
0
0
0
0
0
0
0
0
0
0
0
0
0
0
0
0
0
0
0
0
0
0
0
0
0
0.0235294
0
0
0
0
0
0
0
0
0
0
0
0
0
0
0
0
0
0
0.301961
0.960784
0.564706
0
0
0
0
0
0
0
0
0
0
0
0
0
0
0
0
0
0.760784
0.231373
0.623529
0
0
0
0
0
0
0
0
0
0
0
0
0
0
0
0
0
0.835294
0
0
0
0
0
0
0
0
0
0
0
0
0
0
0
0
0
0
0.678431
0.968627
0.811765
0.00392157
0
0
0
0
0
0
0
0
0
0
0
0
0
0
0
0
0.164706
0.909804
0.0862745
0
0
0
0
0
0
0
0
0
0
0
0
0
0
0
0
0
0
0.894118
0
0
0
0
0
0
0
0
0
0
0
0
0
0
0
0
0
0
0
0.839216
0.00784314
0
0
0
0
0
0
0
0
0
0
0
0
0
0
0
0
0
0
0.741176
0.141176
0
0
0
0
0
0
0
0
0
0
0
0
0
0
0
0
0
0
0.756863
0.156863
0
0
0
0
0
0
0
0
0
0
0
0
0
0
0
0
0
0
0.764706
0.164706
0
0
0
0
0
0
0
0
0
0
0
0
0
0
0
0
0
0
0.121569
0.00392157
0
0
0
0
0
0
0
0
0
0
0
0
0
0
0
0
0
0
0
0
0
0
0
0
0
0
0
0
0
0
0
0
0
0
0
0
0
0
0
0
0
0
0
0
0
0
0
0
0
0
0
0
0
0
0
0
0
0
0
0
0
0
0
0
0
0
0
0
