0
0
0
0
0
0
0
0
0
0
0
0
0
0
0
0
0
0
0
0
0
0
0
0
0
0
0
0
0
0
0
0
0
0
0
0
0
0
0
0
0
0
0
0
0
0
0
0
0
0
0
0
0
0
0
0
0
0
0
0
0
0
0
0
0
0
0
0
0
0
0
0
0
0
0
0
0
0
0
0
0
0
0
0
0
0
0
0
0
0
0
0
0
0
0
0
0
0
0
0
0
0
0
0
0
0
0
0
0
0
0
0
0
0
0
0
0
0
0
0
0
0
0
0
0
0
0
0
0
0
0
0.0862745
0.752941
0.356863
0
0
0
0
0
0
0
0
0
0
0
0
0
0
0
0
0
0.623529
0.580392
0.760784
0
0
0
0
0
0
0
0
0
0
0
0
0
0
0
0
0.0392157
0.819608
0.627451
0.435294
0
0
0
0
0
0
0
0
0
0
0
0
0
0
0
0.133333
0.419608
0.886275
0.396078
0.156863
0
0
0
0
0
0
0
0
0
0
0
0
0
0
0
0.427451
0.843137
0.921569
0.552941
0.266667
0
0
0
0
0
0
0
0
0
0
0
0
0
0
0
0.254902
0.698039
0.811765
0
0
0
0
0
0
0
0
0
0
0
0
0
0
0
0
0
0.0431373
0.894118
0.819608
0
0
0
0
0
0
0
0
0
0
0
0
0
0
0
0
0
0
0.72549
0.807843
0
0
0
0
0
0
0
0
0
0
0
0
0
0
0
0
0
0
0.376471
0.811765
0
0
0
0
0
0
0
0
0
0
0
0
0
0
0
0
0
0
0.235294
0.772549
0
0
0
0
0
0
0
0
0
0
0
0
0
0
0
0
0
0
0.219608
0.729412
0
0
0
0
0
0
0
0
0
0
0
0
0
0
0
0
0
0
0
0.00784314
0
0
0
0
0
0
0
0
0
0
0
0
0
0
0
0
0
0
0
0
0
0
0
0
0
0
0
0
0
0
0
0
0
0
0
0
0
0
0
0
0
0
0
0
0
0
0
0
