0
0
0
0
0
0
0
0
0
0
0
0
0
0
0
0
0
0
0
0
0
0
0
0
0
0
0
0
0
0
0
0
0
0
0
0
0
0
0
0
0
0
0
0
0
0
0
0
0
0
0
0
0
0
0
0
0
0
0
0
0
0
0
0
0
0
0
0
0
0
0
0
0
0
0
0
0
0
0
0
0
0
0
0
0
0
0
0
0
0
0
0
0
0
0
0
0
0
0
0
0
0
0
0
0
0
0
0
0
0
0
0
0
0
0
0
0
0
0
0
0
0
0
0
0
0
0
0
0
0
0.141176
0.901961
0.796078
0.235294
0
0
0
0
0
0
0
0
0
0
0
0
0
0
0
0
0.52549
0.309804
0.298039
0.776471
0
0
0
0
0
0
0
0
0
0
0
0
0
0
0
0
0.686275
0.219608
0
0.0352941
0
0
0
0
0
0
0
0
0
0
0
0
0
0
0.027451
0.537255
0.854902
0.662745
0.352941
0
0
0
0
0
0
0
0
0
0
0
0
0
0
0
0.00784314
0.337255
0.780392
0.498039
0.211765
0
0
0
0
0
0
0
0
0
0
0
0
0
0
0
0
0
0.67451
0.207843
0
0
0
0
0
0
0
0
0
0
0
0
0
0
0
0
0
0
0.635294
0.27451
0
0
0
0
0
0
0
0
0
0
0
0
0
0
0
0
0
0
0.52549
0.368627
0
0
0
0
0
0
0
0
0
0
0
0
0
0
0
0
0
0
0.47451
0.407843
0
0
0
0
0
0
0
0
0
0
0
0
0
0
0
0
0
0
0.486275
0.419608
0
0
0
0
0
0
0
0
0
0
0
0
0
0
0
0
0
0
0.47451
0.407843
0
0
0
0
0
0
0
0
0
0
0
0
0
0
0
0
0
0
0.101961
0.0784314
0
0
0
0
0
0
0
0
0
0
0
0
0
0
0
0
0
0
0
0
0
0
0
0
0
0
0
0
0
0
0
0
0
0
0
0
0
0
0
0
0
0
0
0
0
0
0
0
