0
0
0
0
0
0
0
0
0
0
0
0
0
0
0
0
0
0
0
0
0
0
0
0
0
0
0
0
0
0
0
0
0
0
0
0
0
0
0
0
0
0
0
0
0
0
0
0
0
0
0
0
0
0
0
0
0
0
0
0
0
0
0
0
0
0
0
0
0
0
0
0
0
0
0
0
0
0
0
0
0
0
0
0
0
0
0
0
0
0
0
0
0
0
0
0
0
0
0
0
0
0
0
0
0
0
0
0
0
0
0.156863
0.494118
0.0627451
0
0
0
0
0
0
0
0
0
0
0
0
0
0
0
0
0
0.8
0.658824
0.603922
0
0
0
0
0
0
0
0
0
0
0
0
0
0
0
0
0.176471
0.701961
0
0.627451
0.243137
0
0
0
0
0
0
0
0
0
0
0
0
0
0
0
0.270588
0.301961
0
0.227451
0.627451
0
0
0
0
0
0
0
0
0
0
0
0
0
0
0
0.470588
0.270588
0
0.298039
0.623529
0
0
0
0
0
0
0
0
0
0
0
0
0
0
0
0.52549
0.32549
0
0.603922
0.352941
0
0
0
0
0
0
0
0
0
0
0
0
0
0
0
0.470588
0.380392
0
0.427451
0.0705882
0
0
0
0
0
0
0
0
0
0
0
0
0
0
0.247059
0.705882
0.8
0.454902
0
0
0
0
0
0
0
0
0
0
0
0
0
0
0
0.00784314
0.898039
0.843137
0.513726
0.0470588
0
0
0
0
0
0
0
0
0
0
0
0
0
0
0
0
0.203922
0.737255
0.356863
0
0
0
0
0
0
0
0
0
0
0
0
0
0
0
0
0
0.0235294
0.807843
0.372549
0
0
0
0
0
0
0
0
0
0
0
0
0
0
0
0
0
0
0.596078
0.419608
0
0
0
0
0
0
0
0
0
0
0
0
0
0
0
0
0
0
0.521569
0.439216
0
0
0
0
0
0
0
0
0
0
0
0
0
0
0
0
0
0
0.164706
0.133333
0
0
0
0
0
0
0
0
0
0
0
0
0
0
0
0
0
0
0
0
0
0
0
0
0
0
0
0
0
