0
0
0
0
0
0
0
0
0
0
0
0
0
0
0
0
0
0
0
0
0
0
0
0
0
0
0
0
0
0
0
0
0
0
0
0
0
0
0
0
0
0
0
0
0
0
0
0
0
0
0
0
0
0
0
0
0
0
0
0
0
0
0
0
0
0
0
0
0
0
0
0
0
0
0
0
0
0
0
0
0
0
0
0
0
0
0
0
0
0
0
0
0
0
0
0
0
0
0
0
0
0
0
0
0
0
0
0
0
0
0
0.180392
0.713726
0.137255
0
0
0
0
0
0
0
0
0
0
0
0
0
0
0
0
0
0.623529
0.537255
0.807843
0.00784314
0
0
0
0
0
0
0
0
0
0
0
0
0
0
0
0.0705882
0.792157
0.00784314
0.862745
0.0117647
0
0
0
0
0
0
0
0
0
0
0
0
0
0
0
0.223529
0.596078
0.0117647
0.913725
0.00392157
0
0
0
0
0
0
0
0
0
0
0
0
0
0
0
0.254902
0.666667
0.737255
0.533333
0
0
0
0
0
0
0
0
0
0
0
0
0
0
0.521569
0.788235
0.87451
0.996078
0.956863
0.266667
0
0
0
0
0
0
0
0
0
0
0
0
0
0
0.372549
0.627451
0.203922
0.380392
0.156863
0.0313726
0
0
0
0
0
0
0
0
0
0
0
0
0
0
0.0392157
0.807843
0.286275
0.513726
0
0
0
0
0
0
0
0
0
0
0
0
0
0
0
0
0
0.486275
0.603922
0.572549
0
0
0
0
0
0
0
0
0
0
0
0
0
0
0
0
0
0.203922
0.847059
0.521569
0
0
0
0
0
0
0
0
0
0
0
0
0
0
0
0
0
0.0235294
0.564706
0.572549
0
0
0
0
0
0
0
0
0
0
0
0
0
0
0
0
0
0
0.505882
0.627451
0
0
0
0
0
0
0
0
0
0
0
0
0
0
0
0
0
0
0.196078
0.32549
0
0
0
0
0
0
0
0
0
0
0
0
0
0
0
0
0
0
0
0
0
0
0
0
0
0
0
0
0
0
0
0
0
0
0
0
0
0
0
0
0
0
0
0
0
0
0
0
