0
0
0
0
0
0
0
0
0
0
0
0
0
0
0
0
0
0
0
0
0
0
0
0
0
0
0
0
0
0
0
0
0
0
0
0
0
0
0
0
0
0
0
0
0
0
0
0
0
0
0
0
0
0
0
0
0
0
0
0
0
0
0
0
0
0
0
0
0
0
0
0
0
0
0
0
0
0
0
0
0
0
0
0
0
0
0
0
0
0
0
0
0
0
0
0
0
0
0
0
0
0
0
0
0
0
0
0
0
0
0
0
0
0
0
0
0
0
0
0
0
0
0
0
0
0
0
0
0
0
0
0
0
0
0
0
0
0
0
0
0
0
0
0
0
0
0
0
0
0
0
0
0
0
0
0
0
0
0
0
0
0
0
0
0
0
0
0
0.192157
0.105882
0
0
0.00392157
0
0
0
0
0
0
0
0
0
0
0
0
0
0
0
0.529412
0.329412
0
0
0.835294
0.0235294
0
0
0
0
0
0
0
0
0
0
0
0
0
0
0.537255
0.333333
0
0.00392157
0.913725
0.00392157
0
0
0
0
0
0
0
0
0
0
0
0
0
0
0.611765
0.278431
0
0.392157
0.698039
0
0
0
0
0
0
0
0
0
0
0
0
0
0
0
0.454902
0.666667
0.4
0.764706
0.0705882
0
0
0
0
0
0
0
0
0
0
0
0
0
0
0
0.00392157
0.627451
0.607843
0.027451
0
0
0
0
0
0
0
0
0
0
0
0
0
0
0
0
0
0
0
0
0
0
0
0
0
0
0
0
0
0
0
0
0
0
0
0
0
0
0
0
0
0
0
0
0
0
0
0
0
0
0
0
0
0
0
0
0
0
0
0
0
0
0
0
0
0
0
0
0
0
0
0
0
0
0
0
0
0
0
0
0
0
0
0
0
0
0
0
0
0
0
0
0
0
0
0
0
0
0
0
0
0
0
0
0
0
0
0
0
0
0
0
0
0
0
0
0
0
0
0
0
0
0
0
0
0
0
0
