0
0
0
0
0
0
0
0
0
0
0
0
0
0
0
0
0
0
0
0
0
0
0
0
0
0
0
0
0
0
0
0
0
0
0
0
0
0
0
0
0
0
0
0
0
0
0
0
0
0
0
0
0
0
0
0
0
0
0
0
0
0
0
0
0
0
0
0
0
0
0
0
0
0
0
0
0
0
0
0
0
0
0
0
0
0
0
0
0
0
0
0
0
0.0235294
0.0117647
0
0
0
0
0
0
0
0
0
0
0
0
0.0352941
0
0
0
0
0
0.478431
0.423529
0
0
0
0
0
0
0
0
0
0
0
0
0.807843
0.105882
0
0
0
0
0.403922
0.513726
0
0
0
0
0
0
0
0
0
0
0
0.203922
0.647059
0
0
0
0
0
0.180392
0.603922
0
0
0
0
0
0
0
0
0
0
0
0.521569
0.368627
0
0
0
0
0
0.2
0.666667
0
0
0
0
0
0
0
0
0
0
0
0.6
0.266667
0
0
0
0
0
0.196078
0.662745
0
0
0
0
0
0
0
0
0
0
0
0.596078
0.270588
0
0
0
0
0
0.407843
0.490196
0
0
0
0
0
0
0
0
0
0
0
0.47451
0.431373
0
0
0
0
0
0.454902
0.0862745
0
0
0
0
0
0
0
0
0
0
0
0.145098
0.831373
0.0352941
0
0
0
0.223529
0.764706
0.00392157
0
0
0
0
0
0
0
0
0
0
0
0
0.545098
0.564706
0.00392157
0
0.0627451
0.72549
0.223529
0
0
0
0
0
0
0
0
0
0
0
0
0
0.027451
0.643137
0.847059
0.819608
0.894118
0.388235
0
0
0
0
0
0
0
0
0
0
0
0
0
0
0
0
0.0470588
0.0862745
0.0666667
0
0
0
0
0
0
0
0
0
0
0
0
0
0
0
0
0
0
0
0
0
0
0
0
0
0
0
0
0
0
0
0
0
0
0
0
0
0
0
0
0
0
0
0
0
0
0
0
0
0
0
0
0
0
0
0
0
0
0
0
0
0
0
0
0
0
0
0
0
0
0
0
0
0
0
0
0
0
0
0
0
0
0
0
0
0
0
0
