0
0
0
0
0
0
0
0
0
0
0
0
0
0
0
0
0
0
0
0
0
0
0
0
0
0
0
0
0
0
0
0
0
0
0
0
0
0
0
0
0
0
0
0
0
0
0
0
0
0
0
0
0
0
0
0
0
0
0
0
0
0
0
0
0
0
0
0
0
0
0
0
0
0
0
0
0
0
0
0
0
0
0
0
0
0
0
0
0
0
0
0
0
0
0
0
0
0
0
0
0
0
0
0
0
0
0
0
0
0
0
0
0
0
0
0
0
0
0
0
0
0
0
0
0
0
0
0
0
0
0
0
0
0
0
0
0
0
0
0
0
0
0
0
0
0
0
0
0
0.329412
0
0
0
0
0
0
0
0
0
0
0
0
0
0
0
0
0
0
0.156863
0.643137
0.00392157
0
0
0
0
0
0
0
0
0
0
0
0
0
0
0
0
0
0.564706
0.176471
0
0
0
0.298039
0.0705882
0
0
0
0
0
0
0
0
0
0
0
0
0
0.772549
0.0588235
0
0
0
0.858824
0.0941176
0
0
0
0
0
0
0
0
0
0
0
0
0
0.745098
0.223529
0
0
0.305882
0.694118
0
0
0
0
0
0
0
0
0
0
0
0
0
0
0.141176
0.796078
0.227451
0.235294
0.572549
0.121569
0
0
0
0
0
0
0
0
0
0
0
0
0
0
0
0.196078
0.819608
0.607843
0.105882
0
0
0
0
0
0
0
0
0
0
0
0
0
0
0
0
0
0
0
0
0
0
0
0
0
0
0
0
0
0
0
0
0
0
0
0
0
0
0
0
0
0
0
0
0
0
0
0
0
0
0
0
0
0
0
0
0
0
0
0
0
0
0
0
0
0
0
0
0
0
0
0
0
0
0
0
0
0
0
0
0
0
0
0
0
0
0
0
0
0
0
0
0
0
0
0
0
0
0
0
0
0
0
0
0
0
0
0
0
0
0
0
0
0
0
0
0
0
0
0
0
0
0
0
0
0
0
