0
0
0
0
0
0
0
0
0
0
0
0
0
0
0
0
0
0
0
0
0
0
0
0
0
0
0
0
0
0
0
0
0
0
0
0
0
0
0
0
0
0
0
0
0
0
0
0
0
0
0
0
0
0
0
0
0
0
0
0
0
0
0
0
0
0
0
0
0
0
0
0
0
0
0
0
0
0
0
0
0
0
0
0
0
0
0
0
0
0
0
0
0
0
0
0
0
0
0
0
0
0
0
0
0
0
0
0
0
0
0
0
0
0
0
0
0
0
0
0
0
0
0
0
0
0
0
0
0
0
0
0
0
0
0
0
0
0
0
0
0
0
0
0
0
0
0
0.305882
0.862745
0.901961
0.286275
0
0
0
0
0
0
0
0
0
0
0
0
0
0
0
0
0.52549
0.137255
0.105882
0.780392
0
0
0
0
0
0
0
0
0
0
0
0
0
0
0
0
0
0
0.00392157
0.87451
0
0
0
0
0
0
0
0
0
0
0
0
0
0
0
0
0
0
0.2
0.8
0
0
0
0
0
0
0
0
0
0
0
0
0
0
0
0
0
0.341176
0.858824
0.380392
0
0
0
0
0
0
0
0
0
0
0
0
0
0
0
0
0.227451
0.980392
0.498039
0.764706
0.533333
0.0431373
0
0
0
0
0
0
0
0
0
0
0
0
0
0
0.0784314
0.247059
0
0
0.431373
0.878431
0.686275
0.705882
0.129412
0
0
0
0
0
0
0
0
0
0
0
0
0
0
0
0
0.0745098
0.211765
0.207843
0.0117647
0
0
0
0
0
0
0
0
0
0
0
0
0
0
0
0
0
0
0
0
0
0
0
0
0
0
0
0
0
0
0
0
0
0
0
0
0
0
0
0
0
0
0
0
0
0
0
0
0
0
0
0
0
0
0
0
0
0
0
0
0
0
0
0
0
0
0
0
0
0
0
0
0
0
0
0
0
0
0
0
0
0
0
0
0
0
0
0
0
0
0
0
0
0
0
0
0
0
0
0
0
0
0
0
