0
0
0
0
0
0
0
0
0
0
0
0
0
0
0
0
0
0
0
0
0
0
0
0
0
0
0
0
0
0
0
0
0
0
0
0
0
0
0
0
0
0
0
0
0
0
0
0
0
0
0
0
0
0
0
0
0
0
0
0
0
0
0
0
0
0
0
0
0
0
0
0
0
0
0
0
0
0
0
0
0
0
0
0
0
0
0
0
0
0
0
0
0
0
0
0
0
0
0
0
0
0
0
0
0
0
0
0
0
0
0
0
0
0
0
0
0
0
0
0
0
0
0
0
0
0
0
0
0
0
0
0
0
0
0
0
0
0
0
0
0
0
0
0
0
0
0
0
0
0
0
0
0
0
0
0
0
0
0
0
0
0
0
0
0
0
0
0
0.278431
0.839216
0.87451
0.8
0.231373
0
0
0
0
0
0
0
0
0
0
0
0
0
0
0
0.305882
0.286275
0.00784314
0.247059
0.721569
0
0
0
0
0
0
0
0
0
0
0
0
0
0
0
0
0
0
0.168627
0.772549
0
0
0
0
0
0
0
0
0
0
0
0
0
0
0
0
0
0.105882
0.819608
0.32549
0
0
0
0
0
0
0
0
0
0
0
0
0
0
0
0
0.129412
0.862745
0.309804
0
0
0
0
0
0
0
0
0
0
0
0
0
0
0
0
0
0.254902
0.709804
0.839216
0.854902
0.831373
0.321569
0
0
0
0
0
0
0
0
0
0
0
0
0
0
0
0
0
0
0.105882
0.0431373
0
0
0
0
0
0
0
0
0
0
0
0
0
0
0
0
0
0
0
0
0
0
0
0
0
0
0
0
0
0
0
0
0
0
0
0
0
0
0
0
0
0
0
0
0
0
0
0
0
0
0
0
0
0
0
0
0
0
0
0
0
0
0
0
0
0
0
0
0
0
0
0
0
0
0
0
0
0
0
0
0
0
0
0
0
0
0
0
0
0
0
0
0
0
0
0
0
0
0
0
0
0
0
0
0
