0
0
0
0
0
0
0
0
0
0
0
0
0
0
0
0
0
0
0
0
0
0
0
0
0
0
0
0
0
0
0
0
0
0
0
0
0
0
0
0
0
0
0
0
0
0
0
0
0
0
0
0
0
0
0
0
0
0
0
0
0
0
0
0
0
0
0
0
0
0
0
0
0
0
0
0
0
0
0
0
0
0
0
0
0
0
0
0
0
0
0
0
0
0
0
0
0
0
0
0
0
0
0
0
0
0
0
0
0
0
0
0
0
0
0
0
0
0
0
0
0
0
0
0
0
0
0
0
0
0
0
0
0
0
0
0
0
0
0
0
0
0
0
0
0
0
0
0
0.419608
0.92549
0.878431
0.454902
0
0
0
0
0
0
0
0
0
0
0
0
0
0
0
0
0.341176
0.121569
0.0352941
0.670588
0.368627
0
0
0
0
0
0
0
0
0
0
0
0
0
0
0
0
0
0
0.129412
0.831373
0
0
0
0
0
0
0
0
0
0
0
0
0
0
0
0
0
0
0.286275
0.745098
0
0
0
0
0
0
0
0
0
0
0
0
0
0
0
0
0
0.203922
0.866667
0.196078
0
0
0
0
0
0
0
0
0
0
0
0
0
0
0
0
0.00784314
0.921569
0.713726
0.137255
0
0
0
0
0
0
0
0
0
0
0
0
0
0
0
0
0
0.105882
0.356863
0.592157
0.619608
0.533333
0
0
0
0
0
0
0
0
0
0
0
0
0
0
0
0
0
0
0.0431373
0.192157
0
0
0
0
0
0
0
0
0
0
0
0
0
0
0
0
0
0
0
0
0
0
0
0
0
0
0
0
0
0
0
0
0
0
0
0
0
0
0
0
0
0
0
0
0
0
0
0
0
0
0
0
0
0
0
0
0
0
0
0
0
0
0
0
0
0
0
0
0
0
0
0
0
0
0
0
0
0
0
0
0
0
0
0
0
0
0
0
0
0
0
0
0
0
0
0
0
0
0
0
0
0
0
0
0
