0
0
0
0
0
0
0
0
0
0
0
0
0
0
0
0
0
0
0
0
0
0
0
0
0
0
0
0
0
0
0
0
0
0
0
0
0
0
0
0
0
0
0
0
0
0
0
0
0
0
0
0
0
0
0
0
0
0
0
0
0
0
0
0
0
0
0
0
0
0
0
0
0
0
0
0
0
0
0
0
0
0
0
0
0
0
0
0
0
0
0
0
0
0
0
0
0
0
0
0
0
0
0
0
0
0
0
0
0.12549
0.2
0.211765
0.145098
0
0
0
0
0
0
0
0
0
0
0
0
0
0
0
0
0.701961
0.666667
0.678431
0.898039
0.160784
0
0
0
0
0
0
0
0
0
0
0
0
0
0
0
0
0
0
0.560784
0.219608
0
0
0
0
0
0
0
0
0
0
0
0
0
0
0
0
0
0
0.6
0.266667
0
0
0
0
0
0
0
0
0
0
0
0
0
0
0
0
0
0
0.603922
0.270588
0
0
0
0
0
0
0
0
0
0
0
0
0
0
0
0
0
0
0.568627
0.235294
0
0
0
0
0
0
0
0
0
0
0
0
0
0
0
0
0
0
0.709804
0.180392
0
0
0
0
0
0
0
0
0
0
0
0
0
0
0
0
0.0862745
0.145098
0.854902
0.00784314
0
0
0
0
0
0
0
0
0
0
0
0
0
0
0
0.305882
1
0.988235
0.807843
0.270588
0.0117647
0
0
0
0
0
0
0
0
0
0
0
0
0
0
0.0392157
0.207843
0.133333
0.372549
0.694118
0.901961
0.513726
0
0
0
0
0
0
0
0
0
0
0
0
0
0
0
0
0
0
0.054902
0.196078
0
0
0
0
0
0
0
0
0
0
0
0
0
0
0
0
0
0
0
0
0
0
0
0
0
0
0
0
0
0
0
0
0
0
0
0
0
0
0
0
0
0
0
0
0
0
0
0
0
0
0
0
0
0
0
0
0
0
0
0
0
0
0
0
0
0
0
0
0
0
0
0
0
0
0
0
0
0
0
0
0
0
0
0
0
