0
0
0
0
0
0
0
0
0
0
0
0
0
0
0
0
0
0
0
0
0
0
0
0
0
0
0
0
0
0
0
0
0
0
0
0
0
0
0
0
0
0
0
0
0
0
0
0
0
0
0
0
0
0
0
0
0
0
0
0
0
0
0
0
0
0
0
0
0
0
0
0
0
0
0
0
0
0
0
0
0
0
0
0
0
0
0
0
0
0
0
0
0
0
0
0
0
0
0
0
0
0
0
0
0
0
0
0
0
0
0
0
0
0
0
0
0
0
0
0
0
0
0
0
0
0
0
0
0
0
0
0
0
0
0
0
0
0
0
0
0
0
0
0
0
0
0
0.172549
0.223529
0.141176
0.258824
0.0588235
0
0
0
0
0
0
0
0
0
0
0
0
0
0
0
0.568627
0.556863
0.396078
0.631373
0.87451
0.258824
0
0
0
0
0
0
0
0
0
0
0
0
0
0
0
0
0
0
0.231373
0.698039
0
0
0
0
0
0
0
0
0
0
0
0
0
0
0
0
0
0
0.0901961
0.768627
0
0
0
0
0
0
0
0
0
0
0
0
0
0
0
0
0
0
0.0470588
0.729412
0
0
0
0
0
0
0
0
0
0
0
0
0
0
0
0
0
0
0.235294
0.733333
0
0
0
0
0
0
0
0
0
0
0
0
0
0
0
0
0.486275
0.721569
0.894118
0.262745
0
0
0
0
0
0
0
0
0
0
0
0
0
0
0
0
0.756863
0.596078
0.494118
0.796078
0.462745
0.0627451
0
0
0
0
0
0
0
0
0
0
0
0
0
0
0
0
0
0.0705882
0.592157
0.823529
0.00392157
0
0
0
0
0
0
0
0
0
0
0
0
0
0
0
0
0
0
0
0
0
0
0
0
0
0
0
0
0
0
0
0
0
0
0
0
0
0
0
0
0
0
0
0
0
0
0
0
0
0
0
0
0
0
0
0
0
0
0
0
0
0
0
0
0
0
0
0
0
0
0
0
0
0
0
0
0
0
0
0
0
0
0
0
