0
0
0
0
0
0
0
0
0
0
0
0
0
0
0
0
0
0
0
0
0
0
0
0
0
0
0
0
0
0
0
0
0
0
0
0
0
0
0
0
0
0
0
0
0
0
0
0
0
0
0
0
0
0
0
0
0
0
0
0
0
0
0
0
0
0
0
0
0
0
0
0
0
0
0
0
0
0
0
0
0
0
0
0
0
0
0
0
0
0
0
0
0
0
0
0
0
0
0
0
0
0
0
0
0
0
0
0
0
0
0
0
0
0
0
0
0
0
0
0
0
0
0
0
0
0
0
0
0
0.00392157
0
0
0
0
0
0
0
0
0
0
0
0
0
0
0
0
0
0.0431373
0.564706
0.827451
0.823529
0.27451
0
0
0
0
0
0
0
0
0
0
0
0
0
0
0
0.505882
0.607843
0.0313726
0.156863
0.843137
0
0
0
0
0
0
0
0
0
0
0
0
0
0
0
0.101961
0.0784314
0
0
0.835294
0.0392157
0
0
0
0
0
0
0
0
0
0
0
0
0
0
0
0
0
0
0.843137
0.0627451
0
0
0
0
0
0
0
0
0
0
0
0
0
0
0
0
0
0.101961
0.811765
0
0
0
0
0
0
0
0
0
0
0
0
0
0
0
0
0
0.0117647
0.709804
0.290196
0
0
0
0
0
0
0
0
0
0
0
0
0
0
0
0
0.00784314
0.635294
0.780392
0.298039
0.396078
0.301961
0.0117647
0
0
0
0
0
0
0
0
0
0
0
0
0
0.529412
0.768627
0.431373
0.356863
0.486275
0.619608
0.0627451
0
0
0
0
0
0
0
0
0
0
0
0
0
0.0117647
0
0
0
0
0
0
0
0
0
0
0
0
0
0
0
0
0
0
0
0
0
0
0
0
0
0
0
0
0
0
0
0
0
0
0
0
0
0
0
0
0
0
0
0
0
0
0
0
0
0
0
0
0
0
0
0
0
0
0
0
0
0
0
0
0
0
0
0
0
0
0
0
0
0
0
0
0
0
0
0
0
0
0
0
0
0
0
0
0
0
0
