0
0
0
0
0
0
0
0
0
0
0
0
0
0
0
0
0
0
0
0
0
0
0
0
0
0
0
0
0
0
0
0
0
0
0
0
0
0
0
0
0
0
0
0
0
0
0
0
0
0
0
0
0
0
0
0
0
0
0
0
0
0
0
0
0
0
0
0
0
0
0
0
0
0
0
0
0
0
0
0
0
0
0
0
0
0
0
0
0
0
0
0
0
0
0
0
0
0
0
0
0
0
0
0
0
0
0
0
0
0
0
0
0
0
0
0
0
0
0
0
0
0
0
0
0
0
0
0
0
0
0
0.313726
0.188235
0
0
0
0
0
0
0
0
0
0
0
0
0
0
0
0
0.00392157
0.713726
0.72549
0.839216
0.360784
0
0
0
0
0
0
0
0
0
0
0
0
0
0
0
0.262745
0.588235
0
0.0745098
0.913725
0.0117647
0
0
0
0
0
0
0
0
0
0
0
0
0
0
0.4
0.643137
0.12549
0.670588
0.741176
0.00392157
0
0
0
0
0
0
0
0
0
0
0
0
0
0.00392157
0.227451
0.752941
0.666667
0.368627
0.027451
0
0
0
0
0
0
0
0
0
0
0
0
0
0.129412
0.701961
0.670588
0.164706
0.552941
0.745098
0.0117647
0
0
0
0
0
0
0
0
0
0
0
0
0
0.839216
0.396078
0
0
0
0.686275
0.247059
0
0
0
0
0
0
0
0
0
0
0
0
0
0.443137
0.827451
0.258824
0.0235294
0
0.552941
0.345098
0
0
0
0
0
0
0
0
0
0
0
0
0
0
0.152941
0.694118
0.831373
0.819608
0.847059
0.156863
0
0
0
0
0
0
0
0
0
0
0
0
0
0
0
0
0.0392157
0.0862745
0.027451
0
0
0
0
0
0
0
0
0
0
0
0
0
0
0
0
0
0
0
0
0
0
0
0
0
0
0
0
0
0
0
0
0
0
0
0
0
0
0
0
0
0
0
0
0
0
0
0
0
0
0
0
0
0
0
0
0
0
0
0
0
0
0
0
0
0
0
0
0
0
0
0
0
0
0
0
0
0
0
0
0
0
0
0
0
0
0
