0
0
0
0
0
0
0
0
0
0
0
0
0
0
0
0
0
0
0
0
0
0
0
0
0
0
0
0
0
0
0
0
0
0
0
0
0
0
0
0
0
0
0
0
0
0
0
0
0
0
0
0
0
0
0
0
0
0
0
0
0
0
0
0
0
0
0
0
0
0
0
0
0
0
0
0
0
0
0
0
0
0
0
0
0
0
0
0
0
0
0
0
0
0
0
0
0
0
0
0
0
0
0
0
0
0
0
0
0.27451
0.92549
0.729412
0.513726
0.223529
0
0
0
0
0
0
0
0
0
0
0
0
0
0
0
0.576471
0.333333
0.203922
0.564706
0.670588
0
0
0
0
0
0
0
0
0
0
0
0
0
0
0
0.572549
0.345098
0
0.219608
0.686275
0
0
0
0
0
0
0
0
0
0
0
0
0
0
0
0.188235
0.643137
0.00784314
0.27451
0.658824
0
0
0
0
0
0
0
0
0
0
0
0
0
0
0
0
0.396078
0.4
0.698039
0.345098
0
0
0
0
0
0
0
0
0
0
0
0
0
0
0
0
0
0.729412
0.937255
0.0784314
0
0
0
0
0
0
0
0
0
0
0
0
0
0
0
0
0.333333
0.705882
0.423529
0.862745
0.2
0
0
0
0
0
0
0
0
0
0
0
0
0
0
0
0.698039
0.219608
0
0.219608
0.831373
0
0
0
0
0
0
0
0
0
0
0
0
0
0
0
0.752941
0.152941
0
0
0.847059
0.0588235
0
0
0
0
0
0
0
0
0
0
0
0
0
0
0.72549
0.572549
0.498039
0.6
0.858824
0.0352941
0
0
0
0
0
0
0
0
0
0
0
0
0
0
0.12549
0.403922
0.407843
0.305882
0.0313726
0
0
0
0
0
0
0
0
0
0
0
0
0
0
0
0
0
0
0
0
0
0
0
0
0
0
0
0
0
0
0
0
0
0
0
0
0
0
0
0
0
0
0
0
0
0
0
0
0
0
0
0
0
0
0
0
0
0
0
0
0
0
0
0
0
0
0
0
0
0
0
0
0
0
0
0
0
0
0
0
0
0
0
0
0
0
