0
0
0
0
0
0
0
0
0
0
0
0
0
0
0
0
0
0
0
0
0
0
0
0
0
0
0
0
0
0
0
0
0
0
0
0
0
0
0
0
0
0
0
0
0
0
0
0
0
0
0
0
0
0
0
0
0
0
0
0
0
0
0
0
0
0
0
0
0
0
0
0
0
0
0
0
0
0
0
0
0
0
0
0
0
0
0
0
0
0
0
0
0
0
0
0
0
0
0
0
0
0
0
0
0
0
0
0
0
0
0
0
0
0
0
0
0
0
0
0
0
0
0
0
0
0
0
0
0
0
0
0
0
0
0
0
0
0
0
0
0
0
0
0
0
0
0
0
0
0
0
0
0
0
0
0
0
0
0
0
0
0
0
0
0
0
0
0
0.294118
0.109804
0.00784314
0
0.00784314
0.0117647
0
0
0
0
0
0
0
0
0
0
0
0
0
0
0.329412
0.780392
0.831373
0.298039
0.788235
0.745098
0
0
0
0
0
0
0
0
0
0
0
0
0
0
0
0
0
0.109804
0.835294
0.137255
0
0
0
0
0
0
0
0
0
0
0
0
0
0
0
0.0235294
0.505882
0.407843
0.109804
0
0
0
0
0
0
0
0
0
0
0
0
0
0
0
0.0431373
0.756863
0.658824
0.0627451
0.0392157
0
0
0
0
0
0
0
0
0
0
0
0
0
0
0
0.0862745
0.576471
0.745098
0.878431
0.886275
0.141176
0
0
0
0
0
0
0
0
0
0
0
0
0
0
0
0
0
0
0
0
0
0
0
0
0
0
0
0
0
0
0
0
0
0
0
0
0
0
0
0
0
0
0
0
0
0
0
0
0
0
0
0
0
0
0
0
0
0
0
0
0
0
0
0
0
0
0
0
0
0
0
0
0
0
0
0
0
0
0
0
0
0
0
0
0
0
0
0
0
0
0
0
0
0
0
0
0
0
0
0
0
0
0
0
0
0
0
0
0
0
0
0
0
0
0
0
0
0
0
0
0
0
0
0
0
0
