0
0
0
0
0
0
0
0
0
0
0
0
0
0
0
0
0
0
0
0
0
0
0
0
0
0
0
0
0
0
0
0
0
0
0
0
0
0
0
0
0
0
0
0
0
0
0
0
0
0
0
0
0
0
0
0
0
0
0
0
0
0
0
0
0
0
0
0
0
0
0
0
0
0
0
0
0
0
0
0
0
0
0
0
0
0
0
0
0
0
0
0
0
0
0
0
0
0
0
0
0
0
0
0
0
0
0
0
0
0
0
0
0
0
0
0
0
0
0
0
0
0
0
0
0
0
0
0
0
0
0
0
0
0
0
0
0
0
0
0
0
0
0
0
0
0.00392157
0
0
0
0
0
0
0
0
0
0.0235294
0.341176
0
0
0
0
0
0
0
0
0.721569
0.227451
0
0
0
0
0
0
0
0
0.341176
0.709804
0
0
0
0
0
0
0
0
0.243137
0.858824
0.0745098
0
0
0
0
0
0
0.168627
0.729412
0.101961
0
0
0
0
0
0
0
0
0
0.368627
0.705882
0
0
0.0431373
0.737255
0.243137
0.054902
0.780392
0.168627
0
0
0
0
0
0
0
0
0
0
0
0.498039
0.4
0.180392
0.835294
0.541176
0.862745
0.772549
0.372549
0
0
0
0
0
0
0
0
0
0
0
0
0.0392157
0.698039
0.901961
0.223529
0
0.156863
0.321569
0.00392157
0
0
0
0
0
0
0
0
0
0
0
0
0
0.0627451
0.141176
0
0
0
0
0
0
0
0
0
0
0
0
0
0
0
0
0
0
0
0
0
0
0
0
0
0
0
0
0
0
0
0
0
0
0
0
0
0
0
0
0
0
0
0
0
0
0
0
0
0
0
0
0
0
0
0
0
0
0
0
0
0
0
0
0
0
0
0
0
0
0
0
0
0
0
0
0
0
0
0
0
0
0
0
0
0
0
0
0
0
0
0
0
0
0
0
0
0
0
0
0
0
0
0
0
0
0
0
0
0
0
0
0
0
0
0
0
0
0
0
0
0
0
0
0
0
0
0
0
0
