0
0
0
0
0
0
0
0
0
0
0
0
0
0
0
0
0
0
0
0
0
0
0
0
0
0
0
0
0
0
0
0
0
0
0
0
0
0
0
0
0
0
0
0
0
0
0
0
0
0
0
0
0
0
0
0
0
0
0
0
0
0
0
0
0
0
0
0
0
0
0
0
0
0
0
0
0
0
0
0
0
0
0
0
0
0
0
0
0
0
0
0
0
0
0
0
0
0
0
0
0
0
0
0
0.301961
0.2
0
0
0
0
0
0
0
0
0
0
0.027451
0.00784314
0
0
0
0
0
0
0.329412
0.780392
0
0
0
0
0
0
0
0
0
0
0.713726
0.286275
0
0
0
0
0
0
0
0.596078
0.505882
0
0
0
0
0
0
0
0
0.545098
0.654902
0.00392157
0
0
0
0
0
0
0
0.0235294
0.745098
0.160784
0
0
0
0
0
0
0.47451
0.713726
0.0235294
0
0
0
0
0
0
0
0
0
0.2
0.337255
0
0
0
0
0
0.0745098
0.854902
0.0705882
0
0
0
0
0
0
0
0
0
0
0
0.666667
0.00784314
0
0
0
0
0.392157
0.498039
0
0
0
0
0
0
0
0
0
0
0
0
0.545098
0.321569
0
0.431373
0.0588235
0
0.721569
0.152941
0
0
0
0
0
0
0
0
0
0
0
0
0.254902
0.580392
0.556863
0.941176
0.352941
0.141176
0.788235
0.00392157
0
0
0
0
0
0
0
0
0
0
0
0
0.0862745
0.556863
0.756863
0.121569
0.768627
0.686275
0.356863
0
0
0
0
0
0
0
0
0
0
0
0
0
0.00392157
0.886275
0.478431
0
0.580392
0.862745
0
0
0
0
0
0
0
0
0
0
0
0
0
0
0
0.72549
0.298039
0
0.0627451
0.176471
0
0
0
0
0
0
0
0
0
0
0
0
0
0
0
0.462745
0.180392
0
0
0
0
0
0
0
0
0
0
0
0
0
0
0
0
0
0
0
0
0
0
0
0
0
0
0
0
0
0
0
0
0
0
0
0
0
0
0
0
0
0
0
0
0
0
0
0
0
0
0
0
0
0
0
0
0
0
0
0
0
0
0
0
0
0
0
0
0
0
