0
0
0
0
0
0
0
0
0
0
0
0
0
0
0
0
0
0
0
0
0
0
0
0
0
0
0
0
0
0
0
0
0
0
0
0
0
0
0
0
0
0
0
0
0
0
0
0
0
0
0
0
0
0
0
0
0
0
0
0
0
0
0
0
0
0
0
0
0
0
0
0
0
0
0
0
0
0
0
0
0
0
0
0
0
0
0
0
0
0
0
0
0
0
0
0
0
0
0
0
0
0
0
0
0
0
0
0
0
0
0
0
0
0
0
0
0
0
0
0
0
0
0
0
0
0
0
0
0
0
0
0
0
0
0
0
0
0
0
0
0
0
0
0
0
0
0
0
0
0
0
0
0
0
0
0
0
0
0
0
0
0
0
0
0
0
0
0.164706
0.133333
0
0
0
0
0
0
0
0
0
0
0
0
0
0
0
0
0
0
0.47451
0.407843
0
0.00392157
0.0313726
0
0
0
0.509804
0.0431373
0
0
0
0
0
0
0
0
0
0
0.490196
0.341176
0
0.309804
0.639216
0
0
0
0.572549
0.0313726
0
0
0
0
0
0
0
0
0
0
0.533333
0.333333
0
0.603922
0.756863
0
0
0.0941176
0.768627
0.0313726
0
0
0
0
0
0
0
0
0
0
0.458824
0.870588
0.788235
0.901961
0.627451
0.772549
0.635294
0.729412
0.329412
0
0
0
0
0
0
0
0
0
0
0
0
0.0666667
0.0627451
0.054902
0
0.137255
0.168627
0.0862745
0
0
0
0
0
0
0
0
0
0
0
0
0
0
0
0
0
0
0
0
0
0
0
0
0
0
0
0
0
0
0
0
0
0
0
0
0
0
0
0
0
0
0
0
0
0
0
0
0
0
0
0
0
0
0
0
0
0
0
0
0
0
0
0
0
0
0
0
0
0
0
0
0
0
0
0
0
0
0
0
0
0
0
0
0
0
0
0
0
0
0
0
0
0
0
0
0
0
0
0
0
0
0
0
0
0
0
0
0
0
0
0
0
0
0
0
0
0
0
0
0
0
0
0
0
