0
0
0
0
0
0
0
0
0
0
0
0
0
0
0
0
0
0
0
0
0
0
0
0
0
0
0
0
0
0
0
0
0
0
0
0
0
0
0
0
0
0
0
0
0
0
0
0
0
0
0
0
0
0
0
0
0
0
0
0
0
0
0
0
0
0
0
0
0
0
0
0
0
0
0
0
0
0
0
0
0
0
0
0
0
0
0
0
0
0
0
0
0
0
0
0
0
0
0
0
0
0
0
0
0
0
0
0
0
0
0
0
0
0
0
0
0
0
0
0
0
0
0
0
0
0
0
0
0
0
0
0
0
0
0
0
0
0
0
0
0
0
0
0
0
0
0
0
0
0
0
0
0
0
0
0
0
0
0
0
0
0
0
0
0
0
0
0.521569
0.635294
0.321569
0.67451
0.537255
0.576471
0
0
0
0
0
0
0
0
0
0
0
0
0
0
0.0862745
0.0784314
0.0431373
0.0941176
0.470588
0.596078
0
0
0
0
0
0
0
0
0
0
0
0
0
0
0
0
0
0.211765
0.819608
0.0705882
0
0
0
0
0
0
0
0
0
0
0
0
0
0
0
0
0.176471
0.835294
0.145098
0
0
0
0
0
0
0
0
0
0
0
0
0
0
0
0
0.0627451
0.92549
0.47451
0.12549
0.0392157
0.0313726
0
0
0
0
0
0
0
0
0
0
0
0
0
0
0.0313726
0.392157
0.219608
0.501961
0.737255
0.811765
0.419608
0
0
0
0
0
0
0
0
0
0
0
0
0
0
0
0
0
0
0.00392157
0.0627451
0
0
0
0
0
0
0
0
0
0
0
0
0
0
0
0
0
0
0
0
0
0
0
0
0
0
0
0
0
0
0
0
0
0
0
0
0
0
0
0
0
0
0
0
0
0
0
0
0
0
0
0
0
0
0
0
0
0
0
0
0
0
0
0
0
0
0
0
0
0
0
0
0
0
0
0
0
0
0
0
0
0
0
0
0
0
0
0
0
0
0
0
0
0
0
0
0
0
0
0
0
0
0
0
0
