0
0
0
0
0
0
0
0
0
0
0
0
0
0
0
0
0
0
0
0
0
0
0
0
0
0
0
0
0
0
0
0
0
0
0
0
0
0
0
0
0
0
0
0
0
0
0
0
0
0
0
0
0
0
0
0
0
0
0
0
0
0
0
0
0
0
0
0
0
0
0
0
0
0
0
0
0
0
0
0
0
0
0
0
0
0
0
0
0
0
0
0
0
0
0
0
0
0
0
0
0
0
0
0
0
0
0
0
0
0
0
0
0
0
0
0
0
0
0
0
0
0
0
0
0
0
0
0
0
0
0
0
0
0
0
0
0
0
0
0
0
0
0
0
0
0
0
0
0.666667
0.67451
0.658824
0.388235
0
0
0
0
0
0
0
0
0
0
0
0
0
0
0
0
0.172549
0.207843
0.223529
0.752941
0
0
0
0
0
0
0
0
0
0
0
0
0
0
0
0
0
0
0.286275
0.635294
0
0
0
0
0
0
0
0
0
0
0
0
0
0
0
0
0
0.101961
0.811765
0.164706
0
0
0
0
0
0
0
0
0
0
0
0
0
0
0
0
0.321569
0.847059
0.352941
0
0
0
0
0
0
0
0
0
0
0
0
0
0
0
0
0
0.403922
0.858824
0.686275
0.411765
0.294118
0.027451
0
0
0
0
0
0
0
0
0
0
0
0
0
0
0
0.00392157
0.196078
0.466667
0.6
0.0980392
0
0
0
0
0
0
0
0
0
0
0
0
0
0
0
0
0
0
0
0
0
0
0
0
0
0
0
0
0
0
0
0
0
0
0
0
0
0
0
0
0
0
0
0
0
0
0
0
0
0
0
0
0
0
0
0
0
0
0
0
0
0
0
0
0
0
0
0
0
0
0
0
0
0
0
0
0
0
0
0
0
0
0
0
0
0
0
0
0
0
0
0
0
0
0
0
0
0
0
0
0
0
0
0
0
0
0
0
0
0
0
0
0
0
0
0
0
0
0
0
0
0
0
0
0
0
