0
0
0
0
0
0
0
0
0
0
0
0
0
0
0
0
0
0
0
0
0
0
0
0
0
0
0
0
0
0
0
0
0
0
0
0
0
0
0
0
0
0
0
0
0
0
0
0
0
0
0
0
0
0
0
0
0
0
0
0
0
0
0
0
0
0
0
0
0
0
0
0
0
0
0
0
0
0
0
0
0
0
0
0
0
0
0
0
0
0
0
0
0
0
0
0
0
0
0
0
0
0
0
0
0
0
0
0
0
0
0
0
0
0
0
0
0
0
0
0
0
0
0
0
0
0
0
0
0
0
0
0
0
0
0
0
0
0
0
0
0
0
0
0
0
0
0
0
0
0.203922
0.231373
0.262745
0.211765
0
0
0
0
0
0
0
0
0
0
0
0
0
0
0
0
0.498039
0.564706
0.698039
0.92549
0
0
0
0
0
0
0
0
0
0
0
0
0
0
0
0
0
0.0117647
0.388235
0.262745
0
0
0
0
0
0
0
0
0
0
0
0
0
0
0
0
0.164706
0.188235
0.341176
0
0
0
0
0
0
0
0
0
0
0
0
0
0
0
0
0.411765
0.823529
0.2
0
0
0
0
0
0
0
0
0
0
0
0
0
0
0
0
0
0.580392
0.647059
0.533333
0.866667
0.827451
0.219608
0
0
0
0
0
0
0
0
0
0
0
0
0
0
0
0
0.00392157
0.0117647
0.141176
0.0235294
0
0
0
0
0
0
0
0
0
0
0
0
0
0
0
0
0
0
0
0
0
0
0
0
0
0
0
0
0
0
0
0
0
0
0
0
0
0
0
0
0
0
0
0
0
0
0
0
0
0
0
0
0
0
0
0
0
0
0
0
0
0
0
0
0
0
0
0
0
0
0
0
0
0
0
0
0
0
0
0
0
0
0
0
0
0
0
0
0
0
0
0
0
0
0
0
0
0
0
0
0
0
0
0
0
0
0
0
0
0
0
0
0
0
0
0
0
0
0
0
0
0
0
0
0
0
