0
0
0
0
0
0
0
0
0
0
0
0
0
0
0
0
0
0
0
0
0
0
0
0
0
0
0
0
0
0
0
0
0
0
0
0
0
0
0
0
0
0
0
0
0
0
0
0
0
0
0
0
0
0
0
0
0
0
0
0
0
0
0
0
0
0
0
0
0
0
0
0
0
0
0
0
0
0
0
0
0
0
0
0
0
0
0
0
0
0
0
0
0
0
0
0
0
0
0
0
0
0
0
0
0
0
0
0
0
0
0
0
0
0
0.00392157
0
0
0
0
0
0
0
0
0
0
0
0
0
0
0
0
0
0
0
0.537255
0.333333
0
0
0
0
0
0
0
0
0.0745098
0.678431
0
0
0
0
0
0
0
0
0.623529
0.294118
0
0
0
0
0
0
0
0
0
0.792157
0.109804
0
0
0
0
0
0
0
0.623529
0.290196
0
0
0
0
0
0
0
0
0
0.443137
0.352941
0
0
0
0
0
0
0
0.611765
0.278431
0
0
0
0
0
0
0
0
0
0.160784
0.698039
0
0
0
0
0
0
0
0.556863
0.219608
0
0
0
0
0
0
0
0
0
0
0.694118
0.290196
0
0
0
0
0
0.0705882
0.713726
0
0
0
0
0
0
0
0
0
0
0
0.105882
0.776471
0.298039
0
0
0.0352941
0.231373
0.427451
0.243137
0
0
0
0
0
0
0
0
0
0
0
0
0.105882
0.67451
0.890196
0.721569
0.556863
0.266667
0.105882
0
0
0
0
0
0
0
0
0
0
0
0
0
0
0
0.00392157
0.00392157
0
0
0
0
0
0
0
0
0
0
0
0
0
0
0
0
0
0
0
0
0
0
0
0
0
0
0
0
0
0
0
0
0
0
0
0
0
0
0
0
0
0
0
0
0
0
0
0
0
0
0
0
0
0
0
0
0
0
0
0
0
0
0
0
0
0
0
0
0
0
0
0
0
0
0
0
0
0
0
0
0
0
0
0
0
0
0
0
0
0
0
0
0
0
0
0
0
0
0
0
0
0
0
0
0
0
0
0
0
