0
0
0
0
0
0
0
0
0
0
0
0
0
0
0
0
0
0
0
0
0
0
0
0
0
0
0
0
0
0
0
0
0
0
0
0
0
0
0
0
0
0
0
0
0
0
0
0
0
0
0
0
0
0
0
0
0
0
0
0
0
0
0
0
0
0
0
0
0
0
0
0
0
0
0
0
0
0
0
0
0
0
0
0
0
0
0
0
0
0
0
0
0
0
0
0
0
0
0
0
0
0
0
0
0
0
0
0
0
0.027451
0.478431
0.729412
0.176471
0
0
0
0
0
0
0
0
0
0
0
0
0
0
0
0
0.654902
0.52549
0.207843
0.560784
0.396078
0
0
0
0
0
0
0
0
0
0
0
0
0
0
0.129412
0.607843
0
0
0.0627451
0.537255
0
0
0
0
0
0
0
0
0
0
0
0
0
0
0.403922
0.219608
0
0
0
0.419608
0.239216
0
0
0
0
0
0
0
0
0
0
0
0
0
0.698039
0.0980392
0
0
0
0.168627
0.419608
0
0
0
0
0
0
0
0
0
0
0
0
0
0.713726
0.113725
0
0
0
0.266667
0.6
0
0
0
0
0
0
0
0
0
0
0
0
0
0.176471
0.529412
0.831373
0.301961
0.545098
0.890196
0.72549
0
0
0
0
0
0
0
0
0
0
0
0
0
0.588235
0.556863
0.027451
0
0
0.211765
0.537255
0
0
0
0
0
0
0
0
0
0
0
0
0
0.266667
0.0313726
0
0
0
0.180392
0.478431
0
0
0
0
0
0
0
0
0
0
0
0
0
0.721569
0.121569
0
0
0
0.192157
0.505882
0
0
0
0
0
0
0
0
0
0
0
0
0
0.545098
0.188235
0
0
0
0.278431
0.611765
0
0
0
0
0
0
0
0
0
0
0
0
0
0.576471
0.309804
0
0
0
0.0784314
0.219608
0
0
0
0
0
0
0
0
0
0
0
0
0
0.0862745
0.0392157
0
0
0
0
0
0
0
0
0
0
0
0
0
0
0
0
0
0
0
0
0
0
0
0
0
0
0
0
0
0
0
0
0
0
0
0
0
0
0
0
0
0
0
0
0
0
0
0
0
0
