0
0
0
0
0
0
0
0
0
0
0
0
0
0
0
0
0
0
0
0
0
0
0
0
0
0
0
0
0
0
0
0
0
0
0
0
0
0
0
0
0
0
0
0
0
0
0
0
0
0
0
0
0
0
0
0
0
0
0
0
0
0
0
0
0
0
0
0
0
0
0
0
0
0
0
0
0
0
0
0
0
0
0
0
0
0
0
0
0
0
0
0.00784314
0
0
0
0
0
0
0
0
0
0
0
0
0
0
0
0
0
0
0.156863
0.913725
0.027451
0
0
0
0
0
0
0
0
0
0
0
0
0
0
0
0
0
0.52549
0.964706
0.235294
0
0
0
0
0
0
0
0
0
0
0
0
0
0
0
0
0
0.72549
0.505882
0.47451
0
0
0
0
0
0
0
0
0
0
0
0
0
0
0
0
0.0235294
0.866667
0.290196
0.603922
0
0
0
0
0
0
0
0
0
0
0
0
0
0
0
0
0.243137
0.639216
0.101961
0.564706
0
0
0
0
0
0
0
0
0
0
0
0
0
0
0
0
0.454902
0.411765
0.101961
0.756863
0.0862745
0
0
0
0
0
0
0
0
0
0
0
0
0
0
0
0.666667
0.894118
0.854902
0.870588
0.333333
0
0
0
0
0
0
0
0
0
0
0
0
0
0
0.00392157
0.701961
0.0235294
0
0.298039
0.498039
0
0
0
0
0
0
0
0
0
0
0
0
0
0
0.133333
0.529412
0
0
0.227451
0.686275
0
0
0
0
0
0
0
0
0
0
0
0
0
0
0.313726
0.478431
0
0
0.0392157
0.831373
0
0
0
0
0
0
0
0
0
0
0
0
0
0
0.454902
0.435294
0
0
0
0.00392157
0
0
0
0
0
0
0
0
0
0
0
0
0
0
0.0705882
0.054902
0
0
0
0
0
0
0
0
0
0
0
0
0
0
0
0
0
0
0
0
0
0
0
0
0
0
0
0
0
0
0
0
0
0
0
0
0
0
0
0
0
0
0
0
0
0
0
0
0
0
0
0
0
0
0
0
0
0
0
0
0
0
0
0
0
0
0
0
0
0
