0
0
0
0
0
0
0
0
0
0
0
0
0
0
0
0
0
0
0
0
0
0
0
0
0
0
0
0
0
0
0
0
0
0
0
0
0
0
0
0
0
0
0
0
0
0
0
0
0
0
0
0
0
0
0
0
0
0
0
0
0
0
0
0
0
0
0
0
0
0
0
0
0
0
0
0
0
0
0
0
0
0
0
0
0
0
0
0
0
0
0
0
0
0
0
0
0
0
0
0
0
0
0
0
0
0
0
0
0
0
0
0
0
0
0
0
0
0
0
0
0
0
0
0
0
0
0
0
0
0
0.0313726
0.00392157
0
0
0
0
0
0
0
0
0
0
0
0
0
0
0
0
0
0
0.666667
0.368627
0
0
0
0
0
0
0
0
0
0
0
0
0
0
0
0
0
0.0745098
0.721569
0.827451
0.0117647
0
0
0
0
0
0
0
0
0
0
0
0
0
0
0
0
0.294118
0.278431
0.419608
0.0627451
0
0
0
0
0
0
0
0
0
0
0
0
0
0
0
0
0.466667
0.0784314
0.0745098
0.552941
0
0
0
0
0
0
0
0
0
0
0
0
0
0
0
0
0.388235
0.662745
0.905882
0.607843
0.176471
0
0
0
0
0
0
0
0
0
0
0
0
0
0
0.00392157
0.67451
0.329412
0.0431373
0.141176
0.431373
0
0
0
0
0
0
0
0
0
0
0
0
0
0
0.0627451
0.176471
0
0
0.0117647
0.831373
0
0
0
0
0
0
0
0
0
0
0
0
0
0
0.47451
0.47451
0
0
0
0.541176
0.0117647
0
0
0
0
0
0
0
0
0
0
0
0
0
0.431373
0.121569
0
0
0
0
0
0
0
0
0
0
0
0
0
0
0
0
0
0
0
0
0
0
0
0
0
0
0
0
0
0
0
0
0
0
0
0
0
0
0
0
0
0
0
0
0
0
0
0
0
0
0
0
0
0
0
0
0
0
0
0
0
0
0
0
0
0
0
0
0
0
0
0
0
0
0
0
0
0
0
0
0
0
0
0
0
0
0
0
0
0
