0
0
0
0
0
0
0
0
0
0
0
0
0
0
0
0
0
0
0
0
0
0
0
0
0
0
0
0
0
0
0
0
0
0
0
0
0
0
0
0
0
0
0
0
0
0
0
0
0
0
0
0
0
0
0
0
0
0
0
0
0
0
0
0
0
0
0
0
0
0
0
0
0
0
0
0
0
0
0
0
0
0
0
0
0
0
0
0
0
0
0
0
0
0
0
0
0
0
0
0
0
0
0
0
0
0
0
0
0
0
0
0
0.00392157
0.176471
0
0
0
0
0
0
0
0
0
0
0
0
0
0
0.12549
0.686275
0
0
0.0901961
0.823529
0
0
0
0
0
0
0
0
0
0
0
0
0
0
0.439216
0.470588
0
0
0.12549
0.772549
0
0
0
0
0
0
0
0
0
0
0
0
0
0
0.596078
0.247059
0
0
0.133333
0.733333
0
0
0
0
0
0
0
0
0
0
0
0
0
0
0.67451
0.0941176
0
0
0.137255
0.737255
0
0
0
0
0
0
0
0
0
0
0
0
0
0
0.713726
0.113725
0
0
0.121569
0.721569
0
0
0
0
0
0
0
0
0
0
0
0
0
0
0.662745
0.0784314
0
0
0.231373
0.654902
0
0
0
0
0
0
0
0
0
0
0
0
0
0
0.670588
0.176471
0
0
0.541176
0.376471
0
0
0
0
0
0
0
0
0
0
0
0
0
0
0.294118
0.713726
0
0.0431373
0.870588
0.0392157
0
0
0
0
0
0
0
0
0
0
0
0
0
0
0
0.698039
0.345098
0.694118
0.454902
0
0
0
0
0
0
0
0
0
0
0
0
0
0
0
0
0.145098
0.772549
0.572549
0
0
0
0
0
0
0
0
0
0
0
0
0
0
0
0
0
0
0
0
0
0
0
0
0
0
0
0
0
0
0
0
0
0
0
0
0
0
0
0
0
0
0
0
0
0
0
0
0
0
0
0
0
0
0
0
0
0
0
0
0
0
0
0
0
0
0
0
0
0
0
0
0
0
0
0
0
0
0
0
0
0
0
0
0
0
0
0
