0
0
0
0
0
0
0
0
0
0
0
0
0
0
0
0
0
0
0
0
0
0
0
0
0
0
0
0
0
0
0
0
0
0
0
0
0
0
0
0
0
0
0
0
0
0
0
0
0
0
0
0
0
0
0
0
0
0
0
0
0
0
0
0
0
0
0
0
0
0
0
0
0
0
0
0
0
0
0
0
0
0
0
0
0
0
0
0
0
0
0
0
0
0
0
0
0
0
0
0
0
0
0
0
0
0
0
0
0
0
0
0
0
0
0.0352941
0
0
0
0
0
0
0
0
0
0
0
0
0.00784314
0.478431
0
0
0
0
0.180392
0.694118
0
0
0
0
0
0
0
0
0
0
0
0
0.00784314
0.866667
0
0
0
0
0.0431373
0.619608
0
0
0
0
0
0
0
0
0
0
0
0
0.0392157
0.835294
0
0
0
0
0.0392157
0.603922
0
0
0
0
0
0
0
0
0
0
0
0
0.0352941
0.552941
0
0
0
0
0
0.623529
0.00392157
0
0
0
0
0
0
0
0
0
0
0
0.0352941
0.6
0
0
0
0
0
0.8
0.00392157
0
0
0
0
0
0
0
0
0
0
0
0.00392157
0.87451
0
0
0
0
0
0.843137
0.00392157
0
0
0
0
0
0
0
0
0
0
0
0
0.619608
0.129412
0
0
0
0.0470588
0.564706
0
0
0
0
0
0
0
0
0
0
0
0
0
0.239216
0.607843
0
0
0.0627451
0.741176
0.278431
0
0
0
0
0
0
0
0
0
0
0
0
0
0
0.698039
0.537255
0.337255
0.643137
0.356863
0
0
0
0
0
0
0
0
0
0
0
0
0
0
0
0.0627451
0.498039
0.392157
0.0705882
0
0
0
0
0
0
0
0
0
0
0
0
0
0
0
0
0
0
0
0
0
0
0
0
0
0
0
0
0
0
0
0
0
0
0
0
0
0
0
0
0
0
0
0
0
0
0
0
0
0
0
0
0
0
0
0
0
0
0
0
0
0
0
0
0
0
0
0
0
0
0
0
0
0
0
0
0
0
0
0
0
0
0
0
0
0
0
