0
0
0
0
0
0
0
0
0
0
0
0
0
0
0
0
0
0
0
0
0
0
0
0
0
0
0
0
0
0
0
0
0
0
0
0
0
0
0
0
0
0
0
0
0
0
0
0
0
0
0
0
0
0
0
0
0
0
0
0
0
0
0
0
0
0
0
0
0
0
0
0
0
0
0
0
0
0
0
0
0
0
0
0
0
0
0
0
0
0
0
0
0
0
0
0
0
0
0
0
0
0
0
0
0
0
0
0
0
0
0
0
0
0
0
0
0
0
0
0
0
0
0
0
0
0
0
0
0
0
0
0
0
0
0
0
0
0
0
0
0
0
0
0
0
0
0
0.301961
0.176471
0
0
0
0
0
0.00392157
0
0
0
0
0
0
0
0
0
0
0
0
0.568627
0.298039
0
0
0
0
0
0.827451
0.0117647
0
0
0
0
0
0
0
0
0
0
0
0.592157
0.258824
0
0
0
0
0.0196078
0.894118
0.00784314
0
0
0
0
0
0
0
0
0
0
0
0.572549
0.388235
0
0
0
0
0.2
0.701961
0
0
0
0
0
0
0
0
0
0
0
0
0.129412
0.854902
0.270588
0
0
0
0.6
0.392157
0
0
0
0
0
0
0
0
0
0
0
0
0
0.121569
0.721569
0.737255
0.580392
0.713726
0.701961
0.0117647
0
0
0
0
0
0
0
0
0
0
0
0
0
0
0
0.172549
0.247059
0.192157
0
0
0
0
0
0
0
0
0
0
0
0
0
0
0
0
0
0
0
0
0
0
0
0
0
0
0
0
0
0
0
0
0
0
0
0
0
0
0
0
0
0
0
0
0
0
0
0
0
0
0
0
0
0
0
0
0
0
0
0
0
0
0
0
0
0
0
0
0
0
0
0
0
0
0
0
0
0
0
0
0
0
0
0
0
0
0
0
0
0
0
0
0
0
0
0
0
0
0
0
0
0
0
0
0
0
0
0
0
0
0
0
0
0
0
0
0
0
0
0
0
0
0
0
0
0
0
