0
0
0
0
0
0
0
0
0
0
0
0
0
0
0
0
0
0
0
0
0
0
0
0
0
0
0
0
0
0
0
0
0
0
0
0
0
0
0
0
0
0
0
0
0
0
0
0
0
0
0
0
0
0
0
0
0
0
0
0
0
0
0
0
0
0
0
0
0
0
0
0
0
0
0
0
0
0
0
0
0
0
0
0
0
0
0
0
0
0
0
0
0
0
0
0
0
0
0
0
0
0
0
0
0
0
0
0
0
0
0
0
0
0
0
0
0
0
0
0
0
0
0
0
0
0
0
0
0
0
0
0
0
0
0
0
0
0
0
0
0
0
0
0
0
0
0
0
0
0
0.0862745
0.419608
0
0
0
0
0
0
0
0
0
0
0
0
0
0
0
0
0
0
0.305882
0.611765
0
0
0
0
0
0
0
0
0
0
0
0
0
0
0
0
0
0
0.0941176
0.160784
0.133333
0.462745
0.47451
0
0
0
0
0
0
0
0
0
0
0
0
0
0.729412
0.886275
0.898039
0.647059
0.588235
0.470588
0.211765
0
0
0
0
0
0
0
0
0
0
0
0
0
0
0
0.411765
0.345098
0
0
0
0
0
0
0
0
0
0
0
0
0
0
0
0
0
0
0.305882
0.247059
0
0
0
0
0
0
0
0
0
0
0
0
0
0
0
0
0
0
0.478431
0.431373
0
0
0
0
0
0
0
0
0
0
0
0
0
0
0
0
0
0
0.109804
0.133333
0
0
0
0
0
0
0
0
0
0
0
0
0
0
0
0
0
0
0
0
0
0
0
0
0
0
0
0
0
0
0
0
0
0
0
0
0
0
0
0
0
0
0
0
0
0
0
0
0
0
0
0
0
0
0
0
0
0
0
0
0
0
0
0
0
0
0
0
0
0
0
0
0
0
0
0
0
0
0
0
0
0
0
0
0
0
0
0
0
0
0
0
0
0
0
0
0
0
0
0
0
0
0
0
0
0
0
0
