0
0
0
0
0
0
0
0
0
0
0
0
0
0
0
0
0
0
0
0
0
0
0
0
0
0
0
0
0
0
0
0
0
0
0
0
0
0
0
0
0
0
0
0
0
0
0
0
0
0
0
0
0
0
0
0
0
0
0
0
0
0
0
0
0
0
0
0
0
0
0
0
0
0
0
0
0
0
0
0
0
0
0
0
0
0
0
0
0
0
0
0
0
0
0
0
0
0
0
0
0
0
0
0
0
0
0
0
0
0.00392157
0.47451
0.686275
0.541176
0.172549
0
0
0
0
0
0
0
0
0
0
0
0
0
0
0.0117647
0.619608
0.662745
0.223529
0.4
0.819608
0.701961
0.164706
0
0
0
0
0
0
0
0
0
0
0
0
0.321569
0.666667
0.00784314
0
0
0.0117647
0.337255
0.270588
0
0
0
0
0
0
0
0
0
0
0
0
0.32549
0.705882
0.0313726
0
0.0235294
0.866667
0
0
0
0
0
0
0
0
0
0
0
0
0
0
0.00392157
0.458824
0.635294
0.0588235
0.635294
0.631373
0
0
0
0
0
0
0
0
0
0
0
0
0
0
0
0
0
0.823529
0.776471
0.027451
0
0
0
0
0
0
0
0
0
0
0
0
0
0
0
0
0.47451
0.4
0.623529
0.439216
0
0
0
0
0
0
0
0
0
0
0
0
0
0
0
0.447059
0.678431
0.0235294
0.286275
0.619608
0
0
0
0
0
0
0
0
0
0
0
0
0
0
0.345098
0.772549
0.0313726
0
0.278431
0.611765
0
0
0
0
0
0
0
0
0
0
0
0
0
0
0.862745
0.105882
0
0
0.423529
0.560784
0
0
0
0
0
0
0
0
0
0
0
0
0
0
0.756863
0.705882
0.670588
0.733333
0.839216
0.137255
0
0
0
0
0
0
0
0
0
0
0
0
0
0
0.027451
0.2
0.203922
0.188235
0.00784314
0
0
0
0
0
0
0
0
0
0
0
0
0
0
0
0
0
0
0
0
0
0
0
0
0
0
0
0
0
0
0
0
0
0
0
0
0
0
0
0
0
0
0
0
0
0
0
0
0
0
0
0
0
0
0
0
0
0
0
0
0
0
0
0
0
0
0
