0
0
0
0
0
0
0
0
0
0
0
0
0
0
0
0
0
0
0
0
0
0
0
0
0
0
0
0
0
0
0
0
0
0
0
0
0
0
0
0
0
0
0
0
0
0
0
0
0
0
0
0
0
0
0
0
0
0
0
0
0
0
0
0
0
0
0
0
0
0
0
0
0
0
0
0
0
0
0
0
0
0
0
0
0
0
0
0
0
0
0.027451
0.372549
0.266667
0.054902
0
0
0
0
0
0
0
0
0
0
0
0
0
0
0
0.0117647
0.760784
0.623529
0.576471
0.580392
0.141176
0
0
0
0
0
0
0
0
0
0
0
0
0
0
0.447059
0.572549
0
0
0.27451
0.780392
0
0
0
0
0
0
0
0
0
0
0
0
0
0
0.639216
0.188235
0
0
0.0588235
0.847059
0
0
0
0
0
0
0
0
0
0
0
0
0
0
0.490196
0.501961
0.0431373
0.180392
0.792157
0.509804
0
0
0
0
0
0
0
0
0
0
0
0
0
0
0.0235294
0.52549
0.819608
0.886275
0.345098
0
0
0
0
0
0
0
0
0
0
0
0
0
0
0.0862745
0.611765
0.886275
0.611765
0.254902
0
0
0
0
0
0
0
0
0
0
0
0
0
0
0.0745098
0.87451
0.447059
0.0235294
0.0705882
0.603922
0.227451
0
0
0
0
0
0
0
0
0
0
0
0
0
0.509804
0.52549
0
0
0
0.164706
0.862745
0.109804
0
0
0
0
0
0
0
0
0
0
0
0
0.686275
0.227451
0
0
0
0
0.419608
0.576471
0
0
0
0
0
0
0
0
0
0
0
0
0.556863
0.356863
0
0
0
0
0.164706
0.752941
0
0
0
0
0
0
0
0
0
0
0
0
0.290196
0.67451
0
0
0
0
0.490196
0.556863
0
0
0
0
0
0
0
0
0
0
0
0
0
0.811765
0.619608
0.541176
0.505882
0.623529
0.780392
0.0392157
0
0
0
0
0
0
0
0
0
0
0
0
0
0.0627451
0.341176
0.341176
0.305882
0.341176
0.0313726
0
0
0
0
0
0
0
0
0
0
0
0
0
0
0
0
0
0
0
0
0
0
0
0
0
0
0
0
0
0
0
0
0
0
0
0
0
0
0
0
0
0
0
0
0
0
