0
0
0
0
0
0
0
0
0
0
0
0
0
0
0
0
0
0
0
0
0
0
0
0
0
0
0
0
0
0
0
0
0
0
0
0
0
0
0
0
0
0
0
0
0
0
0
0
0
0
0
0
0
0
0
0
0
0
0
0
0
0
0
0
0
0
0
0
0
0
0
0
0
0
0
0
0
0
0
0
0
0
0
0
0
0
0
0
0
0
0
0
0
0
0
0
0
0
0
0
0
0
0
0
0
0
0
0
0
0
0
0
0
0
0
0
0
0
0
0
0
0
0
0
0
0
0
0
0
0
0
0
0
0
0
0
0
0
0
0
0
0
0
0
0
0
0
0
0
0
0
0
0
0
0
0
0
0
0
0
0
0
0
0
0
0
0
0
0
0.0901961
0
0
0
0
0
0
0
0
0
0
0
0
0
0
0
0
0
0
0.0745098
0.878431
0.654902
0.227451
0.00392157
0
0
0
0
0
0
0
0
0
0
0
0
0
0
0
0
0.0117647
0.247059
0.745098
0.792157
0.0784314
0
0
0
0
0
0
0
0
0
0
0
0
0
0
0
0
0
0.486275
0.803922
0.027451
0
0
0
0
0
0
0
0
0
0
0
0
0
0
0
0.0117647
0.596078
0.694118
0.0352941
0
0
0
0
0
0
0
0
0
0
0
0
0
0
0
0
0.627451
0.580392
0.0117647
0
0
0
0
0
0
0
0
0
0
0
0
0
0
0
0
0
0.00784314
0
0
0
0
0
0
0
0
0
0
0
0
0
0
0
0
0
0
0
0
0
0
0
0
0
0
0
0
0
0
0
0
0
0
0
0
0
0
0
0
0
0
0
0
0
0
0
0
0
0
0
0
0
0
0
0
0
0
0
0
0
0
0
0
0
0
0
0
0
0
0
0
0
0
0
0
0
0
0
0
0
0
0
0
0
0
0
0
0
0
0
0
0
0
0
0
0
0
0
0
0
0
0
0
0
0
0
0
0
0
