0
0
0
0
0
0
0
0
0
0
0
0
0
0
0
0
0
0
0
0
0
0
0
0
0
0
0
0
0
0
0
0
0
0
0
0
0
0
0
0
0
0
0
0
0
0
0
0
0
0
0
0
0
0
0
0
0
0
0
0
0
0
0
0
0
0
0
0
0
0
0
0
0
0
0
0
0
0
0
0
0
0
0
0
0
0
0
0
0
0
0
0
0
0
0
0
0
0
0
0
0
0
0
0
0
0
0
0
0
0
0
0
0
0
0
0
0
0
0
0
0
0
0
0
0
0
0
0
0
0
0
0
0
0
0
0
0
0
0
0
0
0
0
0
0
0
0
0
0
0
0
0
0
0
0
0
0
0
0
0
0
0
0
0
0
0
0
0
0.32549
0.243137
0
0
0
0
0
0
0
0
0
0
0
0
0
0
0
0
0
0
0.262745
0.654902
0.780392
0.443137
0.0666667
0.0313726
0
0
0
0
0
0
0
0
0
0
0
0
0
0
0
0
0.113725
0.298039
0.333333
0.811765
0.858824
0.556863
0
0
0
0
0
0
0
0
0
0
0
0
0
0
0
0.137255
0.52549
0.670588
0.623529
0.152941
0
0
0
0
0
0
0
0
0
0
0
0
0
0.0941176
0.533333
0.52549
0.313726
0.0431373
0
0
0
0
0
0
0
0
0
0
0
0
0
0
0.176471
0.866667
0.27451
0
0
0
0
0
0
0
0
0
0
0
0
0
0
0
0
0
0.0862745
0.156863
0
0
0
0
0
0
0
0
0
0
0
0
0
0
0
0
0
0
0
0
0
0
0
0
0
0
0
0
0
0
0
0
0
0
0
0
0
0
0
0
0
0
0
0
0
0
0
0
0
0
0
0
0
0
0
0
0
0
0
0
0
0
0
0
0
0
0
0
0
0
0
0
0
0
0
0
0
0
0
0
0
0
0
0
0
0
0
0
0
0
0
0
0
0
0
0
0
0
0
0
0
0
0
0
0
0
0
0
0
0
