0
0
0
0
0
0
0
0
0
0
0
0
0
0
0
0
0
0
0
0
0
0
0
0
0
0
0
0
0
0
0
0
0
0
0
0
0
0
0
0
0
0
0
0
0
0
0
0
0
0
0
0
0
0
0
0
0
0
0
0
0
0
0
0
0
0
0
0
0
0
0
0
0
0
0
0
0
0
0
0
0
0
0
0
0
0
0
0
0
0
0
0
0
0
0
0
0
0
0
0
0
0
0
0
0
0
0
0
0
0
0
0
0
0
0
0
0
0
0
0
0
0
0
0
0
0
0
0
0
0
0
0
0
0
0
0
0
0
0
0
0
0
0
0
0
0
0
0
0.00392157
0
0
0
0
0
0
0
0
0
0
0
0
0
0
0
0
0
0
0.0352941
0.839216
0.0980392
0
0
0
0
0
0
0
0
0
0
0
0
0
0
0
0
0
0
0.223529
0.780392
0.121569
0
0
0
0
0
0
0
0
0
0
0
0
0
0
0
0
0
0
0.286275
0.772549
0.396078
0.0117647
0
0
0
0
0
0
0
0
0
0
0
0
0
0
0
0
0
0.101961
0.607843
0.811765
0.145098
0
0
0
0
0
0
0
0
0
0
0
0
0
0
0
0
0.0431373
0.509804
0.8
0.0784314
0
0
0
0
0
0
0
0
0
0
0
0
0
0
0
0.176471
0.756863
0.490196
0.027451
0
0
0
0
0
0
0
0
0
0
0
0
0
0
0
0
0.345098
0.301961
0
0
0
0
0
0
0
0
0
0
0
0
0
0
0
0
0
0
0
0
0
0
0
0
0
0
0
0
0
0
0
0
0
0
0
0
0
0
0
0
0
0
0
0
0
0
0
0
0
0
0
0
0
0
0
0
0
0
0
0
0
0
0
0
0
0
0
0
0
0
0
0
0
0
0
0
0
0
0
0
0
0
0
0
0
0
0
0
0
0
0
0
0
0
0
0
0
0
0
0
0
0
0
0
0
0
0
0
0
