0
0
0
0
0
0
0
0
0
0
0
0
0
0
0
0
0
0
0
0
0
0
0
0
0
0
0
0
0
0
0
0
0
0
0
0
0
0
0
0
0
0
0
0
0
0
0
0
0
0
0
0
0
0
0
0
0
0
0
0
0
0
0
0
0
0
0
0
0
0
0
0
0
0
0
0
0
0
0
0
0
0
0
0
0
0
0
0
0
0
0
0
0
0
0
0
0
0
0
0
0
0
0
0
0
0
0
0
0
0
0
0
0
0
0
0
0
0
0
0
0
0
0
0
0
0
0
0
0
0
0
0
0
0
0
0
0
0
0
0
0
0
0
0
0
0
0
0
0
0
0
0
0
0
0
0
0
0
0
0
0
0
0
0
0
0
0
0.0352941
0.666667
0.654902
0.556863
0.478431
0.231373
0
0
0
0
0
0
0
0
0
0
0
0
0
0
0
0.2
0.2
0.27451
0.360784
0.658824
0.670588
0.372549
0
0
0
0
0
0
0
0
0
0
0
0
0
0
0
0
0
0
0.137255
0.952941
0.0117647
0
0
0
0
0
0
0
0
0
0
0
0
0
0
0
0.00392157
0.286275
0.843137
0.352941
0
0
0
0
0
0
0
0
0
0
0
0
0
0.027451
0.0705882
0.529412
0.862745
0.603922
0.121569
0
0
0
0
0
0
0
0
0
0
0
0
0
0.176471
0.870588
0.47451
0.180392
0.0352941
0
0
0
0
0
0
0
0
0
0
0
0
0
0
0
0.164706
0.219608
0
0
0
0
0
0
0
0
0
0
0
0
0
0
0
0
0
0
0
0
0
0
0
0
0
0
0
0
0
0
0
0
0
0
0
0
0
0
0
0
0
0
0
0
0
0
0
0
0
0
0
0
0
0
0
0
0
0
0
0
0
0
0
0
0
0
0
0
0
0
0
0
0
0
0
0
0
0
0
0
0
0
0
0
0
0
0
0
0
0
0
0
0
0
0
0
0
0
0
0
0
0
0
0
0
0
0
0
0
0
0
