0
0
0
0
0
0
0
0
0
0
0
0
0
0
0
0
0
0
0
0
0
0
0
0
0
0
0
0
0
0
0
0
0
0
0
0
0
0
0
0
0
0
0
0
0
0
0
0
0
0
0
0
0
0
0
0
0
0
0
0
0
0
0
0
0
0
0
0
0
0
0
0
0
0
0
0
0
0
0
0
0
0
0
0
0
0
0
0
0
0
0
0
0
0
0
0
0
0
0
0
0
0
0
0
0
0
0
0
0
0
0
0
0
0
0
0
0
0
0
0
0
0
0
0
0
0
0
0
0
0
0
0
0
0
0
0
0
0
0
0
0
0
0
0
0
0
0
0
0.00392157
0
0
0
0
0
0
0
0
0
0
0
0
0
0
0
0
0
0
0
0.411765
0.509804
0.0117647
0
0
0
0
0
0
0
0
0
0
0
0
0
0
0
0
0
0.0235294
0.470588
0.490196
0.529412
0.447059
0.0745098
0
0
0
0
0
0
0
0
0
0
0
0
0
0
0
0
0.0431373
0.133333
0.47451
0.886275
0.360784
0
0
0
0
0
0
0
0
0
0
0
0
0
0
0
0
0
0.219608
0.690196
0.211765
0
0
0
0
0
0
0
0
0
0
0
0
0
0
0
0.027451
0.603922
0.505882
0.101961
0
0
0
0
0
0
0
0
0
0
0
0
0
0
0
0
0.572549
0.560784
0.00392157
0
0
0
0
0
0
0
0
0
0
0
0
0
0
0
0
0.152941
0.831373
0.0235294
0
0
0
0
0
0
0
0
0
0
0
0
0
0
0
0
0
0.462745
0.380392
0
0
0
0
0
0
0
0
0
0
0
0
0
0
0
0
0
0
0
0
0
0
0
0
0
0
0
0
0
0
0
0
0
0
0
0
0
0
0
0
0
0
0
0
0
0
0
0
0
0
0
0
0
0
0
0
0
0
0
0
0
0
0
0
0
0
0
0
0
0
0
0
0
0
0
0
0
0
0
0
0
0
0
0
0
0
0
0
0
