0
0
0
0
0
0
0
0
0
0
0
0
0
0
0
0
0
0
0
0
0
0
0
0
0
0
0
0
0
0
0
0
0
0
0
0
0
0
0
0
0
0
0
0
0
0
0
0
0
0
0
0
0
0
0
0
0
0
0
0
0
0
0
0
0
0
0
0
0
0
0
0
0
0
0
0
0
0
0
0
0
0
0
0
0
0
0
0
0
0
0
0
0
0
0
0
0
0
0
0
0
0
0
0
0
0
0
0
0
0.160784
0.211765
0.207843
0.0745098
0
0
0
0
0
0
0
0
0
0
0
0
0
0
0
0.203922
0.870588
0.678431
0.690196
0.807843
0.470588
0
0
0
0
0
0
0
0
0
0
0
0
0
0
0.160784
0.156863
0
0
0.0235294
0.168627
0
0
0
0
0
0
0
0
0
0
0
0
0
0
0.580392
0.00392157
0
0
0
0
0
0
0
0
0
0
0
0
0
0
0
0
0
0.156863
0.380392
0
0
0
0
0
0
0
0
0
0
0
0
0
0
0
0
0
0
0.360784
0.576471
0
0
0
0
0
0
0
0
0
0
0
0
0
0
0
0
0
0
0.192157
0.592157
0.427451
0.164706
0.498039
0.247059
0
0
0
0
0
0
0
0
0
0
0
0
0
0
0
0
0.109804
0.0352941
0.345098
0.878431
0.109804
0
0
0
0
0
0
0
0
0
0
0
0
0
0
0
0
0
0.137255
0.733333
0.0431373
0
0
0
0
0
0
0
0
0
0
0
0
0
0
0
0
0.164706
0.501961
0.254902
0
0
0
0
0
0
0
0
0
0
0
0
0
0
0
0
0.219608
0.686275
0.164706
0
0
0
0
0
0
0
0
0
0
0
0
0
0
0
0
0.00392157
0.733333
0.196078
0
0
0
0
0
0
0
0
0
0
0
0
0
0
0
0
0
0
0
0
0
0
0
0
0
0
0
0
0
0
0
0
0
0
0
0
0
0
0
0
0
0
0
0
0
0
0
0
0
0
0
0
0
0
0
0
0
0
0
0
0
0
0
0
0
0
0
0
0
