0
0
0
0
0
0
0
0
0
0
0
0
0
0
0
0
0
0
0
0
0
0
0
0
0
0
0
0
0
0
0
0
0
0
0
0
0
0
0
0
0
0
0
0
0
0
0
0
0
0
0
0
0
0
0
0
0
0
0
0
0
0
0
0
0
0
0
0
0
0
0
0
0
0
0
0
0
0
0
0
0
0
0
0
0
0
0
0
0
0
0
0
0
0
0
0
0
0
0
0
0
0
0
0
0
0
0
0
0
0
0
0
0
0
0
0
0
0
0
0
0
0
0
0
0
0
0
0
0
0.027451
0.0392157
0.0431373
0.0862745
0.145098
0.0235294
0
0
0
0
0
0
0
0
0
0
0
0
0
0.266667
0.878431
0.67451
0.619608
0.631373
0.745098
0.219608
0
0
0
0
0
0
0
0
0
0
0
0
0
0.490196
0.313726
0
0
0
0
0
0
0
0
0
0
0
0
0
0
0
0
0
0
0.278431
0.607843
0
0
0
0
0
0
0
0
0
0
0
0
0
0
0
0
0
0
0.0352941
0.823529
0.580392
0.00392157
0
0
0
0
0
0
0
0
0
0
0
0
0
0
0
0
0
0.00392157
0.513726
0.176471
0
0
0
0
0
0
0
0
0
0
0
0
0
0
0
0
0
0
0
0.321569
0.266667
0
0
0
0
0
0
0
0
0
0
0
0
0
0
0
0
0
0
0.0431373
0.164706
0.105882
0
0
0
0
0
0
0
0
0
0
0
0
0
0
0
0
0
0
0.235294
0.607843
0
0
0
0
0
0
0
0
0
0
0
0
0
0
0
0.305882
0.807843
0.627451
0.631373
0.713726
0
0
0
0
0
0
0
0
0
0
0
0
0
0
0
0.12549
0.129412
0.0352941
0.0352941
0.00784314
0
0
0
0
0
0
0
0
0
0
0
0
0
0
0
0
0
0
0
0
0
0
0
0
0
0
0
0
0
0
0
0
0
0
0
0
0
0
0
0
0
0
0
0
0
0
0
0
0
0
0
0
0
0
0
0
0
0
0
0
0
0
0
0
0
0
