0
0
0
0
0
0
0
0
0
0
0
0
0
0
0
0
0
0
0
0
0
0
0
0
0
0
0
0
0
0
0
0
0
0
0
0
0
0
0
0
0
0
0
0
0
0
0
0
0
0
0
0
0
0
0
0
0
0
0
0
0
0
0
0
0
0
0
0
0
0
0
0
0
0
0
0
0
0
0
0
0
0
0
0
0
0
0
0
0
0
0
0
0
0
0
0
0
0
0
0
0
0
0
0
0
0
0
0
0
0
0
0
0
0
0
0
0
0
0
0
0
0
0
0
0
0
0
0
0
0.133333
0.407843
0.478431
0.364706
0
0
0
0
0
0
0
0
0
0
0
0
0
0
0
0.376471
0.847059
0.486275
0.419608
0.843137
0
0
0
0
0
0
0
0
0
0
0
0
0
0
0
0.454902
0.239216
0
0.0313726
0.823529
0
0
0
0
0
0
0
0
0
0
0
0
0
0
0
0
0
0
0.129412
0.745098
0
0
0
0
0
0
0
0
0
0
0
0
0
0
0
0
0
0
0.439216
0.490196
0
0
0
0
0
0
0
0
0
0
0
0
0
0
0
0
0
0.0862745
0.854902
0.0745098
0
0
0
0
0
0
0
0
0
0
0
0
0
0
0.223529
0.835294
0.933333
0.945098
0.87451
0.498039
0.286275
0.141176
0.109804
0
0
0
0
0
0
0
0
0
0
0
0.235294
0.552941
0.47451
0.192157
0.180392
0.411765
0.568627
0.6
0.427451
0
0
0
0
0
0
0
0
0
0
0
0
0
0
0
0
0
0
0
0
0
0
0
0
0
0
0
0
0
0
0
0
0
0
0
0
0
0
0
0
0
0
0
0
0
0
0
0
0
0
0
0
0
0
0
0
0
0
0
0
0
0
0
0
0
0
0
0
0
0
0
0
0
0
0
0
0
0
0
0
0
0
0
0
0
0
0
0
0
0
0
0
0
0
0
0
0
0
0
0
0
0
0
0
0
0
0
0
0
0
0
0
0
0
0
0
0
0
0
0
0
0
0
0
