0
0
0
0
0
0
0
0
0
0
0
0
0
0
0
0
0
0
0
0
0
0
0
0
0
0
0
0
0
0
0
0
0
0
0
0
0
0
0
0
0
0
0
0
0
0
0
0
0
0
0
0
0
0
0
0
0
0
0
0
0
0
0
0
0
0
0
0
0
0
0
0
0
0
0
0
0
0
0
0
0
0
0
0
0
0
0
0
0
0
0
0
0
0
0
0
0
0
0
0
0
0
0
0
0
0
0
0
0
0
0
0
0
0
0
0
0
0
0
0
0
0
0
0
0
0
0
0
0
0.333333
0.411765
0.0784314
0
0
0
0
0
0
0
0
0
0
0
0
0
0
0
0
0.0901961
0.952941
0.513726
0.709804
0.00784314
0
0
0
0
0
0
0
0
0
0
0
0
0
0
0
0.00392157
0.258824
0
0.796078
0.0627451
0
0
0
0
0
0
0
0
0
0
0
0
0
0
0
0
0
0.027451
0.823529
0.0352941
0
0
0
0
0
0
0
0
0
0
0
0
0
0
0
0
0.0313726
0.729412
0.341176
0
0
0
0
0
0
0
0
0
0
0
0
0
0
0
0
0.0941176
0.8
0.396078
0
0
0
0
0
0
0
0
0
0
0
0
0
0
0
0
0
0.741176
0.745098
0.662745
0.670588
0.776471
0.513726
0.623529
0.270588
0
0
0
0
0
0
0
0
0
0
0
0
0.101961
0.109804
0.196078
0.164706
0.0745098
0.0313726
0.235294
0.227451
0
0
0
0
0
0
0
0
0
0
0
0
0
0
0
0
0
0
0
0
0
0
0
0
0
0
0
0
0
0
0
0
0
0
0
0
0
0
0
0
0
0
0
0
0
0
0
0
0
0
0
0
0
0
0
0
0
0
0
0
0
0
0
0
0
0
0
0
0
0
0
0
0
0
0
0
0
0
0
0
0
0
0
0
0
0
0
0
0
0
0
0
0
0
0
0
0
0
0
0
0
0
0
0
0
0
0
0
0
0
0
0
0
0
0
0
0
0
0
0
0
0
0
0
