0
0
0
0
0
0
0
0
0
0
0
0
0
0
0
0
0
0
0
0
0
0
0
0
0
0
0
0
0
0
0
0
0
0
0
0
0
0
0
0
0
0
0
0
0
0
0
0
0
0
0
0
0
0
0
0
0
0
0
0
0
0
0
0
0
0
0
0
0
0
0
0
0
0
0
0
0
0
0
0
0
0
0
0
0
0
0
0
0
0
0
0
0
0
0
0
0
0
0
0
0
0
0
0
0
0
0
0
0
0.054902
0.529412
0.611765
0.0313726
0
0
0
0
0
0
0
0
0
0
0
0
0
0
0
0.0627451
0.811765
0.486275
0.501961
0.109804
0
0
0
0
0
0
0
0
0
0
0
0
0
0
0
0.654902
0.419608
0
0.180392
0.47451
0
0
0
0
0
0
0
0
0
0
0
0
0
0
0
0.321569
0.0431373
0
0.00392157
0.0352941
0
0
0
0
0
0
0
0
0
0
0
0
0
0
0
0
0
0
0.176471
0.447059
0
0
0
0
0
0
0
0
0
0
0
0
0
0
0
0
0
0
0.231373
0.133333
0
0
0
0
0
0
0
0
0
0
0
0
0
0
0
0
0.0352941
0.0745098
0.227451
0.105882
0
0
0
0
0
0
0
0
0
0
0
0
0
0
0.176471
0.752941
0.776471
0.607843
0.843137
0.447059
0.121569
0
0
0
0
0
0
0
0
0
0
0
0
0
0.819608
0.196078
0.0627451
0.623529
0.47451
0.537255
0.580392
0
0
0
0
0
0
0
0
0
0
0
0
0
0.843137
0.847059
0.839216
0.478431
0.0117647
0.0235294
0.713726
0.67451
0.443137
0.231373
0
0
0
0
0
0
0
0
0
0
0.054902
0.054902
0
0
0
0
0.0117647
0.286275
0.486275
0.152941
0
0
0
0
0
0
0
0
0
0
0
0
0
0
0
0
0
0
0
0
0
0
0
0
0
0
0
0
0
0
0
0
0
0
0
0
0
0
0
0
0
0
0
0
0
0
0
0
0
0
0
0
0
0
0
0
0
0
0
0
0
0
0
0
0
0
0
0
0
0
0
0
0
0
0
0
0
0
0
0
0
0
0
