0
0
0
0
0
0
0
0
0
0
0
0
0
0
0
0
0
0
0
0
0
0
0
0
0
0
0
0
0
0
0
0
0
0
0
0
0
0
0
0
0
0
0
0
0
0
0
0
0
0
0
0
0
0
0
0
0
0
0
0
0
0
0
0
0
0
0
0
0
0
0
0
0
0
0
0
0
0
0
0
0
0
0
0
0
0
0
0
0
0
0
0
0
0
0
0
0
0
0
0
0
0
0
0
0
0
0
0
0
0
0
0.0745098
0
0
0.180392
0
0
0
0
0
0
0
0
0
0
0
0
0
0
0
0
0.819608
0.0862745
0.258824
0.960784
0
0
0
0
0
0
0
0
0
0
0
0
0
0
0
0
0.870588
0.188235
0.862745
0.862745
0
0
0
0
0
0
0
0
0
0
0
0
0
0
0
0.376471
0.980392
0.843137
0.239216
0.545098
0
0
0
0
0
0
0
0
0
0
0
0
0
0
0.0705882
0.854902
0.941176
0.513726
0.0352941
0.627451
0
0
0
0
0
0
0
0
0
0
0
0.321569
0.337255
0
0.396078
0.458824
0.180392
0.0117647
0.0705882
0.803922
0
0
0
0
0
0
0
0
0
0
0.0431373
0.843137
0.141176
0.0431373
0.866667
0.0627451
0
0
0.0705882
0.803922
0
0
0
0
0
0
0
0
0
0
0.254902
0.423529
0
0.435294
0.294118
0
0
0
0.0392157
0.862745
0
0
0
0
0
0
0
0
0
0
0.462745
0.396078
0.337255
0.776471
0.00784314
0
0
0
0.00784314
0.933333
0.741176
0.2
0
0
0
0
0
0
0
0
0.470588
0.827451
0.858824
0.0862745
0
0
0
0
0
0.0941176
0.211765
0.027451
0
0
0
0
0
0
0
0
0.054902
0.231373
0.0745098
0
0
0
0
0
0
0
0
0
0
0
0
0
0
0
0
0
0
0
0
0
0
0
0
0
0
0
0
0
0
0
0
0
0
0
0
0
0
0
0
0
0
0
0
0
0
0
0
0
0
0
0
0
0
0
0
0
0
0
0
0
0
0
0
0
0
0
0
0
0
0
0
0
0
0
0
0
0
0
0
0
0
0
0
0
0
0
0
0
0
0
0
