0
0
0
0
0
0
0
0
0
0
0
0
0
0
0
0
0
0
0
0
0
0
0
0
0
0
0
0
0
0
0
0
0
0
0
0
0
0
0
0
0
0
0
0
0
0
0
0
0
0
0
0
0
0
0
0
0
0
0
0
0
0
0
0
0
0
0
0
0
0
0
0
0
0
0
0
0
0
0
0
0
0
0
0
0
0
0
0
0
0
0
0
0
0
0
0
0
0
0
0
0
0
0
0
0
0
0
0
0.0705882
0.054902
0
0
0
0
0
0
0
0
0
0
0
0
0
0
0
0
0
0
0.470588
0.529412
0
0
0
0
0
0
0
0
0
0
0
0
0
0
0
0
0
0
0.411765
0.603922
0
0
0
0.172549
0.2
0
0
0
0
0
0
0
0
0
0
0
0
0
0.494118
0.839216
0
0
0
0.6
0.462745
0
0
0
0
0
0
0
0
0
0
0
0
0
0.580392
0.694118
0.00392157
0
0.027451
0.886275
0.113725
0
0
0
0
0
0
0
0
0
0
0
0
0.262745
0.490196
0.552941
0.0745098
0
0.239216
0.807843
0.321569
0
0
0
0
0
0
0
0
0
0
0
0
0.760784
0.172549
0.419608
0.168627
0
0.662745
0.141176
0.101961
0
0
0
0
0
0
0
0
0
0
0
0.235294
0.654902
0
0.2
0.356863
0.305882
0.505882
0.219608
0.262745
0
0
0
0
0
0
0
0
0
0
0.0941176
0.819608
0.188235
0
0.0470588
0.890196
0.658824
0
0.360784
0.427451
0
0
0
0
0
0
0
0
0
0
0.6
0.403922
0
0
0
0.145098
0.027451
0
0.223529
0.266667
0
0
0
0
0
0
0
0
0
0
0.0745098
0.0117647
0
0
0
0
0
0
0
0
0
0
0
0
0
0
0
0
0
0
0
0
0
0
0
0
0
0
0
0
0
0
0
0
0
0
0
0
0
0
0
0
0
0
0
0
0
0
0
0
0
0
0
0
0
0
0
0
0
0
0
0
0
0
0
0
0
0
0
0
0
0
0
0
0
0
0
0
0
0
0
0
0
0
0
0
0
0
0
0
0
0
0
0
0
