0
0
0
0
0
0
0
0
0
0
0
0
0
0
0
0
0
0
0
0
0
0
0
0
0
0
0
0
0
0
0
0
0
0
0
0
0
0
0
0
0
0
0
0
0
0
0
0
0
0
0
0
0
0
0
0
0
0
0
0
0
0
0
0
0
0
0
0
0
0
0
0
0
0
0
0
0
0
0
0
0
0
0
0
0
0
0
0
0
0
0
0
0
0
0
0
0
0
0
0
0
0
0
0
0
0
0
0
0
0
0
0
0
0
0
0
0
0
0
0
0
0
0
0
0
0
0
0
0
0
0
0
0
0
0
0
0
0
0
0
0
0
0
0
0
0
0
0
0
0.243137
0
0
0
0
0
0
0
0
0
0
0
0
0
0
0
0
0
0
0.0980392
0.992157
0.0784314
0
0
0.360784
0.12549
0
0
0
0
0
0
0
0
0
0
0
0
0
0.611765
0.713726
0.223529
0
0.305882
0.843137
0.627451
0
0
0
0
0
0
0
0
0
0
0
0
0
0.286275
0.407843
0.498039
0.0862745
0.807843
0.121569
0.541176
0.313726
0
0
0
0
0
0
0
0
0
0
0
0.423529
0.239216
0.105882
0.870588
0.737255
0.407843
0
0.0784314
0.870588
0.160784
0
0
0
0
0
0
0
0
0
0.129412
0.501961
0
0
0.419608
0.419608
0.00392157
0
0
0.294118
0.545098
0
0
0
0
0
0
0
0
0
0.592157
0.27451
0
0
0
0
0
0
0
0
0
0
0
0
0
0
0
0
0
0
0.878431
0.0352941
0
0
0
0
0
0
0
0
0
0
0
0
0
0
0
0
0
0
0.796078
0.0352941
0
0
0
0
0
0
0
0
0
0
0
0
0
0
0
0
0
0
0.141176
0
0
0
0
0
0
0
0
0
0
0
0
0
0
0
0
0
0
0
0
0
0
0
0
0
0
0
0
0
0
0
0
0
0
0
0
0
0
0
0
0
0
0
0
0
0
0
0
0
0
0
0
0
0
0
0
0
0
0
0
0
0
0
0
0
0
0
0
0
0
0
0
0
