0
0
0
0
0
0
0
0
0
0
0
0
0
0
0
0
0
0
0
0
0
0
0
0
0
0
0
0
0
0
0
0
0
0
0
0
0
0
0
0
0
0
0
0
0
0
0
0
0
0
0
0
0
0
0
0
0
0
0
0
0
0
0
0
0
0
0
0
0
0
0
0
0
0
0
0
0
0
0
0
0
0
0
0
0
0
0
0
0
0
0
0
0
0
0
0
0
0
0
0
0
0
0
0
0
0
0
0
0
0
0
0
0
0
0
0
0
0
0
0
0
0
0
0
0
0
0
0
0
0
0
0
0
0
0.239216
0
0
0
0
0
0
0
0
0
0
0
0
0
0.027451
0.156863
0
0
0
0.192157
0.886275
0
0
0
0
0
0
0
0
0
0
0
0
0
0.270588
0.760784
0
0
0
0.537255
0.819608
0
0
0
0
0
0
0
0
0
0
0
0
0
0.27451
0.956863
0.0392157
0
0.105882
0.866667
0.835294
0
0
0
0
0
0
0
0
0
0
0
0
0
0.278431
1
0.192157
0
0.619608
0.392157
0.835294
0
0
0
0
0
0
0
0
0
0
0
0
0
0.27451
0.87451
0.635294
0.301961
0.756863
0.00784314
0.709804
0
0
0
0
0
0
0
0
0
0
0
0
0
0.341176
0.552941
0.662745
0.933333
0.160784
0.00392157
0.847059
0
0
0
0
0
0
0
0
0
0
0
0
0
0.239216
0.423529
0.0627451
0.235294
0
0
0.878431
0
0
0
0
0
0
0
0
0
0
0
0
0
0.231373
0.580392
0
0
0
0
0.788235
0.113725
0
0
0
0
0
0
0
0
0
0
0
0
0.0784314
0.8
0
0
0
0
0.00392157
0
0
0
0
0
0
0
0
0
0
0
0
0
0.00784314
0.329412
0
0
0
0
0
0
0
0
0
0
0
0
0
0
0
0
0
0
0
0
0
0
0
0
0
0
0
0
0
0
0
0
0
0
0
0
0
0
0
0
0
0
0
0
0
0
0
0
0
0
0
0
0
0
0
0
0
0
0
0
0
0
0
0
0
0
0
0
0
0
