0
0
0
0
0
0
0
0
0
0
0
0
0
0
0
0
0
0
0
0
0
0
0
0
0
0
0
0
0
0
0
0
0
0
0
0
0
0
0
0
0
0
0
0
0
0
0
0
0
0
0
0
0
0
0
0
0
0
0
0
0
0
0
0
0
0
0
0
0
0
0
0
0
0
0
0
0
0
0
0
0
0
0
0
0
0
0
0
0
0
0
0
0
0
0
0
0
0
0
0
0
0
0
0
0
0
0
0
0.0705882
0.00392157
0
0
0
0
0
0
0
0
0
0
0
0
0
0
0
0
0
0
0.67451
0.368627
0
0
0.121569
0.00392157
0
0
0
0
0
0
0
0
0
0
0
0
0
0
0.678431
0.686275
0
0.0627451
0.909804
0.243137
0
0
0
0
0
0
0
0
0
0
0
0
0
0
0.666667
0.937255
0.0588235
0.733333
0.792157
0.466667
0
0
0
0
0
0
0
0
0
0
0
0
0
0
0.635294
0.827451
0.839216
0.52549
0.156863
0.447059
0
0
0
0
0
0
0
0
0
0
0
0
0
0
0.631373
0.254902
0.321569
0.0117647
0.054902
0.427451
0
0
0
0
0
0
0
0
0
0
0
0
0
0
0.266667
0.0392157
0
0
0
0.556863
0
0
0
0
0
0
0
0
0
0
0
0
0
0
0.635294
0.168627
0
0
0
0.541176
0.121569
0
0
0
0
0
0
0
0
0
0
0
0
0
0.513726
0.196078
0
0
0
0.345098
0.533333
0
0
0
0
0
0
0
0
0
0
0
0
0
0.513726
0.2
0
0
0
0.113725
0.811765
0
0
0
0
0
0
0
0
0
0
0
0
0
0.611765
0.278431
0
0
0
0
0.560784
0
0
0
0
0
0
0
0
0
0
0
0
0
0.564706
0.392157
0
0
0
0
0
0
0
0
0
0
0
0
0
0
0
0
0
0
0.054902
0.0705882
0
0
0
0
0
0
0
0
0
0
0
0
0
0
0
0
0
0
0
0
0
0
0
0
0
0
0
0
0
0
0
0
0
0
0
0
0
0
0
0
0
0
0
0
0
0
0
0
0
0
