0
0
0
0
0
0
0
0
0
0
0
0
0
0
0
0
0
0
0
0
0
0
0
0
0
0
0
0
0
0
0
0
0
0
0
0
0
0
0
0
0
0
0
0
0
0
0
0
0
0
0
0
0
0
0
0
0
0
0
0
0
0
0
0
0
0
0
0
0
0
0
0
0
0
0
0
0
0
0
0
0
0
0
0
0
0
0
0
0
0
0
0
0
0
0
0
0
0
0
0
0
0
0
0
0
0
0
0
0
0
0
0
0
0
0
0
0
0
0
0
0
0
0
0
0
0
0
0
0
0
0
0
0
0
0
0
0
0
0
0
0
0
0
0
0
0
0
0
0
0.00784314
0
0
0
0
0
0
0
0
0
0
0
0
0
0
0
0
0
0
0
0.580392
0.509804
0
0
0
0
0
0
0
0
0
0
0
0
0
0
0
0
0
0
0.705882
0.854902
0.0235294
0.431373
0.396078
0
0
0
0
0
0
0
0
0
0
0
0
0
0
0
0.890196
0.647059
0.490196
0.921569
0.376471
0
0
0
0
0
0
0
0
0
0
0
0
0
0
0
0.894118
0.121569
0.929412
0.533333
0.572549
0
0
0
0
0
0
0
0
0
0
0
0
0
0
0.00784314
0.894118
0
0.0431373
0.027451
0.756863
0.0117647
0
0
0
0
0
0
0
0
0
0
0
0
0
0
0.180392
0
0
0
0
0
0
0
0
0
0
0
0
0
0
0
0
0
0
0
0
0
0
0
0
0
0
0
0
0
0
0
0
0
0
0
0
0
0
0
0
0
0
0
0
0
0
0
0
0
0
0
0
0
0
0
0
0
0
0
0
0
0
0
0
0
0
0
0
0
0
0
0
0
0
0
0
0
0
0
0
0
0
0
0
0
0
0
0
0
0
0
0
0
0
0
0
0
0
0
0
0
0
0
0
0
0
0
0
0
0
0
0
0
0
0
0
0
0
0
0
0
0
0
0
0
0
0
0
0
0
