0
0
0
0
0
0
0
0
0
0
0
0
0
0
0
0
0
0
0
0
0
0
0
0
0
0
0
0
0
0
0
0
0
0
0
0
0
0
0
0
0
0
0
0
0
0
0
0
0
0
0
0
0
0
0
0
0
0
0
0
0
0
0
0
0
0
0
0
0
0
0
0
0
0
0
0
0
0
0
0
0
0
0
0
0
0
0
0
0
0
0
0
0
0
0
0
0
0
0
0
0
0
0
0
0
0
0
0
0
0.180392
0
0.0588235
0.494118
0
0
0
0
0
0
0
0
0
0
0
0
0
0
0
0
0.87451
0.00392157
0.223529
0.8
0
0
0
0
0
0
0
0
0
0
0
0
0
0
0
0.0901961
0.811765
0
0.290196
0.843137
0
0
0
0
0
0
0
0
0
0
0
0
0
0
0
0.305882
0.756863
0.278431
0.552941
0.541176
0
0
0
0
0
0
0
0
0
0
0
0
0
0
0
0.466667
0.823529
0.611765
0.627451
0.588235
0
0
0
0
0
0
0
0
0
0
0
0
0
0
0
0.247059
0.580392
0
0
0.298039
0
0
0
0
0
0
0
0
0
0
0
0
0
0
0
0.203922
0.4
0
0.0627451
0.792157
0.00392157
0
0
0
0
0
0
0
0
0
0
0
0
0
0
0.180392
0.423529
0
0.0117647
0.564706
0.027451
0
0
0
0
0
0
0
0
0
0
0
0
0
0
0.164706
0.439216
0
0
0.760784
0.0901961
0
0
0
0
0
0
0
0
0
0
0
0
0
0
0.278431
0.623529
0
0
0.737255
0.211765
0
0
0
0
0
0
0
0
0
0
0
0
0
0
0.101961
0.298039
0
0
0.156863
0.027451
0
0
0
0
0
0
0
0
0
0
0
0
0
0
0
0
0
0
0
0
0
0
0
0
0
0
0
0
0
0
0
0
0
0
0
0
0
0
0
0
0
0
0
0
0
0
0
0
0
0
0
0
0
0
0
0
0
0
0
0
0
0
0
0
0
0
0
0
0
0
0
0
0
0
0
0
0
0
0
0
0
0
0
0
0
0
