0
0
0
0
0
0
0
0
0
0
0
0
0
0
0
0
0
0
0
0
0
0
0
0
0
0
0
0
0
0
0
0
0
0
0
0
0
0
0
0
0
0
0
0
0
0
0
0
0
0
0
0
0
0
0
0
0
0
0
0
0
0
0
0
0
0
0
0
0
0
0
0
0
0
0
0
0
0
0
0
0
0
0
0
0
0
0
0
0
0
0
0
0.121569
0.0627451
0
0
0
0
0
0
0
0
0
0
0
0
0
0
0
0
0
0
0.533333
0.392157
0
0
0
0
0
0
0
0
0
0
0
0
0
0
0.0352941
0.568627
0
0
0.521569
0.407843
0
0
0
0
0
0
0
0
0
0
0
0
0
0
0.211765
0.87451
0
0
0.47451
0.376471
0
0
0
0
0
0
0
0
0
0
0
0
0
0
0.298039
0.858824
0
0
0.505882
0.403922
0
0
0
0
0
0
0
0
0
0
0
0
0
0
0.258824
0.835294
0.00784314
0.00392157
0.501961
0.32549
0
0
0
0
0
0
0
0
0
0
0
0
0
0
0.235294
0.976471
0.913725
0.835294
0.807843
0.435294
0
0
0
0
0
0
0
0
0
0
0
0
0
0
0.278431
0.854902
0.00784314
0.392157
0.635294
0.345098
0
0
0
0
0
0
0
0
0
0
0
0
0
0
0.254902
0.8
0
0
0.486275
0.419608
0
0
0
0
0
0
0
0
0
0
0
0
0
0
0.266667
0.823529
0
0
0.486275
0.419608
0
0
0
0
0
0
0
0
0
0
0
0
0
0
0.290196
0.862745
0
0
0.509804
0.407843
0
0
0
0
0
0
0
0
0
0
0
0
0
0
0.0313726
0.890196
0
0
0.498039
0.305882
0
0
0
0
0
0
0
0
0
0
0
0
0
0
0.00392157
0.360784
0
0
0
0
0
0
0
0
0
0
0
0
0
0
0
0
0
0
0
0
0
0
0
0
0
0
0
0
0
0
0
0
0
0
0
0
0
0
0
0
0
0
0
0
0
0
0
0
0
0
0
0
0
0
0
0
0
0
0
0
0
0
0
0
0
0
0
0
0
0
