0
0
0
0
0
0
0
0
0
0
0
0
0
0
0
0
0
0
0
0
0
0
0
0
0
0
0
0
0
0
0
0
0
0
0
0
0
0
0
0
0
0
0
0
0
0
0
0
0
0
0
0
0
0
0
0
0
0
0
0
0
0
0
0
0
0
0
0
0
0
0
0
0
0
0
0
0
0
0
0
0
0
0
0
0
0
0
0
0
0
0
0
0
0
0
0
0
0
0
0
0
0
0
0
0
0
0
0
0
0
0
0
0.0745098
0
0
0
0
0
0
0
0
0
0
0
0
0
0
0
0.00392157
0
0
0.0862745
0.819608
0
0
0
0
0
0
0
0
0
0
0
0
0
0
0
0.454902
0.388235
0
0.0784314
0.811765
0
0
0
0
0
0
0
0
0
0
0
0
0
0
0
0.435294
0.368627
0
0.0235294
0.658824
0
0
0
0
0
0
0
0
0
0
0
0
0
0
0
0.133333
0.105882
0
0.0117647
0.321569
0
0
0
0
0
0
0
0
0
0
0
0
0
0
0
0.266667
0.156863
0
0.0392157
0.964706
0.0392157
0
0
0
0
0
0
0
0
0
0
0
0
0
0
0.427451
0.431373
0.321569
0.301961
0.980392
0.141176
0
0
0
0
0
0
0
0
0
0
0
0
0
0
0.670588
0.67451
0.521569
0.458824
0.678431
0.239216
0
0
0
0
0
0
0
0
0
0
0
0
0
0
0.486275
0.294118
0
0
0.505882
0.305882
0
0
0
0
0
0
0
0
0
0
0
0
0
0
0.419608
0.32549
0
0
0.545098
0.345098
0
0
0
0
0
0
0
0
0
0
0
0
0
0
0.521569
0.380392
0
0
0.552941
0.396078
0
0
0
0
0
0
0
0
0
0
0
0
0
0
0.462745
0.286275
0
0
0.305882
0.254902
0
0
0
0
0
0
0
0
0
0
0
0
0
0
0
0
0
0
0
0
0
0
0
0
0
0
0
0
0
0
0
0
0
0
0
0
0
0
0
0
0
0
0
0
0
0
0
0
0
0
0
0
0
0
0
0
0
0
0
0
0
0
0
0
0
0
