0
0
0
0
0
0
0
0
0
0
0
0
0
0
0
0
0
0
0
0
0
0
0
0
0
0
0
0
0
0
0
0
0
0
0
0
0
0
0
0
0
0
0
0
0
0
0
0
0
0
0
0
0
0
0
0
0
0
0
0
0
0
0
0
0
0
0
0
0
0
0
0
0
0
0
0
0
0
0
0
0
0
0
0
0
0
0
0
0
0
0
0
0
0
0
0
0
0
0
0
0
0
0
0
0
0
0
0
0
0
0
0
0
0
0
0
0
0
0
0
0
0
0
0
0
0
0
0
0
0
0
0
0
0
0
0
0
0
0
0
0
0
0
0
0
0
0
0
0.203922
0.431373
0.0627451
0
0
0
0
0
0
0
0
0
0
0
0
0
0
0
0
0
0.666667
0.988235
0.862745
0.227451
0
0
0
0
0
0
0
0
0
0
0
0
0
0
0
0
0.647059
0.811765
0.376471
0.898039
0
0
0
0
0
0
0
0
0
0
0
0
0
0
0
0
0.619608
0.788235
0.6
0.776471
0
0
0
0
0
0
0
0
0
0
0
0
0
0
0
0
0.211765
0.937255
1
0.678431
0.243137
0
0
0
0
0
0
0
0
0
0
0
0
0
0
0
0
0.654902
0.933333
0.486275
0.819608
0.466667
0
0
0
0
0
0
0
0
0
0
0
0
0
0
0
0.176471
0.952941
0.027451
0.0666667
0.427451
0
0
0
0
0
0
0
0
0
0
0
0
0
0
0
0
0.501961
0.0352941
0
0
0
0
0
0
0
0
0
0
0
0
0
0
0
0
0
0
0
0
0
0
0
0
0
0
0
0
0
0
0
0
0
0
0
0
0
0
0
0
0
0
0
0
0
0
0
0
0
0
0
0
0
0
0
0
0
0
0
0
0
0
0
0
0
0
0
0
0
0
0
0
0
0
0
0
0
0
0
0
0
0
0
0
0
0
0
0
0
0
0
0
0
0
0
0
0
0
0
0
0
0
0
0
0
0
0
0
