0
0
0
0
0
0
0
0
0
0
0
0
0
0
0
0
0
0
0
0
0
0
0
0
0
0
0
0
0
0
0
0
0
0
0
0
0
0
0
0
0
0
0
0
0
0
0
0
0
0
0
0
0
0
0
0
0
0
0
0
0
0
0
0
0
0
0
0
0
0
0
0
0
0
0
0
0
0
0
0
0
0
0
0
0
0
0
0
0
0
0
0
0
0
0
0
0
0
0
0
0
0
0
0
0
0
0
0
0
0
0
0
0
0
0
0
0
0
0
0
0
0
0
0
0
0
0
0
0
0
0
0.27451
0.0901961
0
0
0
0
0
0
0
0
0
0
0
0
0
0
0
0
0.0235294
0.690196
0.866667
0.576471
0
0
0
0
0
0
0
0
0
0
0
0
0
0
0
0
0.32549
0.666667
0.278431
0.611765
0
0
0
0
0
0
0
0
0
0
0
0
0
0
0
0
0.32549
0.52549
0.556863
0.458824
0
0
0
0
0
0
0
0
0
0
0
0
0
0
0
0
0.352941
0.941176
0.741176
0.0313726
0
0
0
0
0
0
0
0
0
0
0
0
0
0
0
0
0.227451
0.811765
0.858824
0.47451
0.0470588
0
0
0
0
0
0
0
0
0
0
0
0
0
0
0
0.0313726
0.890196
0.0941176
0.490196
0.870588
0.380392
0
0
0
0
0
0
0
0
0
0
0
0
0
0
0
0.588235
0.462745
0
0.12549
0.733333
0
0
0
0
0
0
0
0
0
0
0
0
0
0
0
0.0784314
0.294118
0
0
0
0
0
0
0
0
0
0
0
0
0
0
0
0
0
0
0
0
0
0
0
0
0
0
0
0
0
0
0
0
0
0
0
0
0
0
0
0
0
0
0
0
0
0
0
0
0
0
0
0
0
0
0
0
0
0
0
0
0
0
0
0
0
0
0
0
0
0
0
0
0
0
0
0
0
0
0
0
0
0
0
0
0
0
0
0
0
0
0
0
0
0
0
0
0
0
0
0
0
0
0
0
0
0
0
0
