0
0
0
0
0
0
0
0
0
0
0
0
0
0
0
0
0
0
0
0
0
0
0
0
0
0
0
0
0
0
0
0
0
0
0
0
0
0
0
0
0
0
0
0
0
0
0
0
0
0
0
0
0
0
0
0
0
0
0
0
0
0
0
0
0
0
0
0
0
0
0
0
0
0
0
0
0
0
0
0
0
0
0
0
0
0
0
0
0
0
0
0
0
0
0
0
0
0
0
0
0
0
0
0
0
0
0
0
0
0
0
0
0
0
0
0
0
0
0
0
0
0
0
0
0
0
0
0
0
0.0980392
0.396078
0.509804
0.407843
0
0
0
0
0
0
0
0
0
0
0
0
0
0
0
0
0.380392
0.372549
0.278431
0.823529
0
0
0
0
0
0
0
0
0
0
0
0
0
0
0
0.592157
0.329412
0.337255
0.254902
0.690196
0
0
0
0
0
0
0
0
0
0
0
0
0
0
0
0.807843
0.207843
0.235294
0.67451
0.345098
0
0
0
0
0
0
0
0
0
0
0
0
0
0
0
0.803922
0.419608
0.858824
0.690196
0
0
0
0
0
0
0
0
0
0
0
0
0
0
0
0
0.627451
0.737255
0.937255
0.145098
0
0
0
0
0
0
0
0
0
0
0
0
0
0
0
0
0.262745
0.878431
0.705882
0.811765
0.466667
0.00784314
0
0
0
0
0
0
0
0
0
0
0
0
0
0
0
0.811765
0.47451
0.0392157
0.513726
0.886275
0.278431
0
0
0
0
0
0
0
0
0
0
0
0
0
0
0.509804
0.541176
0
0
0.172549
0.270588
0
0
0
0
0
0
0
0
0
0
0
0
0
0
0.0901961
0.156863
0
0
0
0
0
0
0
0
0
0
0
0
0
0
0
0
0
0
0
0
0
0
0
0
0
0
0
0
0
0
0
0
0
0
0
0
0
0
0
0
0
0
0
0
0
0
0
0
0
0
0
0
0
0
0
0
0
0
0
0
0
0
0
0
0
0
0
0
0
0
0
0
0
0
0
0
0
0
0
0
0
0
0
0
0
0
0
0
0
