0
0
0
0
0
0
0
0
0
0
0
0
0
0
0
0
0
0
0
0
0
0
0
0
0
0
0
0
0
0
0
0
0
0
0
0
0
0
0
0
0
0
0
0
0
0
0
0
0
0
0
0
0
0
0
0
0
0
0
0
0
0
0
0
0
0
0
0
0
0
0
0
0
0
0
0
0
0
0
0
0
0
0
0
0
0
0
0
0
0
0
0
0
0
0
0
0
0
0
0
0
0
0
0
0
0
0
0
0
0
0.00392157
0
0
0
0
0
0
0
0
0
0
0
0
0
0
0
0
0
0
0.105882
0.745098
0.572549
0.188235
0
0
0
0
0
0
0
0
0
0
0
0
0
0
0
0
0.145098
0.835294
0.52549
0.709804
0
0
0
0
0
0
0
0
0
0
0
0
0
0
0
0.0235294
0.752941
0.462745
0.00392157
0.878431
0.00784314
0
0
0
0
0
0
0
0
0
0
0
0
0
0
0.156863
0.807843
0.0313726
0
0.8
0.0784314
0
0
0
0
0
0
0
0
0
0
0
0
0
0
0.0705882
0.980392
0.12549
0
0.701961
0.176471
0
0
0
0
0
0
0
0
0
0
0
0
0
0
0.00784314
0.921569
0.054902
0.301961
0.870588
0.129412
0
0
0
0
0
0
0
0
0
0
0
0
0
0
0.0117647
0.956863
0.509804
1
0.737255
0.0588235
0
0
0
0
0
0
0
0
0
0
0
0
0
0
0
0.831373
0.164706
0.172549
0.501961
0.831373
0.568627
0.0392157
0
0
0
0
0
0
0
0
0
0
0
0
0
0.607843
0.247059
0
0
0.0235294
0.47451
0.831373
0.0470588
0
0
0
0
0
0
0
0
0
0
0
0
0.376471
0.486275
0
0
0
0
0.309804
0.0313726
0
0
0
0
0
0
0
0
0
0
0
0
0.223529
0.701961
0
0
0
0
0
0
0
0
0
0
0
0
0
0
0
0
0
0
0
0.00784314
0
0
0
0
0
0
0
0
0
0
0
0
0
0
0
0
0
0
0
0
0
0
0
0
0
0
0
0
0
0
0
0
0
0
0
0
0
0
0
0
0
0
0
0
0
0
0
0
0
