0
0
0
0
0
0
0
0
0
0
0
0
0
0
0
0
0
0
0
0
0
0
0
0
0
0
0
0
0
0
0
0
0
0
0
0
0
0
0
0
0
0
0
0
0
0
0
0
0
0
0
0
0
0
0
0
0
0
0
0
0
0
0
0
0
0
0
0
0
0
0
0
0
0
0
0
0
0
0
0
0
0
0
0
0
0
0
0
0
0
0
0
0
0
0
0
0
0
0
0
0
0
0
0
0
0
0
0
0
0
0
0
0
0
0
0
0
0
0
0
0
0
0
0
0
0
0
0
0
0
0
0
0
0
0
0
0
0
0
0
0
0
0
0
0
0
0
0
0
0.168627
0.631373
0.305882
0
0
0
0
0
0
0
0
0
0
0
0
0
0
0
0
0
0.509804
0.576471
0.819608
0.419608
0
0
0
0
0
0
0
0
0
0
0
0
0
0
0
0
0.509804
0.462745
0.854902
0.168627
0
0
0
0
0
0
0
0
0
0
0
0
0
0
0
0
0.533333
0.909804
0.505882
0
0
0
0
0
0
0
0
0
0
0
0
0
0
0
0
0
0.52549
0.843137
0.670588
0.0235294
0
0
0
0
0
0
0
0
0
0
0
0
0
0
0
0
0.490196
0.407843
0.490196
0.701961
0.0784314
0
0
0
0
0
0
0
0
0
0
0
0
0
0
0
0.494118
0.427451
0
0.360784
0.721569
0
0
0
0
0
0
0
0
0
0
0
0
0
0
0
0.403922
0.341176
0
0
0
0
0
0
0
0
0
0
0
0
0
0
0
0
0
0
0
0
0
0
0
0
0
0
0
0
0
0
0
0
0
0
0
0
0
0
0
0
0
0
0
0
0
0
0
0
0
0
0
0
0
0
0
0
0
0
0
0
0
0
0
0
0
0
0
0
0
0
0
0
0
0
0
0
0
0
0
0
0
0
0
0
0
0
0
0
0
0
0
0
0
0
0
0
0
0
0
0
0
0
0
0
0
0
0
0
0
