0
0
0
0
0
0
0
0
0
0
0
0
0
0
0
0
0
0
0
0
0
0
0
0
0
0
0
0
0
0
0
0
0
0
0
0
0
0
0
0
0
0
0
0
0
0
0
0
0
0
0
0
0
0
0
0
0
0
0
0
0
0
0
0
0
0
0
0
0
0
0
0
0
0
0
0
0
0
0
0
0
0
0
0
0
0
0
0
0
0
0
0
0
0
0
0
0
0
0
0
0
0
0
0
0
0
0
0
0
0
0
0
0
0
0
0
0
0
0
0
0
0
0
0
0
0
0
0
0
0
0
0
0
0
0
0
0
0
0
0
0
0
0
0
0
0
0
0
0.0235294
0.0117647
0.309804
0.388235
0
0
0
0
0
0
0
0
0
0
0
0
0
0
0
0
0.435294
0.858824
0.607843
0.607843
0.0862745
0
0
0
0
0
0
0
0
0
0
0
0
0
0
0
0.341176
0.658824
0
0.298039
0.431373
0
0
0
0
0
0
0
0
0
0
0
0
0
0
0
0.498039
0.635294
0.152941
0.670588
0.643137
0
0
0
0
0
0
0
0
0
0
0
0
0
0
0
0.52549
0.576471
0.854902
0.72549
0.0352941
0
0
0
0
0
0
0
0
0
0
0
0
0
0
0
0.505882
0.623529
0.164706
0.564706
0.701961
0.137255
0
0
0
0
0
0
0
0
0
0
0
0
0
0
0.270588
0.705882
0
0
0.329412
0.870588
0.180392
0
0
0
0
0
0
0
0
0
0
0
0
0
0.105882
0.796078
0
0
0
0.160784
0.0862745
0
0
0
0
0
0
0
0
0
0
0
0
0
0.0588235
0.623529
0
0
0
0
0
0
0
0
0
0
0
0
0
0
0
0
0
0
0
0
0
0
0
0
0
0
0
0
0
0
0
0
0
0
0
0
0
0
0
0
0
0
0
0
0
0
0
0
0
0
0
0
0
0
0
0
0
0
0
0
0
0
0
0
0
0
0
0
0
0
0
0
0
0
0
0
0
0
0
0
0
0
0
0
0
0
0
0
0
0
