0
0
0
0
0
0
0
0
0
0
0
0
0
0
0
0
0
0
0
0
0
0
0
0
0
0
0
0
0
0
0
0
0
0
0
0
0
0
0
0
0
0
0
0
0
0
0
0
0
0
0
0
0
0
0
0
0
0
0
0
0
0
0
0
0
0
0
0
0
0
0
0
0
0
0
0
0
0
0
0
0
0
0
0
0
0
0
0
0
0
0
0
0
0
0
0
0
0
0
0
0
0
0
0
0
0
0
0
0
0
0
0
0
0
0
0
0
0
0
0
0
0
0
0
0
0
0
0
0
0
0
0
0
0
0
0
0
0
0
0
0
0
0
0
0
0
0
0
0
0
0
0
0
0.00392157
0
0
0
0
0
0
0
0
0
0
0
0
0
0.243137
0.294118
0
0
0
0
0.654902
0.00392157
0
0
0
0
0
0
0
0
0
0
0
0
0.054902
0.0705882
0
0.0235294
0.0117647
0
0
0
0
0
0
0
0
0
0
0
0
0
0
0
0
0
0
0.533333
0.376471
0
0
0
0
0
0
0
0
0
0
0
0
0
0
0
0
0
0
0.156863
0.0862745
0
0
0
0
0
0
0
0
0
0
0
0
0
0
0
0
0.364706
0.458824
0.333333
0.470588
0.466667
0.333333
0
0
0
0
0
0
0
0
0
0
0
0
0
0
0.305882
0.392157
0.270588
0.403922
0.4
0.278431
0
0
0
0
0
0
0
0
0
0
0
0
0
0
0
0
0
0
0
0
0
0
0
0
0
0
0
0
0
0
0
0
0
0
0
0
0
0
0
0
0
0
0
0
0
0
0
0
0
0
0
0
0
0
0
0
0
0
0
0
0
0
0
0
0
0
0
0
0
0
0
0
0
0
0
0
0
0
0
0
0
0
0
0
0
0
0
0
0
0
0
0
0
0
0
0
0
0
0
0
0
0
0
0
0
0
0
0
0
0
0
0
0
0
0
0
0
0
0
0
0
0
0
0
0
0
