0
0
0
0
0
0
0
0
0
0
0
0
0
0
0
0
0
0
0
0
0
0
0
0
0
0
0
0
0
0
0
0
0
0
0
0
0
0
0
0
0
0
0
0
0
0
0
0
0
0
0
0
0
0
0
0
0
0
0
0
0
0
0
0
0
0
0
0
0
0
0
0
0
0
0
0
0
0
0
0
0
0
0
0
0
0
0
0
0
0
0
0
0
0
0
0
0
0
0
0
0
0
0
0
0
0
0
0
0
0
0
0
0
0
0
0
0
0
0
0
0
0
0
0
0
0
0
0.203922
0.176471
0
0
0
0
0
0.180392
0
0
0
0
0
0
0
0
0
0
0
0
0.341176
0.301961
0
0
0
0
0
0.478431
0
0
0
0
0
0
0
0
0
0
0
0
0
0
0
0.501961
0.121569
0
0
0
0
0
0
0
0
0
0
0
0
0
0
0
0
0
0
0.713726
0.113725
0
0
0
0
0
0
0
0
0
0
0
0
0
0
0
0
0
0
0.756863
0.156863
0
0
0
0
0
0
0
0
0
0
0
0
0
0
0
0
0
0
0.572549
0.0980392
0
0
0
0
0
0
0
0
0
0
0
0
0
0
0.0117647
0.278431
0.278431
0.266667
0.27451
0.164706
0.258824
0.286275
0.301961
0.0941176
0
0
0
0
0
0
0
0
0
0
0.0627451
0.611765
0.611765
0.6
0.607843
0.439216
0.592157
0.619608
0.643137
0.470588
0
0
0
0
0
0
0
0
0
0
0
0
0
0
0
0
0
0
0
0
0
0
0
0
0
0
0
0
0
0
0
0
0
0
0
0
0
0
0
0
0
0
0
0
0
0
0
0
0
0
0
0
0
0
0
0
0
0
0
0
0
0
0
0
0
0
0
0
0
0
0
0
0
0
0
0
0
0
0
0
0
0
0
0
0
0
0
0
0
0
0
0
0
0
0
0
0
0
0
0
0
0
0
0
0
0
0
0
0
0
0
0
0
0
0
0
0
0
0
0
0
0
0
0
