0
0
0
0
0
0
0
0
0
0
0
0
0
0
0
0
0
0
0
0
0
0
0
0
0
0
0
0
0
0
0
0
0
0
0
0
0
0
0
0
0
0
0
0
0
0
0
0
0
0
0
0
0
0
0
0
0
0
0
0
0
0
0
0
0
0
0
0
0
0
0
0
0
0
0
0
0
0
0
0
0
0
0
0
0
0
0
0
0
0
0
0
0
0
0
0
0
0
0
0
0
0
0
0
0
0
0
0
0
0
0
0
0
0
0
0
0
0
0
0
0
0
0
0
0
0
0
0
0
0
0
0
0
0
0
0
0
0
0
0
0
0
0
0
0
0
0
0
0
0
0
0
0
0
0
0
0
0
0
0
0
0
0
0
0
0
0
0
0.00392157
0.533333
0.00392157
0.47451
0.129412
0
0
0
0
0
0
0
0
0
0
0
0
0
0
0
0.247059
0.729412
0
0.780392
0.0862745
0
0
0
0
0
0
0
0
0
0
0
0
0
0
0
0.411765
0.596078
0.137255
0.87451
0.705882
0.137255
0
0
0
0
0
0
0
0
0
0
0
0
0
0
0.0941176
0.654902
0.737255
0.937255
0.32549
0.00392157
0
0
0
0
0
0
0
0
0
0
0
0
0
0
0
0
0
0.360784
0.00392157
0
0
0
0
0
0
0
0
0
0
0
0
0
0
0
0
0
0
0.654902
0.0980392
0
0
0
0
0
0
0
0
0
0
0
0
0
0
0
0
0
0
0.690196
0.243137
0
0
0
0
0
0
0
0
0
0
0
0
0
0
0
0
0
0
0.243137
0.196078
0
0
0
0
0
0
0
0
0
0
0
0
0
0
0
0
0
0
0
0
0
0
0
0
0
0
0
0
0
0
0
0
0
0
0
0
0
0
0
0
0
0
0
0
0
0
0
0
0
0
0
0
0
0
0
0
0
0
0
0
0
0
0
0
0
0
0
0
0
0
0
0
0
0
0
0
0
0
0
0
0
0
0
0
0
0
0
