0
0
0
0
0
0
0
0
0
0
0
0
0
0
0
0
0
0
0
0
0
0
0
0
0
0
0
0
0
0
0
0
0
0
0
0
0
0
0
0
0
0
0
0
0
0
0
0
0
0
0
0
0
0
0
0
0
0
0
0
0
0
0
0
0
0
0
0
0
0
0
0
0
0
0
0
0
0
0
0
0
0
0
0
0
0
0
0
0
0
0
0
0
0
0
0
0
0
0
0
0
0
0
0
0
0
0
0
0
0
0
0
0
0
0
0
0
0
0
0
0
0
0
0
0
0
0
0
0
0.258824
0.270588
0
0
0
0
0
0
0
0
0
0
0
0
0
0
0
0
0
0.235294
0.843137
0.164706
0
0
0
0
0
0
0
0
0
0
0
0
0
0
0
0
0
0.760784
0.168627
0
0
0
0
0
0
0
0
0
0
0
0
0
0
0
0
0
0
0.803922
0.137255
0.00784314
0.176471
0.133333
0
0
0
0
0
0
0
0
0
0
0
0
0
0
0
0.270588
0.658824
0.768627
0.92549
0.411765
0
0
0
0
0
0
0
0
0
0
0
0
0
0
0
0
0
0
0.635294
0.168627
0
0
0
0
0
0
0
0
0
0
0
0
0
0
0
0
0
0
0.501961
0.12549
0
0
0
0
0
0
0
0
0
0
0
0
0
0
0
0
0
0
0.537255
0.12549
0
0
0
0
0
0
0
0
0
0
0
0
0
0
0
0
0
0
0.337255
0.2
0
0
0
0
0
0
0
0
0
0
0
0
0
0
0
0
0
0
0.333333
0.431373
0
0
0
0
0
0
0
0
0
0
0
0
0
0
0
0
0
0
0
0
0
0
0
0
0
0
0
0
0
0
0
0
0
0
0
0
0
0
0
0
0
0
0
0
0
0
0
0
0
0
0
0
0
0
0
0
0
0
0
0
0
0
0
0
0
0
0
0
0
0
0
0
0
0
0
0
0
0
0
0
0
0
0
0
0
0
0
