0
0
0
0
0
0
0
0
0
0
0
0
0
0
0
0
0
0
0
0
0
0
0
0
0
0
0
0
0
0
0
0
0
0
0
0
0
0
0
0
0
0
0
0
0
0
0
0
0
0
0
0
0
0
0
0
0
0
0
0
0
0
0
0
0
0
0
0
0
0
0
0
0
0
0
0
0
0
0
0
0
0
0
0
0
0
0
0
0
0
0
0
0
0
0
0
0
0
0
0
0
0
0
0
0
0
0
0
0
0
0
0
0
0
0
0
0
0
0
0
0
0
0
0
0
0
0
0
0
0.0705882
0.054902
0
0
0
0
0
0
0
0
0
0
0
0
0
0
0
0
0
0
0.592157
0.345098
0
0
0
0
0
0
0
0
0
0
0
0
0
0
0
0
0
0.0705882
0.854902
0.0470588
0
0
0
0
0
0
0
0
0
0
0
0
0
0
0
0
0
0.580392
0.411765
0
0
0
0
0
0
0
0
0
0
0
0
0
0
0
0
0
0
0.803922
0.12549
0
0.176471
0.564706
0
0
0
0
0
0
0
0
0
0
0
0
0
0
0
0.423529
0.870588
0.839216
0.8
0.701961
0
0
0
0
0
0
0
0
0
0
0
0
0
0
0
0
0
0
0.470588
0.32549
0
0
0
0
0
0
0
0
0
0
0
0
0
0
0
0
0
0
0.670588
0.211765
0
0
0
0
0
0
0
0
0
0
0
0
0
0
0
0
0
0
0.694118
0.227451
0
0
0
0
0
0
0
0
0
0
0
0
0
0
0
0
0
0
0.2
0.0392157
0
0
0
0
0
0
0
0
0
0
0
0
0
0
0
0
0
0
0
0
0
0
0
0
0
0
0
0
0
0
0
0
0
0
0
0
0
0
0
0
0
0
0
0
0
0
0
0
0
0
0
0
0
0
0
0
0
0
0
0
0
0
0
0
0
0
0
0
0
0
0
0
0
0
0
0
0
0
0
0
0
0
0
0
0
0
0
