0
0
0
0
0
0
0
0
0
0
0
0
0
0
0
0
0
0
0
0
0
0
0
0
0
0
0
0
0
0
0
0
0
0
0
0
0
0
0
0
0
0
0
0
0
0
0
0
0
0
0
0
0
0
0
0
0
0
0
0
0
0
0
0
0
0
0
0
0.00784314
0.0117647
0
0
0
0
0
0
0
0
0
0
0
0
0
0
0
0
0
0.231373
0.894118
0.870588
0.898039
0.180392
0
0
0
0
0
0
0
0
0
0
0
0
0
0
0
0.701961
0.227451
0
0.247059
0.478431
0
0
0
0
0
0
0
0
0
0
0
0
0
0
0
0.403922
0.305882
0
0.309804
0.643137
0
0
0
0
0
0
0
0
0
0
0
0
0
0
0
0
0.694118
0.368627
0.290196
0.592157
0
0
0
0
0
0
0
0
0
0
0
0
0
0
0
0
0.0313726
0.662745
0.776471
0.494118
0
0
0
0
0
0
0
0
0
0
0
0
0
0
0
0
0
0.0313726
0.847059
0.858824
0.156863
0
0
0
0
0
0
0
0
0
0
0
0
0
0
0
0
0.00392157
0.478431
0.262745
0.866667
0.0784314
0
0
0
0
0
0
0
0
0
0
0
0
0
0
0
0.729412
0.0745098
0
0.419608
0.560784
0
0
0
0
0
0
0
0
0
0
0
0
0
0
0.286275
0.72549
0
0
0.027451
0.678431
0.0117647
0
0
0
0
0
0
0
0
0
0
0
0
0
0.407843
0.47451
0
0
0
0.376471
0.470588
0
0
0
0
0
0
0
0
0
0
0
0
0
0.411765
0.478431
0
0
0
0.160784
0.760784
0
0
0
0
0
0
0
0
0
0
0
0
0
0.4
0.776471
0.396078
0.466667
0.443137
0.623529
0.690196
0
0
0
0
0
0
0
0
0
0
0
0
0
0.027451
0.254902
0.329412
0.4
0.376471
0.321569
0.054902
0
0
0
0
0
0
0
0
0
0
0
0
0
0
0
0
0
0
0
0
0
0
0
0
0
0
0
0
0
0
0
0
0
0
0
0
0
0
0
0
0
0
0
0
0
0
0
0
0
0
0
0
0
0
0
0
0
0
0
0
0
0
0
0
0
