0
0
0
0
0
0
0
0
0
0
0
0
0
0
0
0
0
0
0
0
0
0
0
0
0
0
0
0
0
0
0
0
0
0
0
0
0
0
0
0
0
0
0
0
0
0
0
0
0
0
0
0
0
0
0
0
0
0
0
0
0
0
0
0
0
0
0
0
0
0
0
0
0
0
0
0
0
0
0
0
0
0
0
0
0
0
0
0
0
0
0
0
0
0
0
0
0
0
0
0
0
0
0
0
0
0
0
0
0
0.392157
0.894118
0.756863
0.235294
0
0
0
0
0
0
0
0
0
0
0
0
0
0
0
0
0.807843
0.133333
0.560784
0.498039
0
0
0
0
0
0
0
0
0
0
0
0
0
0
0
0
0.847059
0
0.639216
0.411765
0
0
0
0
0
0
0
0
0
0
0
0
0
0
0
0
0.72549
0.203922
0.898039
0.137255
0
0
0
0
0
0
0
0
0
0
0
0
0
0
0
0
0.341176
0.980392
0.368627
0
0
0
0
0
0
0
0
0
0
0
0
0
0
0
0
0.0352941
0.721569
0.909804
0.321569
0
0
0
0
0
0
0
0
0
0
0
0
0
0
0
0
0.560784
0.643137
0.0784314
0.827451
0.235294
0
0
0
0
0
0
0
0
0
0
0
0
0
0
0
0.843137
0.0705882
0
0.239216
0.796078
0.00392157
0
0
0
0
0
0
0
0
0
0
0
0
0
0
0.854902
0.0117647
0
0
0.729412
0.243137
0
0
0
0
0
0
0
0
0
0
0
0
0
0
0.890196
0.0784314
0
0.121569
0.807843
0.262745
0
0
0
0
0
0
0
0
0
0
0
0
0
0
0.478431
0.803922
0.756863
0.823529
0.423529
0
0
0
0
0
0
0
0
0
0
0
0
0
0
0
0
0.243137
0.164706
0
0
0
0
0
0
0
0
0
0
0
0
0
0
0
0
0
0
0
0
0
0
0
0
0
0
0
0
0
0
0
0
0
0
0
0
0
0
0
0
0
0
0
0
0
0
0
0
0
0
0
0
0
0
0
0
0
0
0
0
0
0
0
0
0
0
0
0
0
