0
0
0
0
0
0
0
0
0
0
0
0
0
0
0
0
0
0
0
0
0
0
0
0
0
0
0
0
0
0
0
0
0
0
0
0
0
0
0
0
0
0
0
0
0
0
0
0
0
0
0
0
0
0
0
0
0
0
0
0
0
0
0
0
0
0
0
0
0
0
0
0
0
0
0
0
0
0
0
0
0
0
0
0
0
0
0
0
0
0
0
0
0
0
0
0
0
0
0
0
0
0
0
0
0
0
0
0
0
0.0431373
0.470588
0.486275
0.933333
0.227451
0
0
0
0
0
0
0
0
0
0
0
0
0
0
0
0.67451
0.596078
0.0627451
0.435294
0.486275
0
0
0
0
0
0
0
0
0
0
0
0
0
0
0
0.858824
0.00392157
0
0.443137
0.458824
0
0
0
0
0
0
0
0
0
0
0
0
0
0
0
0.835294
0.145098
0.0352941
0.862745
0.211765
0
0
0
0
0
0
0
0
0
0
0
0
0
0
0
0.305882
0.764706
0.513726
0.596078
0
0
0
0
0
0
0
0
0
0
0
0
0
0
0
0
0
0.72549
0.819608
0.0470588
0
0
0
0
0
0
0
0
0
0
0
0
0
0
0
0
0.270588
0.839216
0.854902
0.0431373
0
0
0
0
0
0
0
0
0
0
0
0
0
0
0
0.156863
0.858824
0.133333
0.427451
0.505882
0
0
0
0
0
0
0
0
0
0
0
0
0
0
0
0.352941
0.556863
0
0.054902
0.878431
0
0
0
0
0
0
0
0
0
0
0
0
0
0
0
0.313726
0.607843
0
0.105882
0.862745
0
0
0
0
0
0
0
0
0
0
0
0
0
0
0
0.0313726
0.866667
0.560784
0.839216
0.392157
0
0
0
0
0
0
0
0
0
0
0
0
0
0
0
0
0.121569
0.360784
0.211765
0
0
0
0
0
0
0
0
0
0
0
0
0
0
0
0
0
0
0
0
0
0
0
0
0
0
0
0
0
0
0
0
0
0
0
0
0
0
0
0
0
0
0
0
0
0
0
0
0
0
0
0
0
0
0
0
0
0
0
0
0
0
0
0
0
0
0
0
