0
0
0
0
0
0
0
0
0
0
0
0
0
0
0
0
0
0
0
0
0
0
0
0
0
0
0
0
0
0
0
0
0
0
0
0
0
0
0
0
0
0
0
0
0
0
0
0
0
0
0
0
0
0
0
0
0
0
0
0
0
0
0
0
0
0
0
0
0
0
0
0
0
0
0
0
0
0
0
0
0
0
0
0
0
0
0
0
0
0
0
0
0
0
0
0
0
0
0
0
0
0
0
0
0
0
0
0
0
0.109804
0.768627
0.843137
0.690196
0.0980392
0
0
0
0
0
0
0
0
0
0
0
0
0
0
0
0.447059
0.537255
0.0901961
0.803922
0.207843
0
0
0
0
0
0
0
0
0
0
0
0
0
0
0
0.501961
0.439216
0
0.729412
0.2
0
0
0
0
0
0
0
0
0
0
0
0
0
0
0
0.141176
0.764706
0.105882
0.905882
0.0117647
0
0
0
0
0
0
0
0
0
0
0
0
0
0
0
0
0.439216
0.772549
0.447059
0
0
0
0
0
0
0
0
0
0
0
0
0
0
0
0
0
0.564706
0.992157
0.137255
0
0
0
0
0
0
0
0
0
0
0
0
0
0
0
0.0392157
0.607843
0.694118
0.266667
0.721569
0
0
0
0
0
0
0
0
0
0
0
0
0
0
0
0.619608
0.556863
0.0117647
0.00392157
0.886275
0.0862745
0
0
0
0
0
0
0
0
0
0
0
0
0
0
0.886275
0.0235294
0
0.0235294
0.87451
0.0392157
0
0
0
0
0
0
0
0
0
0
0
0
0
0
0.803922
0.223529
0.0352941
0.529412
0.607843
0
0
0
0
0
0
0
0
0
0
0
0
0
0
0
0.211765
0.854902
0.898039
0.635294
0.054902
0
0
0
0
0
0
0
0
0
0
0
0
0
0
0
0
0
0
0
0
0
0
0
0
0
0
0
0
0
0
0
0
0
0
0
0
0
0
0
0
0
0
0
0
0
0
0
0
0
0
0
0
0
0
0
0
0
0
0
0
0
0
0
0
0
0
0
0
0
0
0
0
0
0
0
0
0
0
0
0
0
0
0
0
0
0
0
