0
0
0
0
0
0
0
0
0
0
0
0
0
0
0
0
0
0
0
0
0
0
0
0
0
0
0
0
0
0
0
0
0
0
0
0
0
0
0
0
0
0
0
0
0
0
0
0
0
0
0
0
0
0
0
0
0
0
0
0
0
0
0
0
0
0
0
0
0
0
0
0
0
0
0
0
0
0
0
0
0
0
0
0
0
0
0
0
0
0
0
0
0
0
0
0
0
0
0
0
0
0
0
0
0
0
0
0
0
0.137255
0.364706
0.309804
0.0784314
0
0
0
0
0
0
0
0
0
0
0
0
0
0
0
0
0.556863
0.847059
0.756863
0.878431
0.207843
0
0
0
0
0
0
0
0
0
0
0
0
0
0
0
0.423529
0.509804
0
0.588235
0.341176
0
0
0
0
0
0
0
0
0
0
0
0
0
0
0
0.0901961
0.866667
0.0470588
0.811765
0.176471
0
0
0
0
0
0
0
0
0
0
0
0
0
0
0
0
0.568627
0.870588
0.607843
0
0
0
0
0
0
0
0
0
0
0
0
0
0
0
0
0.462745
0.878431
0.913725
0.00784314
0
0
0
0
0
0
0
0
0
0
0
0
0
0
0
0.462745
0.760784
0.0627451
0.768627
0.223529
0
0
0
0
0
0
0
0
0
0
0
0
0
0
0
0.890196
0.0588235
0
0.329412
0.698039
0
0
0
0
0
0
0
0
0
0
0
0
0
0
0
0.792157
0.141176
0
0
0.92549
0.0313726
0
0
0
0
0
0
0
0
0
0
0
0
0
0
0.364706
0.788235
0.47451
0.556863
0.847059
0.00784314
0
0
0
0
0
0
0
0
0
0
0
0
0
0
0
0.321569
0.407843
0.396078
0.0901961
0
0
0
0
0
0
0
0
0
0
0
0
0
0
0
0
0
0
0
0
0
0
0
0
0
0
0
0
0
0
0
0
0
0
0
0
0
0
0
0
0
0
0
0
0
0
0
0
0
0
0
0
0
0
0
0
0
0
0
0
0
0
0
0
0
0
0
0
0
0
0
0
0
0
0
0
0
0
0
0
0
0
0
0
0
0
0
