0
0
0
0
0
0
0
0
0
0
0
0
0
0
0
0
0
0
0
0
0
0
0
0
0
0
0
0
0
0
0
0
0
0
0
0
0
0
0
0
0
0
0
0
0
0
0
0
0
0
0
0
0
0
0
0
0
0
0
0
0
0
0
0
0
0
0
0
0
0
0
0
0
0
0
0
0
0
0
0
0
0
0
0
0
0
0
0
0
0
0
0
0
0
0
0
0
0
0
0
0
0
0
0
0
0
0
0
0
0
0
0
0
0
0
0
0
0
0
0
0
0
0
0
0
0
0
0
0
0
0
0
0
0
0
0
0
0
0
0
0
0
0
0
0
0
0
0
0
0.027451
0.0980392
0
0
0
0
0
0
0
0
0
0
0
0
0
0
0
0
0
0
0.309804
0.866667
0.690196
0.690196
0.407843
0
0
0
0
0
0
0
0
0
0
0
0
0
0
0
0.411765
0.737255
0.223529
0.47451
0.690196
0
0
0
0
0
0
0
0
0
0
0
0
0
0
0
0.32549
0.564706
0.462745
0.894118
0.239216
0
0
0
0
0
0
0
0
0
0
0
0
0
0
0
0.298039
0.960784
0.560784
0.0745098
0
0
0
0
0
0
0
0
0
0
0
0
0
0
0
0
0.294118
0.505882
0
0
0
0
0
0
0
0
0
0
0
0
0
0
0
0
0
0
0.294118
0.486275
0
0
0
0
0
0
0
0
0
0
0
0
0
0
0
0
0
0
0.294118
0.486275
0
0
0
0
0
0
0
0
0
0
0
0
0
0
0
0
0
0
0.329412
0.52549
0
0
0
0
0
0
0
0
0
0
0
0
0
0
0
0
0
0
0.396078
0.466667
0
0
0
0
0
0
0
0
0
0
0
0
0
0
0
0
0
0
0
0.00392157
0
0
0
0
0
0
0
0
0
0
0
0
0
0
0
0
0
0
0
0
0
0
0
0
0
0
0
0
0
0
0
0
0
0
0
0
0
0
0
0
0
0
0
0
0
0
0
0
0
