0
0
0
0
0
0
0
0
0
0
0
0
0
0
0
0
0
0
0
0
0
0
0
0
0
0
0
0
0
0
0
0
0
0
0
0
0
0
0
0
0
0
0
0
0
0
0
0
0
0
0
0
0
0
0
0
0
0
0
0
0
0
0
0
0
0
0
0
0
0
0
0
0
0
0
0
0
0
0
0
0
0
0
0
0
0
0
0
0
0
0
0
0
0
0
0
0
0
0
0
0
0
0
0
0
0
0
0
0
0
0
0
0
0
0
0
0
0
0
0
0
0
0
0
0
0
0
0
0
0
0
0
0
0
0
0
0
0
0
0
0
0
0
0
0
0
0
0
0
0.309804
0.478431
0.411765
0.52549
0.0705882
0
0
0
0
0
0
0
0
0
0
0
0
0
0
0
0.560784
0.933333
0.52549
0.580392
0.647059
0
0
0
0
0
0
0
0
0
0
0
0
0
0
0.0431373
0.972549
0.392157
0.0235294
0.498039
0.631373
0
0
0
0
0
0
0
0
0
0
0
0
0
0
0.145098
1
0.658824
0.713726
0.529412
0.0588235
0
0
0
0
0
0
0
0
0
0
0
0
0
0
0.145098
1
0.709804
0.180392
0
0
0
0
0
0
0
0
0
0
0
0
0
0
0
0
0.137255
1
0.372549
0
0
0
0
0
0
0
0
0
0
0
0
0
0
0
0
0
0.0470588
0.980392
0.392157
0
0
0
0
0
0
0
0
0
0
0
0
0
0
0
0
0
0.0588235
0.980392
0.411765
0
0
0
0
0
0
0
0
0
0
0
0
0
0
0
0
0
0
0.752941
0.403922
0
0
0
0
0
0
0
0
0
0
0
0
0
0
0
0
0
0
0.603922
0.423529
0
0
0
0
0
0
0
0
0
0
0
0
0
0
0
0
0
0
0.133333
0.105882
0
0
0
0
0
0
0
0
0
0
0
0
0
0
0
0
0
0
0
0
0
0
0
0
0
0
0
0
0
0
0
0
0
0
0
0
0
0
0
0
0
0
0
0
0
0
0
0
0
