0
0
0
0
0
0
0
0
0
0
0
0
0
0
0
0
0
0
0
0
0
0
0
0
0
0
0
0
0
0
0
0
0
0
0
0
0
0
0
0
0
0
0
0
0
0
0
0
0
0
0
0
0
0
0
0
0
0
0
0
0
0
0
0
0
0
0
0
0
0
0
0
0
0
0
0
0
0
0
0
0
0
0
0
0
0
0
0
0
0
0
0
0
0
0
0
0
0
0
0
0
0
0
0
0
0
0
0
0
0
0
0
0
0
0
0
0
0
0
0
0
0
0
0
0
0
0
0
0
0
0
0
0
0
0
0
0
0
0
0
0
0
0
0
0
0
0
0
0
0
0.168627
0.803922
0.894118
0.921569
0.27451
0
0
0
0
0
0
0
0
0
0
0
0
0
0
0.145098
0.878431
0.929412
0.0588235
0.427451
0.490196
0
0
0
0
0
0
0
0
0
0
0
0
0.00392157
0.701961
0.8
0.807843
0.803922
0.121569
0.788235
0.352941
0
0
0
0
0
0
0
0
0
0
0
0
0
0.27451
0.0117647
0.611765
0.992157
0.858824
0.403922
0.00392157
0
0
0
0
0
0
0
0
0
0
0
0
0
0
0
0.611765
0.921569
0.0627451
0
0
0
0
0
0
0
0
0
0
0
0
0
0
0
0
0
0.545098
0.87451
0
0
0
0
0
0
0
0
0
0
0
0
0
0
0
0
0
0
0.439216
0.819608
0
0
0
0
0
0
0
0
0
0
0
0
0
0
0
0
0
0
0.247059
0.878431
0
0
0
0
0
0
0
0
0
0
0
0
0
0
0
0
0
0
0.156863
0.745098
0
0
0
0
0
0
0
0
0
0
0
0
0
0
0
0
0
0
0
0.00392157
0
0
0
0
0
0
0
0
0
0
0
0
0
0
0
0
0
0
0
0
0
0
0
0
0
0
0
0
0
0
0
0
0
0
0
0
0
0
0
0
0
0
0
0
0
0
0
0
0
0
0
0
0
0
0
0
0
0
0
0
0
0
0
0
0
0
0
0
