0
0
0
0
0
0
0
0
0
0
0
0
0
0
0
0
0
0
0
0
0
0
0
0
0
0
0
0
0
0
0
0
0
0
0
0
0
0
0
0
0
0
0
0
0
0
0
0
0
0
0
0
0
0
0
0
0
0
0
0
0
0
0
0
0
0
0
0
0
0
0
0
0
0
0
0
0
0
0
0
0
0
0
0
0
0
0
0
0
0
0
0
0
0
0
0
0
0
0
0
0
0
0
0
0
0
0
0
0.0666667
0.352941
0.027451
0.0235294
0
0
0
0
0
0
0
0
0
0
0
0
0
0
0
0.258824
0.886275
0.501961
0.788235
0.890196
0.913725
0.494118
0.00784314
0
0
0
0
0
0
0
0
0
0
0
0.196078
0.847059
0.0784314
0
0
0
0.0666667
0.678431
0.509804
0
0
0
0
0
0
0
0
0
0
0
0.690196
0.294118
0
0
0
0
0
0.054902
0.866667
0.172549
0
0
0
0
0
0
0
0
0
0
0.835294
0.0627451
0
0
0
0
0
0
0.329412
0.611765
0
0
0
0
0
0
0
0
0
0
0.886275
0.0196078
0
0
0
0
0
0
0.0745098
0.756863
0
0
0
0
0
0
0
0
0
0
0.858824
0.0784314
0
0
0
0
0
0
0.101961
0.8
0
0
0
0
0
0
0
0
0
0
0.631373
0.341176
0
0
0
0
0
0
0.239216
0.690196
0
0
0
0
0
0
0
0
0
0
0.192157
0.854902
0.054902
0
0
0
0
0
0.607843
0.321569
0
0
0
0
0
0
0
0
0
0
0
0.376471
0.745098
0.145098
0
0
0
0.0588235
0.87451
0.0352941
0
0
0
0
0
0
0
0
0
0
0
0
0.286275
0.8
0.658824
0.341176
0.345098
0.686275
0.498039
0
0
0
0
0
0
0
0
0
0
0
0
0
0
0
0.262745
0.541176
0.545098
0.454902
0.00784314
0
0
0
0
0
0
0
0
0
0
0
0
0
0
0
0
0
0
0
0
0
0
0
0
0
0
0
0
0
0
0
0
0
0
0
0
0
0
0
0
0
0
0
0
0
0
0
0
0
0
0
0
0
0
0
0
0
0
0
0
0
0
0
0
0
