0
0
0
0
0
0
0
0
0
0
0
0
0
0
0
0
0
0
0
0
0
0
0
0
0
0
0
0
0
0
0
0
0
0
0
0
0
0
0
0
0
0
0
0
0
0
0
0
0
0
0
0
0
0
0
0
0
0
0
0
0
0
0
0
0
0
0
0
0
0
0
0
0
0
0
0
0
0
0
0
0
0
0
0
0
0
0
0
0
0
0
0
0
0
0
0
0
0
0
0
0
0
0
0
0
0
0
0
0
0
0
0
0
0
0
0
0
0
0
0
0
0
0
0
0
0
0
0
0.12549
0.835294
0.686275
0.27451
0.00392157
0
0
0
0
0
0
0
0
0
0
0
0
0
0
0
0.309804
0.333333
0.321569
0.67451
0.780392
0.12549
0
0
0
0
0
0
0
0
0
0
0
0
0
0.411765
0.858824
0.101961
0
0
0.333333
0.843137
0.0313726
0
0
0
0
0
0
0
0
0
0
0
0.0941176
0.890196
0.0588235
0
0
0
0
0.47451
0.372549
0
0
0
0
0
0
0
0
0
0
0
0.12549
0.72549
0
0
0
0
0
0.0980392
0.623529
0
0
0
0
0
0
0
0
0
0
0
0.0745098
0.733333
0
0
0
0
0
0
0.858824
0.00784314
0
0
0
0
0
0
0
0
0
0
0.00392157
0.733333
0.0627451
0
0
0
0
0
0.886275
0.0117647
0
0
0
0
0
0
0
0
0
0
0
0.592157
0.411765
0
0
0
0
0.0470588
0.898039
0
0
0
0
0
0
0
0
0
0
0
0
0.0901961
0.854902
0.309804
0.0117647
0.00784314
0.121569
0.67451
0.466667
0
0
0
0
0
0
0
0
0
0
0
0
0
0.105882
0.713726
0.878431
0.866667
0.792157
0.411765
0
0
0
0
0
0
0
0
0
0
0
0
0
0
0
0
0
0
0
0
0
0
0
0
0
0
0
0
0
0
0
0
0
0
0
0
0
0
0
0
0
0
0
0
0
0
0
0
0
0
0
0
0
0
0
0
0
0
0
0
0
0
0
0
0
0
0
0
0
0
0
0
0
0
0
0
0
0
0
0
0
0
0
0
0
0
