0
0
0
0
0
0
0
0
0
0
0
0
0
0
0
0
0
0
0
0
0
0
0
0
0
0
0
0
0
0
0
0
0
0
0
0
0
0
0
0
0
0
0
0
0
0
0
0
0
0
0
0
0
0
0
0
0
0
0
0
0
0
0
0
0
0
0
0
0
0
0
0
0
0
0
0
0
0
0
0
0
0
0
0
0
0
0
0
0
0
0
0
0
0
0
0
0
0
0
0
0
0
0
0
0
0
0
0
0
0
0
0
0.188235
0.737255
0.168627
0
0
0
0
0
0
0
0
0
0
0
0
0
0
0
0.054902
0.592157
0.764706
0.270588
0.0117647
0
0
0
0
0
0
0
0
0
0
0
0
0
0
0.0705882
0.835294
0.329412
0.00392157
0
0
0
0
0
0
0
0
0
0
0
0
0
0
0
0
0.627451
0.156863
0
0
0
0
0
0
0
0
0
0
0
0
0
0
0
0
0
0.188235
0.635294
0.160784
0.054902
0
0
0
0
0
0
0
0
0
0
0
0
0
0
0
0
0.352941
0.87451
0.776471
0.898039
0.262745
0
0
0
0
0
0
0
0
0
0
0
0
0
0
0
0.337255
0.537255
0
0.133333
0.890196
0.0470588
0
0
0
0
0
0
0
0
0
0
0
0
0
0
0.345098
0.545098
0
0
0.678431
0.262745
0
0
0
0
0
0
0
0
0
0
0
0
0
0
0.188235
0.792157
0.0117647
0.180392
0.858824
0.0784314
0
0
0
0
0
0
0
0
0
0
0
0
0
0
0
0.631373
0.894118
0.862745
0.180392
0
0
0
0
0
0
0
0
0
0
0
0
0
0
0
0
0
0.0745098
0.027451
0
0
0
0
0
0
0
0
0
0
0
0
0
0
0
0
0
0
0
0
0
0
0
0
0
0
0
0
0
0
0
0
0
0
0
0
0
0
0
0
0
0
0
0
0
0
0
0
0
0
0
0
0
0
0
0
0
0
0
0
0
0
0
0
0
0
0
0
0
0
0
0
0
0
0
0
0
0
0
0
0
0
0
0
0
0
0
0
