0
0
0
0
0
0
0
0
0
0
0
0
0
0
0
0
0
0
0
0
0
0
0
0
0
0
0
0
0
0
0
0
0
0
0
0
0
0
0
0
0
0
0
0
0
0
0
0
0
0
0
0
0
0
0
0
0
0
0
0
0
0
0
0
0
0
0
0
0
0
0
0
0
0
0
0
0
0
0
0
0
0
0
0
0
0
0
0
0
0
0
0
0
0
0
0
0
0
0
0
0
0
0
0
0
0
0
0
0
0
0
0
0
0
0
0
0
0
0
0
0
0
0
0
0
0
0
0
0
0.266667
0.223529
0
0
0
0
0
0
0
0
0
0
0
0
0
0
0
0
0
0
0.478431
0.411765
0
0
0
0
0
0
0
0
0
0
0
0
0
0
0
0
0
0
0.478431
0.411765
0
0
0
0
0
0
0
0
0
0
0
0
0
0
0
0
0
0
0.470588
0.403922
0
0
0
0
0
0
0
0
0
0
0
0
0
0
0
0
0
0
0.486275
0.960784
0.909804
0.227451
0
0
0
0
0
0
0
0
0
0
0
0
0
0
0
0
0.152941
0.929412
0.207843
0.87451
0.0666667
0
0
0
0
0
0
0
0
0
0
0
0
0
0
0
0
0.643137
0.545098
0.866667
0.113725
0
0
0
0
0
0
0
0
0
0
0
0
0
0
0
0
0.0627451
0.572549
0.376471
0
0
0
0
0
0
0
0
0
0
0
0
0
0
0
0
0
0
0
0
0
0
0
0
0
0
0
0
0
0
0
0
0
0
0
0
0
0
0
0
0
0
0
0
0
0
0
0
0
0
0
0
0
0
0
0
0
0
0
0
0
0
0
0
0
0
0
0
0
0
0
0
0
0
0
0
0
0
0
0
0
0
0
0
0
0
0
0
0
0
0
0
0
0
0
0
0
0
0
0
0
0
0
0
0
0
0
0
0
0
0
0
0
0
0
0
0
0
0
0
0
0
0
0
0
0
0
