0
0
0
0
0
0
0
0
0
0
0
0
0
0
0
0
0
0
0
0
0
0
0
0
0
0
0
0
0
0
0
0
0
0
0
0
0
0
0
0
0
0
0
0
0
0
0
0
0
0
0
0
0
0
0
0
0
0
0
0
0
0
0
0
0
0
0
0
0
0
0
0
0
0
0
0
0
0
0
0
0
0
0
0
0
0
0
0
0
0
0.0941176
0.392157
0
0
0
0
0
0
0
0
0
0
0
0
0
0
0
0
0
0.12549
0.847059
0.407843
0
0
0
0
0
0
0
0
0
0
0
0
0
0
0
0
0.00392157
0.733333
0.337255
0
0
0
0
0
0
0
0
0
0
0
0
0
0
0
0
0
0.254902
0.694118
0
0
0
0
0
0
0
0
0
0
0
0
0
0
0
0
0
0
0.564706
0.337255
0
0.219608
0.219608
0
0
0
0
0
0
0
0
0
0
0
0
0
0
0
0.607843
0.290196
0.627451
0.772549
0.792157
0.490196
0
0
0
0
0
0
0
0
0
0
0
0
0
0
0.537255
0.466667
0.533333
0.00392157
0.0392157
0.788235
0.266667
0
0
0
0
0
0
0
0
0
0
0
0
0
0.121569
0.6
0
0
0
0.239216
0.690196
0
0
0
0
0
0
0
0
0
0
0
0
0
0
0.647059
0.121569
0
0
0.101961
0.701961
0
0
0
0
0
0
0
0
0
0
0
0
0
0
0.207843
0.780392
0.00392157
0
0.286275
0.627451
0
0
0
0
0
0
0
0
0
0
0
0
0
0
0
0.670588
0.635294
0.501961
0.866667
0.235294
0
0
0
0
0
0
0
0
0
0
0
0
0
0
0
0.0313726
0.447059
0.388235
0.0901961
0
0
0
0
0
0
0
0
0
0
0
0
0
0
0
0
0
0
0
0
0
0
0
0
0
0
0
0
0
0
0
0
0
0
0
0
0
0
0
0
0
0
0
0
0
0
0
0
0
0
0
0
0
0
0
0
0
0
0
0
0
0
0
0
0
0
0
0
0
0
0
0
0
0
0
0
0
0
0
0
0
0
0
0
0
0
