0
0
0
0
0
0
0
0
0
0
0
0
0
0
0
0
0
0
0
0
0
0
0
0
0
0
0
0
0
0
0
0
0
0
0
0
0
0
0
0
0
0
0
0
0
0
0
0
0
0
0
0
0
0
0
0
0
0
0
0
0
0
0
0
0
0
0
0
0
0
0
0
0
0
0
0
0
0
0
0
0
0
0
0
0
0
0
0
0
0
0
0
0
0
0
0
0
0
0
0
0
0
0
0
0
0
0
0
0
0
0
0
0.0235294
0
0
0
0
0
0
0
0
0
0
0
0
0
0
0
0
0
0.00392157
0.454902
0.866667
0.00392157
0
0
0
0
0
0
0
0
0
0
0
0
0
0
0
0.054902
0.803922
0.278431
0.027451
0
0
0
0
0
0
0
0
0
0
0
0
0
0
0
0.141176
0.654902
0.376471
0
0
0
0
0
0
0
0
0
0
0
0
0
0
0
0
0.0745098
0.858824
0.611765
0.768627
0.756863
0.219608
0
0
0
0
0
0
0
0
0
0
0
0
0
0
0
0.729412
0.145098
0.054902
0.243137
0.839216
0.329412
0
0
0
0
0
0
0
0
0
0
0
0
0
0
0.839216
0
0
0
0.0941176
0.87451
0.027451
0
0
0
0
0
0
0
0
0
0
0
0
0
0.921569
0.00784314
0
0
0.00784314
0.87451
0.0784314
0
0
0
0
0
0
0
0
0
0
0
0
0
0.635294
0.529412
0
0
0.447059
0.635294
0
0
0
0
0
0
0
0
0
0
0
0
0
0
0.0431373
0.709804
0.647059
0.501961
0.8
0.0431373
0
0
0
0
0
0
0
0
0
0
0
0
0
0
0
0.0117647
0.388235
0.556863
0.0941176
0
0
0
0
0
0
0
0
0
0
0
0
0
0
0
0
0
0
0
0
0
0
0
0
0
0
0
0
0
0
0
0
0
0
0
0
0
0
0
0
0
0
0
0
0
0
0
0
0
0
0
0
0
0
0
0
0
0
0
0
0
0
0
0
0
0
0
0
0
0
0
0
0
0
0
0
0
0
0
0
0
0
0
0
0
0
0
