0
0
0
0
0
0
0
0
0
0
0
0
0
0
0
0
0
0
0
0
0
0
0
0
0
0
0
0
0
0
0
0
0
0
0
0
0
0
0
0
0
0
0
0
0
0
0
0
0
0
0
0
0
0
0
0
0
0
0
0
0
0
0
0
0
0
0
0
0
0
0
0
0
0.0352941
0
0
0
0
0
0
0
0
0
0
0
0
0
0
0
0
0
0.137255
0.596078
0.568627
0
0
0
0
0
0
0
0
0
0
0
0
0
0
0
0.0627451
0.647059
0.780392
0.32549
0
0
0
0
0
0
0
0
0
0
0
0
0
0
0
0
0.647059
0.52549
0.00392157
0
0
0
0
0
0
0
0
0
0
0
0
0
0
0
0
0.2
0.8
0.0117647
0
0
0
0
0
0
0
0
0
0
0
0
0
0
0
0
0
0.619608
0.356863
0
0
0
0
0
0
0
0
0
0
0
0
0
0
0
0
0
0
0.764706
0.172549
0.431373
0.392157
0.337255
0.337255
0.0352941
0
0
0
0
0
0
0
0
0
0
0
0
0.00392157
0.658824
0.505882
0.678431
0.521569
0.537255
0.654902
0.8
0.027451
0
0
0
0
0
0
0
0
0
0
0
0.054902
0.701961
0.054902
0.0235294
0
0
0
0.611765
0.388235
0
0
0
0
0
0
0
0
0
0
0
0.0784314
0.811765
0
0
0
0
0
0.321569
0.572549
0
0
0
0
0
0
0
0
0
0
0
0.0666667
0.843137
0
0
0
0
0
0.607843
0.345098
0
0
0
0
0
0
0
0
0
0
0
0
0.858824
0.105882
0
0
0
0.054902
0.866667
0.0352941
0
0
0
0
0
0
0
0
0
0
0
0
0.407843
0.698039
0.294118
0.270588
0.27451
0.780392
0.352941
0
0
0
0
0
0
0
0
0
0
0
0
0
0.00392157
0.380392
0.607843
0.603922
0.6
0.352941
0
0
0
0
0
0
0
0
0
0
0
0
0
0
0
0
0
0
0
0
0
0
0
0
0
0
0
0
0
0
0
0
0
0
0
0
0
0
0
0
0
0
0
0
0
0
0
0
0
0
0
0
0
0
0
0
0
0
0
0
0
0
0
0
0
0
