0
0
0
0
0
0
0
0
0
0
0
0
0
0
0
0
0
0
0
0
0
0
0
0
0
0
0
0
0
0
0
0
0
0
0
0
0
0
0
0
0
0
0
0
0
0
0
0
0
0
0
0
0
0
0
0
0
0
0
0
0
0
0
0
0
0
0
0
0
0
0
0
0
0
0
0
0
0
0
0
0
0
0
0
0
0
0
0
0
0
0
0
0
0
0
0
0
0
0
0
0
0
0
0
0
0
0
0
0.0352941
0
0
0
0
0
0
0
0
0
0
0
0
0
0
0
0
0
0
0.152941
0.870588
0.466667
0.576471
0.192157
0
0
0
0
0
0
0
0
0
0
0
0
0
0
0
0.768627
0.286275
0.0901961
0.380392
0.694118
0.541176
0.0627451
0
0
0
0
0
0
0
0
0
0
0
0
0.0470588
0.901961
0.00392157
0
0
0
0.168627
0.6
0.560784
0.160784
0
0
0
0
0
0
0
0
0
0
0.00392157
0.827451
0.164706
0
0
0
0
0
0.352941
0.839216
0
0
0
0
0
0
0
0
0
0
0.0117647
0.843137
0.0941176
0
0
0
0
0
0.352941
0.627451
0
0
0
0
0
0
0
0
0
0
0.329412
0.690196
0
0
0
0
0
0
0.388235
0.564706
0
0
0
0
0
0
0
0
0
0
0.501961
0.454902
0
0
0
0
0
0.101961
0.862745
0.235294
0
0
0
0
0
0
0
0
0
0
0.239216
0.862745
0.4
0.0196078
0
0
0
0.670588
0.419608
0
0
0
0
0
0
0
0
0
0
0
0
0.113725
0.666667
0.862745
0.737255
0.741176
0.854902
0.701961
0.00392157
0
0
0
0
0
0
0
0
0
0
0
0
0
0
0.0901961
0.733333
0.345098
0.101961
0
0
0
0
0
0
0
0
0
0
0
0
0
0
0
0
0
0.690196
0.223529
0
0
0
0
0
0
0
0
0
0
0
0
0
0
0
0
0
0
0.478431
0.133333
0
0
0
0
0
0
0
0
0
0
0
0
0
0
0
0
0
0
0
0
0
0
0
0
0
0
0
0
0
0
0
0
0
0
0
0
0
0
0
0
0
0
0
0
0
0
0
0
