0
0
0
0
0
0
0
0
0
0
0
0
0
0
0
0
0
0
0
0
0
0
0
0
0
0
0
0
0
0
0
0
0
0
0
0
0
0
0
0
0
0
0
0
0
0
0
0
0
0
0
0
0
0
0
0
0
0
0
0
0
0
0
0
0
0
0
0
0.0313726
0.0235294
0.188235
0.0117647
0
0
0
0
0
0
0
0
0
0
0
0
0
0
0
0.0862745
0.858824
0.341176
0.576471
0.835294
0.301961
0
0
0
0
0
0
0
0
0
0
0
0
0
0
0.545098
0.47451
0
0
0.203922
0.780392
0.556863
0
0
0
0
0
0
0
0
0
0
0
0
0
0.67451
0.278431
0
0
0
0.0196078
0.537255
0.458824
0
0
0
0
0
0
0
0
0
0
0
0
0.313726
0.647059
0
0
0
0
0.0588235
0.921569
0.00784314
0
0
0
0
0
0
0
0
0
0
0
0.227451
0.694118
0
0
0
0
0
0.690196
0.32549
0
0
0
0
0
0
0
0
0
0
0
0.219608
0.686275
0
0
0
0
0
0.168627
0.858824
0.0862745
0
0
0
0
0
0
0
0
0
0
0.435294
0.580392
0
0
0
0
0
0
0.466667
0.545098
0
0
0
0
0
0
0
0
0
0.0117647
0.854902
0.121569
0
0
0
0
0
0
0.447059
0.498039
0
0
0
0
0
0
0
0
0
0.141176
0.796078
0
0
0
0
0
0
0
0.592157
0.32549
0
0
0
0
0
0
0
0
0
0.0980392
0.87451
0.00784314
0
0
0
0
0
0
0.823529
0.101961
0
0
0
0
0
0
0
0
0
0
0.819608
0.207843
0
0
0
0
0
0.0980392
0.831373
0
0
0
0
0
0
0
0
0
0
0
0.262745
0.866667
0.909804
0.894118
0.823529
0.705882
0.666667
0.564706
0.737255
0
0
0
0
0
0
0
0
0
0
0
0
0
0
0.270588
0.243137
0.211765
0.301961
0.411765
0.223529
0
0
0
0
0
0
0
0
0
0
0
0
0
0
0.501961
0.427451
0
0
0
0
0
0
0
0
0
0
0
0
0
0
0
0
0
0
0.505882
0.423529
0
0
0
0
0
0
0
0
0
0
0
0
0
0
0
0
0
0
0.556863
0.360784
0
0
0
0
0
0
0
0
