0
0
0
0
0
0
0
0
0
0
0
0
0
0
0
0
0
0
0
0
0
0
0
0
0
0
0
0
0
0
0
0
0
0
0
0
0
0
0
0
0
0
0
0
0
0
0
0
0
0
0
0
0
0
0
0
0
0
0
0
0
0
0
0
0
0
0
0
0.0666667
0.168627
0.0392157
0
0
0
0
0
0
0
0
0
0
0
0
0
0
0
0
0.0392157
0.929412
0.776471
0.909804
0.305882
0
0
0
0
0
0
0
0
0
0
0
0
0
0
0
0.541176
0.643137
0
0.145098
0.776471
0.823529
0.603922
0.364706
0.176471
0.0117647
0
0
0
0
0
0
0
0
0
0.501961
0.690196
0.0392157
0
0
0
0.105882
0.298039
0.486275
0.670588
0.854902
0.243137
0
0
0
0
0
0
0
0.431373
0.788235
0.027451
0
0
0
0
0
0
0
0
0.188235
0.92549
0.0588235
0
0
0
0
0
0
0.811765
0.176471
0
0
0
0
0
0
0
0
0
0.211765
0.792157
0.00784314
0
0
0
0
0
0
0.337255
0.858824
0.0705882
0
0
0
0
0
0
0
0.0235294
0.839216
0.301961
0
0
0
0
0
0
0
0
0.827451
0.141176
0
0
0
0
0
0
0
0.101961
0.835294
0
0
0
0
0
0
0
0
0.545098
0.670588
0.00392157
0
0
0
0
0
0
0
0.027451
0.92549
0.0117647
0
0
0
0
0
0
0.0352941
0.92549
0.0392157
0
0.321569
0.290196
0
0
0
0
0
0
0.866667
0.0784314
0
0
0
0
0
0
0.0705882
0.898039
0.298039
0.466667
0.878431
0.870588
0.270588
0
0.196078
0.803922
0.811765
0.807843
0.737255
0
0
0
0
0
0
0
0
0.447059
0.556863
0.494118
0.137255
0.356863
0.980392
0.839216
0.976471
0.443137
0.0784314
0.0627451
0.0313726
0
0
0
0
0
0
0
0
0
0
0
0
0.627451
0.403922
0.0980392
0.796078
0.192157
0
0
0
0
0
0
0
0
0
0
0
0
0
0
0.0470588
0.909804
0.0588235
0
0.870588
0.0313726
0
0
0
0
0
0
0
0
0
0
0
0
0
0
0.0431373
0.329412
0
0
0.0352941
0
0
0
0
0
0
0
0
0
0
0
0
0
0
0
0
0
0
0
0
0
0
0
0
0
0
0
0
0
0
0
0
0
0
0
0
0
0
0
0
0
0
0
0
0
0
0
