0
0
0
0
0
0
0
0
0
0
0
0
0
0
0
0
0
0
0
0
0
0
0
0
0
0
0
0
0
0
0
0
0
0
0
0
0
0
0
0
0
0
0
0
0
0
0
0
0
0
0
0
0
0
0
0
0
0
0
0
0
0
0
0
0
0
0
0
0
0
0
0
0
0
0
0
0
0
0
0
0
0
0
0
0
0
0.027451
0.0784314
0.0941176
0.286275
0.443137
0.721569
0.823529
0.666667
0.305882
0
0
0
0
0
0
0
0
0
0
0.298039
0.901961
0.811765
0.827451
0.733333
0.494118
0.231373
0.0941176
0.247059
0.454902
0.756863
0.219608
0
0
0
0
0
0
0
0.309804
0.831373
0.176471
0
0
0
0
0
0
0
0
0.290196
0.752941
0
0
0
0
0
0
0
0.686275
0.305882
0
0
0
0
0
0
0
0
0
0.4
0.552941
0
0
0
0
0
0
0
0.341176
0.741176
0
0
0
0
0
0
0
0
0.00784314
0.92549
0.388235
0
0
0
0
0
0
0
0
0.866667
0.0588235
0
0
0
0
0
0
0
0
0.227451
0.741176
0.403922
0.00392157
0
0
0
0
0
0.247059
0.921569
0.0745098
0
0
0
0
0
0
0
0
0
0.0313726
0.666667
0.545098
0
0
0
0
0.145098
0.898039
0.290196
0
0
0
0
0
0
0
0
0
0
0
0.00784314
0.898039
0.00784314
0
0
0
0.505882
0.470588
0
0
0
0
0
0
0
0
0
0
0
0
0.00392157
0.921569
0.00784314
0
0
0
0.545098
0.454902
0
0
0
0.141176
0.168627
0
0
0
0
0
0
0
0.105882
0.839216
0
0
0
0
0.105882
0.898039
0.603922
0.498039
0.607843
0.862745
0.898039
0.0431373
0
0
0
0.203922
0.639216
0.6
0.792157
0.490196
0
0
0
0
0
0.0705882
0.305882
0.372549
0.301961
0.054902
0.564706
0.729412
0.0941176
0.00392157
0.262745
0.862745
0.372549
0.266667
0.203922
0.00392157
0
0
0
0
0
0
0
0
0
0
0.509804
0.796078
0.847059
0.909804
0.768627
0.160784
0
0
0
0
0
0
0
0
0
0
0
0
0
0
0.411765
0.478431
0
0
0
0
0
0
0
0
0
0
0
0
0
0
0
0
0
0
0.423529
0.494118
0
0
0
0
0
0
0
0
0
0
0
0
0
0
0
0
0
0
0.262745
0.47451
0
0
0
0
0
0
0
0
0
