0
0
0
0
0
0
0
0
0
0
0
0
0
0
0
0
0
0
0
0
0
0
0
0
0
0
0
0
0
0
0
0
0
0
0
0
0
0
0
0
0
0
0
0
0
0
0
0
0
0
0
0
0
0
0
0
0
0
0
0
0
0
0
0
0
0
0
0
0
0
0
0
0
0
0
0
0
0
0
0
0
0
0
0
0
0.0862745
0.392157
0.403922
0.341176
0.180392
0
0
0
0
0
0
0
0
0
0
0
0
0
0
0.0745098
0.866667
0.545098
0.470588
0.686275
0.890196
0.709804
0.258824
0.0117647
0
0
0
0
0
0
0
0
0
0
0
0.313726
0.603922
0
0
0
0.00392157
0.286275
0.694118
0.866667
0.580392
0.258824
0.00392157
0
0
0
0
0
0
0
0
0.239216
0.835294
0.129412
0
0
0
0
0
0.133333
0.360784
0.568627
0.733333
0.196078
0
0
0
0
0
0
0
0
0.286275
0.603922
0.294118
0
0
0
0
0
0
0
0.305882
0.686275
0
0
0
0
0
0
0
0
0
0.121569
0.772549
0.423529
0
0
0
0
0
0
0.235294
0.631373
0
0
0
0
0
0
0
0
0
0
0.607843
0.439216
0
0
0
0
0
0
0.439216
0.435294
0
0
0
0
0
0
0
0
0
0.196078
0.831373
0.0196078
0
0
0
0
0.0470588
0.262745
0.886275
0.133333
0
0
0
0
0
0
0
0
0
0.533333
0.407843
0
0
0
0
0
0.513726
0.607843
0.176471
0
0
0
0
0
0
0
0
0
0
0.545098
0.345098
0
0
0
0
0
0
0.12549
0.533333
0
0
0
0
0
0
0
0
0
0
0.447059
0.647059
0.0627451
0
0
0
0
0
0
0.501961
0.223529
0
0
0
0
0
0
0
0
0
0.0235294
0.521569
0.847059
0.627451
0.556863
0.611765
0.6
0.623529
0.776471
0.901961
0.392157
0
0
0
0
0
0
0
0
0
0
0
0.0431373
0.643137
0.627451
0.956863
0.27451
0.290196
0.188235
0.0666667
0
0
0
0
0
0
0
0
0
0
0
0
0
0.686275
0.368627
0.835294
0
0
0
0
0
0
0
0
0
0
0
0
0
0
0
0
0
0.819608
0.235294
0.745098
0
0
0
0
0
0
0
0
0
0
0
0
0
0
0
0
0
0.890196
0.152941
0.67451
0
0
0
0
0
0
0
0
