0
0
0
0
0
0
0
0
0
0
0
0
0
0
0
0
0
0
0
0
0
0
0
0
0
0
0
0
0
0
0
0
0
0
0
0
0
0
0
0
0
0
0
0
0
0.0784314
0.541176
0.8
0.635294
0.756863
0.545098
0.737255
0.356863
0
0
0
0
0
0
0
0
0
0
0
0
0.733333
0.498039
0.121569
0.0941176
0.411765
0.0705882
0.0745098
0.72549
0.203922
0
0
0
0
0
0
0
0
0
0
0
0.890196
0
0
0
0
0
0
0.0862745
0.705882
0.109804
0
0
0
0
0
0
0
0
0
0
0.592157
0.109804
0
0
0
0
0
0
0.329412
0.839216
0.105882
0
0
0
0
0
0
0
0
0
0.298039
0.796078
0
0
0
0
0
0
0
0.376471
0.776471
0.027451
0
0
0
0
0
0
0
0
0
0.854902
0.0705882
0
0
0
0
0
0
0
0.301961
0.498039
0
0
0
0
0
0
0
0
0
0.854902
0.0784314
0
0
0
0
0
0
0
0.00784314
0.933333
0.0117647
0
0
0
0
0
0
0
0.109804
0.854902
0
0
0
0
0
0
0
0
0.0235294
0.866667
0
0
0
0
0
0
0
0
0.560784
0.486275
0
0
0
0
0
0
0
0
0.0470588
0.439216
0
0
0
0
0
0
0
0.0862745
0.835294
0.054902
0
0
0
0
0
0
0
0
0.196078
0.466667
0
0
0
0
0
0
0
0.290196
0.631373
0
0
0
0
0
0
0
0
0
0.223529
0.392157
0
0
0
0
0
0
0
0.258824
0.764706
0.0431373
0
0
0
0
0
0
0
0
0.298039
0.462745
0
0
0
0
0
0
0
0.00392157
0.486275
0.870588
0.513726
0.329412
0.00784314
0
0
0
0
0
0.627451
0.356863
0
0
0
0
0
0
0
0
0
0.0941176
0.423529
0.764706
0.941176
0.521569
0.337255
0.0196078
0.243137
0.760784
0.741176
0.0431373
0
0
0
0
0
0
0
0
0
0
0
0.0196078
0.721569
0.580392
0.768627
0.901961
0.878431
0.207843
0
0
0
0
0
0
0
0
0
0
0
0
0
0
0.670588
0.203922
0.658824
0.313726
0.054902
0
0
0
0
0
0
0
0
0
0
0
0
0
0
0
0.647059
0.301961
0.611765
0.278431
0
0
0
0
0
0
0
0
0
0
0
0
0
0
0
0
0.513726
0.431373
0.607843
0.27451
0
0
0
0
0
0
0
