0
0
0
0
0
0
0
0
0
0
0
0
0
0
0
0
0
0
0
0
0
0
0
0
0
0
0
0
0
0
0
0
0
0
0
0
0
0
0
0
0
0
0
0
0
0
0
0
0
0
0
0
0
0
0
0
0
0
0
0
0
0
0
0
0
0
0
0
0
0.0705882
0.12549
0.054902
0.00784314
0
0
0
0
0
0
0
0
0
0
0
0
0
0.121569
0.827451
0.858824
0.905882
0.72549
0.819608
0.866667
0.858824
0.603922
0.141176
0
0
0
0
0
0
0
0
0
0.0235294
0.678431
0.290196
0.145098
0.219608
0
0
0
0.0352941
0.345098
0.87451
0.364706
0
0
0
0
0
0
0
0
0.305882
0.52549
0
0
0
0
0
0
0
0
0.0941176
0.780392
0.278431
0
0
0
0
0
0
0.0313726
0.752941
0.054902
0
0
0
0
0
0
0
0
0
0.2
0.745098
0
0
0
0
0
0
0.266667
0.643137
0
0
0
0
0
0
0
0
0
0
0.0196078
0.811765
0
0
0
0
0
0
0.294118
0.607843
0
0
0
0
0
0
0
0
0
0
0.0313726
0.870588
0
0
0
0
0
0
0.337255
0.537255
0
0
0
0
0
0
0
0
0
0
0.301961
0.603922
0
0
0
0
0
0
0.231373
0.576471
0
0
0
0
0
0
0
0
0
0.101961
0.858824
0.196078
0
0
0
0
0
0
0.0470588
0.866667
0.054902
0
0
0
0
0
0
0
0.172549
0.827451
0.341176
0
0
0
0
0
0
0
0
0.419608
0.788235
0.219608
0.00392157
0
0
0
0
0.431373
0.835294
0.247059
0
0
0
0
0
0
0
0
0
0
0.286275
0.788235
0.839216
0.643137
0.611765
0.690196
0.854902
0.407843
0.054902
0
0
0
0
0
0
0
0
0
0
0
0
0
0.156863
0.843137
0.278431
0.862745
0.0901961
0
0
0
0
0
0
0
0
0
0
0
0
0
0
0
0.105882
0.803922
0
0.823529
0.0980392
0
0
0
0
0
0
0
0
0
0
0
0
0
0
0
0.447059
0.588235
0
0.631373
0.498039
0
0
0
0
0
0
0
0
0
0
0
0
0
0
0.156863
0.890196
0.101961
0
0.054902
0.780392
0.501961
0
0
0
0
0
0
0
0
0
0
0
0
0
0.133333
0.243137
0
0
0
0.0117647
0.00784314
0
0
0
0
0
0
