0
0
0
0
0
0
0
0
0
0
0
0
0
0
0
0
0
0
0
0
0
0
0
0
0
0
0
0
0
0
0
0
0
0
0
0
0
0
0
0
0
0
0
0
0
0
0
0
0
0
0
0
0
0
0
0
0
0
0
0
0
0
0
0
0
0
0
0
0
0
0
0
0
0
0
0
0
0
0
0
0
0
0
0
0
0
0
0
0
0
0
0
0
0
0
0
0
0
0
0
0
0
0
0
0
0
0
0.0235294
0.537255
0.831373
0.219608
0
0
0
0
0
0
0
0
0
0
0
0
0
0
0
0.0392157
0.541176
0.490196
0.164706
0.713726
0.580392
0.321569
0.0196078
0
0
0
0
0
0
0
0
0
0
0
0
0.376471
0.407843
0
0
0.227451
0.364706
0.564706
0.839216
0.603922
0.0941176
0
0
0
0
0
0
0
0
0
0
0.737255
0.309804
0
0
0
0
0
0.0235294
0.290196
0.858824
0.435294
0
0
0
0
0
0
0
0
0
0.321569
0.631373
0
0
0
0
0
0
0
0.0705882
0.937255
0.027451
0
0
0
0
0
0
0
0
0.0352941
0.835294
0
0
0
0
0
0
0
0.0745098
0.847059
0
0
0
0
0
0
0
0
0
0
0.741176
0.0352941
0
0
0
0
0
0.00392157
0.603922
0.560784
0
0
0
0
0
0
0
0
0
0
0.533333
0.247059
0
0
0
0
0
0.356863
0.733333
0.0431373
0
0
0
0
0
0
0
0
0
0.309804
0.898039
0.235294
0
0
0
0
0.298039
0.878431
0.12549
0
0
0
0
0
0
0
0
0
0
0.909804
0.423529
0.027451
0
0
0
0.192157
0.870588
0.152941
0
0
0
0
0
0
0
0
0
0
0
0.168627
0.505882
0.854902
0.556863
0.623529
0.713726
0.87451
0.298039
0
0
0
0
0
0
0
0
0
0
0
0
0
0
0.219608
0.521569
0.898039
0.223529
0.0705882
0
0
0
0
0
0
0
0
0
0
0
0
0
0
0
0
0
0.909804
0.0117647
0
0
0
0
0
0
0
0
0
0
0
0
0
0
0
0
0
0
0.486275
0.0117647
0
0
0
0
0
0
0
0
0
0
0
0
0
0
0
0
0
0
0
0
0
0
0
0
0
0
0
0
