0
0
0
0
0
0
0
0
0
0
0
0
0
0
0
0
0
0
0
0
0
0
0
0
0
0
0
0
0
0
0
0
0
0
0
0
0
0
0
0
0
0
0
0
0
0
0
0
0
0
0
0
0
0
0
0
0
0
0
0
0
0
0
0
0
0
0
0
0
0
0
0
0
0
0
0
0
0
0
0
0
0
0
0
0
0.0980392
0.478431
0.486275
0.360784
0
0
0
0
0
0
0
0
0
0
0
0
0
0
0
0.0392157
0.858824
0.470588
0.419608
0.301961
0.435294
0.890196
0.886275
0.752941
0.372549
0.0392157
0
0
0
0
0
0
0
0
0
0.0862745
0.823529
0
0
0
0.00392157
0.0235294
0.0196078
0.160784
0.643137
0.827451
0.360784
0.0117647
0
0
0
0
0
0
0
0.00784314
0.878431
0.219608
0
0
0
0
0
0
0
0.2
0.654902
0.772549
0.0588235
0
0
0
0
0
0
0
0.207843
0.87451
0.227451
0
0
0
0
0
0
0
0
0.454902
0.796078
0.0313726
0
0
0
0
0
0
0.0352941
0.827451
0.101961
0
0
0
0
0
0
0
0
0
0.831373
0.145098
0
0
0
0
0
0
0.678431
0.498039
0
0
0
0
0
0
0
0
0
0.219608
0.780392
0.00392157
0
0
0
0
0
0.262745
0.780392
0.00392157
0
0
0
0
0
0
0
0
0.0705882
0.807843
0.305882
0
0
0
0
0
0
0.364706
0.568627
0
0
0
0
0
0
0
0
0.113725
0.835294
0.392157
0
0
0
0
0
0
0
0.270588
0.827451
0.243137
0
0
0
0
0
0
0.0941176
0.772549
0.439216
0
0
0
0
0
0
0
0
0
0.278431
0.811765
0.443137
0.172549
0.223529
0.176471
0.0352941
0.258824
0.839216
0.372549
0
0
0
0
0
0
0
0
0
0
0
0.0705882
0.572549
0.756863
0.831373
0.988235
0.960784
0.8
0.223529
0
0
0
0
0
0
0
0
0
0
0
0
0
0
0
0.529412
0.988235
0.290196
0
0
0
0
0
0
0
0
0
0
0
0
0
0
0
0
0
0.737255
0.792157
0.227451
0
0
0
0
0
0
0
0
0
0
0
0
0
0
0
0
0
0.313726
0.0196078
0
0
0
0
0
0
0
0
0
0
0
0
0
0
0
0
0
0
0
0
0
0
0
0
0
0
0
0
0
