0
0
0
0
0
0
0
0
0
0
0
0
0
0
0
0
0
0
0
0
0
0
0
0
0
0
0
0
0
0
0
0
0
0
0
0
0
0
0
0
0
0
0
0
0
0
0
0
0
0
0
0
0
0
0
0
0
0
0
0
0
0
0
0
0
0
0
0
0
0
0.0235294
0.141176
0.0588235
0
0
0
0
0
0
0
0
0
0
0
0
0
0
0
0
0
0.662745
0.776471
0.901961
0.286275
0
0
0
0
0
0
0
0
0
0
0
0
0
0
0.180392
0.576471
0.823529
0.321569
0.145098
0.862745
0.231373
0
0
0
0
0
0
0
0
0
0
0
0
0.333333
0.835294
0.2
0.133333
0.0431373
0
0.0862745
0.505882
0.254902
0
0
0
0
0
0
0
0
0
0
0.435294
0.760784
0.0941176
0
0
0
0
0
0.164706
0.811765
0.00784314
0
0
0
0
0
0
0
0
0.0627451
0.752941
0.0313726
0
0
0
0
0
0
0
0.713726
0.2
0
0
0
0
0
0
0
0
0.0862745
0.92549
0.152941
0
0
0
0
0
0
0
0.611765
0.278431
0
0
0
0
0
0
0
0
0
0.564706
0.376471
0
0
0
0
0
0
0
0.6
0.266667
0
0
0
0
0
0
0
0
0
0.47451
0.407843
0
0
0
0
0
0
0
0.603922
0.270588
0
0
0
0
0
0
0
0
0
0.470588
0.403922
0
0
0
0
0
0
0
0.635294
0.262745
0
0
0
0
0
0
0
0
0
0.533333
0.396078
0
0
0
0
0
0.00392157
0.0392157
0.807843
0.129412
0
0
0
0
0
0
0
0
0
0.411765
0.501961
0.454902
0.388235
0.145098
0.0470588
0.254902
0.87451
0.835294
0.572549
0.0117647
0
0
0
0
0
0
0
0
0
0.298039
0.972549
0.603922
0.627451
0.964706
0.835294
0.870588
0.207843
0
0
0
0
0
0
0
0
0
0
0
0
0.0117647
0.27451
0
0
0.894118
0
0
0
0
0
0
0
0
0
0
0
0
0
0
0
0
0
0
0
0.866667
0
0
0
0
0
0
0
0
0
0
0
0
0
0
0
0
0
0
0
0.423529
0
0
0
0
0
0
0
0
0
0
0
0
0
0
0
0
0
0
0
0
0
0
0
0
0
0
0
0
0
