0
0
0
0
0
0
0
0
0
0
0
0
0
0
0
0
0
0
0
0
0
0
0
0
0
0
0
0
0
0
0
0
0
0
0
0
0
0
0
0
0
0
0
0
0
0
0
0
0
0
0
0
0
0
0
0
0
0
0
0
0
0
0
0
0
0
0
0
0
0
0
0
0
0
0
0
0
0
0
0
0
0
0
0
0
0
0
0
0
0.372549
0.560784
0.556863
0.466667
0.0666667
0
0
0
0
0
0
0
0
0
0
0
0
0
0.00784314
0.592157
0.752941
0.364706
0.356863
0.505882
0.890196
0.407843
0.00784314
0
0
0
0
0
0
0
0
0
0
0
0.458824
0.894118
0.027451
0
0
0
0.0941176
0.705882
0.694118
0
0
0
0
0
0
0
0
0
0
0.435294
0.737255
0.176471
0
0
0
0
0
0.00392157
0.756863
0.223529
0
0
0
0
0
0
0
0
0
0.545098
0.427451
0
0
0
0
0
0
0
0.588235
0.337255
0
0
0
0
0
0
0
0
0
0.141176
0.905882
0.0588235
0
0
0
0
0
0
0.560784
0.360784
0
0
0
0
0
0
0
0
0
0
0.752941
0.192157
0
0
0
0
0
0
0.556863
0.356863
0
0
0
0
0
0
0
0
0
0.286275
0.819608
0.00392157
0
0
0
0
0
0
0.501961
0.411765
0
0
0
0
0
0
0
0
0.101961
0.866667
0.203922
0
0.133333
0.105882
0
0
0
0
0.419608
0.486275
0
0
0
0
0
0
0
0
0.407843
0.541176
0.0392157
0.545098
0.776471
0.603922
0.0235294
0.054902
0.403922
0.423529
0.741176
0.4
0
0
0
0
0
0
0
0
0.168627
0.835294
0.870588
0.541176
0.631373
0.980392
0.890196
0.890196
0.627451
0.490196
0.372549
0.00392157
0
0
0
0
0
0
0
0
0
0.0627451
0.133333
0
0.0196078
0.886275
0
0
0
0
0
0
0
0
0
0
0
0
0
0
0
0
0
0
0.0313726
0.898039
0
0
0
0
0
0
0
0
0
0
0
0
0
0
0
0
0
0
0.00392157
0.360784
0
0
0
0
0
0
0
0
0
0
0
0
0
0
0
0
0
0
0
0
0
0
0
0
0
0
0
0
0
0
0
0
0
0
0
0
0
0
0
0
0
0
0
0
0
0
0
0
0
