0
0
0
0
0
0
0
0
0
0
0
0
0
0
0
0
0
0
0
0
0
0
0
0
0
0
0
0
0
0
0
0
0
0
0
0
0
0
0
0
0
0
0
0
0
0
0
0
0
0
0
0
0
0
0
0
0
0
0
0
0
0
0
0
0
0
0
0
0
0
0
0
0
0
0
0
0
0
0
0
0
0
0
0
0
0
0
0
0.105882
0.196078
0.129412
0.188235
0.203922
0.00392157
0
0
0
0
0
0
0
0
0
0
0
0
0.00392157
0.529412
0.839216
0.662745
0.619608
0.901961
0.756863
0.827451
0.0705882
0
0
0
0
0
0
0
0
0
0
0
0.356863
0.686275
0.0117647
0
0
0.00392157
0
0.419608
0.694118
0.00392157
0
0
0
0
0
0
0
0
0
0
0.513726
0.4
0
0
0
0
0
0
0.670588
0.32549
0
0
0
0
0
0
0
0
0
0
0.137255
0.831373
0.231373
0.054902
0
0
0
0
0.0941176
0.835294
0.00784314
0
0
0
0
0
0
0
0
0
0
0.262745
0.752941
0.92549
0
0
0
0
0
0.388235
0.6
0
0
0
0
0
0
0
0
0
0
0
0.741176
0.258824
0
0
0
0
0
0.172549
0.764706
0
0
0
0
0
0
0
0
0
0
0.431373
0.447059
0
0
0
0
0
0.0235294
0.960784
0.368627
0
0
0
0
0
0
0
0
0
0
0.788235
0.145098
0
0
0
0
0.121569
0.00392157
0.890196
0
0
0
0
0
0
0
0
0
0
0
0.611765
0.627451
0
0
0
0
0.627451
0.721569
0.843137
0
0
0
0
0
0
0
0
0
0
0
0.0627451
0.870588
0.0235294
0.227451
0.0431373
0
0.180392
0.858824
0.176471
0
0
0
0
0
0
0
0
0
0
0
0
0.545098
0.792157
0.901961
0.92549
0.654902
0.556863
0.807843
0
0
0
0
0
0
0
0
0
0
0
0
0
0
0.172549
0.301961
0.894118
0.690196
0.396078
0.156863
0
0
0
0
0
0
0
0
0
0
0
0
0
0
0
0.619608
0.419608
0.6
0.368627
0
0
0
0
0
0
0
0
0
0
0
0
0
0
0
0
0.886275
0.0352941
0.192157
0.698039
0
0
0
0
0
0
0
0
0
0
0
0
0
0
0
0.0431373
0.709804
0
0
0
0
0
0
0
0
0
