0
0
0
0
0
0
0
0
0
0
0
0
0
0
0
0
0
0
0
0
0
0
0
0
0
0
0
0
0
0
0
0
0
0
0
0
0
0
0
0
0
0
0
0
0
0
0
0
0
0
0
0
0
0
0
0
0
0
0
0
0
0
0
0
0
0
0
0
0
0
0
0
0
0
0
0
0
0
0
0
0
0
0
0
0
0
0
0
0.345098
0.305882
0.0745098
0
0
0
0
0
0
0
0
0
0
0
0
0
0
0
0.0745098
0.752941
0.733333
0.627451
0.913725
0.580392
0.352941
0.0470588
0
0
0
0
0
0
0
0
0
0
0
0
0.6
0.47451
0
0
0.054902
0.313726
0.596078
0.866667
0.192157
0.00392157
0
0
0
0
0
0
0
0
0
0
0.713726
0.188235
0
0
0
0
0
0.0705882
0.470588
0.129412
0.027451
0
0
0
0
0
0
0
0
0
0.270588
0.713726
0.0745098
0
0
0
0
0
0
0.231373
0.627451
0.00784314
0
0
0
0
0
0
0
0
0
0.588235
0.772549
0
0
0
0
0
0
0
0.772549
0.133333
0
0
0
0
0
0
0
0
0.239216
0.811765
0.133333
0
0
0
0
0
0
0
0.729412
0.219608
0
0
0
0
0
0
0
0.0431373
0.847059
0.129412
0
0
0
0
0
0
0
0
0.67451
0.239216
0
0
0
0
0
0
0
0.27451
0.670588
0
0
0
0
0
0.00392157
0
0
0
0.372549
0.513726
0
0
0
0
0
0
0
0.113725
0.870588
0.447059
0.0235294
0
0.00392157
0.521569
0.933333
0.796078
0.545098
0.67451
0.866667
0.407843
0
0
0
0
0
0
0
0
0.0862745
0.588235
0.839216
0.580392
0.87451
0.956863
0.0470588
0.0392157
0.133333
0.203922
0.0745098
0
0
0
0
0
0
0
0
0
0
0
0.156863
0.411765
0.133333
0.898039
0
0
0
0
0
0
0
0
0
0
0
0
0
0
0
0
0
0
0.027451
0.894118
0
0
0
0
0
0
0
0
0
0
0
0
0
0
0
0
0
0
0.0627451
0.862745
0
0
0
0
0
0
0
0
0
0
0
0
0
0
0
0
0
0
0
0.12549
0
0
0
0
0
0
0
0
0
0
0
0
0
0
0
0
0
0
0
0
0
0
0
0
0
0
0
0
