0
0
0
0
0
0
0
0
0
0
0
0
0
0
0
0
0
0
0
0
0
0
0
0
0
0
0
0
0
0
0
0
0
0
0
0
0
0
0
0
0
0
0
0
0
0
0
0
0.403922
0.890196
0.670588
0.137255
0
0
0
0
0
0
0
0
0
0
0
0
0
0
0.247059
0.321569
0.811765
0.0745098
0.345098
0.87451
0.258824
0
0
0
0
0
0
0
0
0
0
0
0
0.231373
0.831373
0.670588
0.168627
0
0
0.192157
0.666667
0.513726
0.168627
0
0
0
0
0
0
0
0
0
0
0.623529
0.290196
0
0
0
0
0
0
0.0980392
0.662745
0.329412
0
0
0
0
0
0
0
0
0
0.654902
0.290196
0
0
0
0
0
0
0
0.109804
0.862745
0
0
0
0
0
0
0
0
0
0.266667
0.741176
0
0
0
0
0
0
0
0
0.87451
0.027451
0
0
0
0
0
0
0
0
0.0352941
0.843137
0
0
0
0
0
0
0
0
0.643137
0.360784
0
0
0
0
0
0
0
0
0.00784314
0.870588
0
0
0
0
0
0
0
0
0.101961
0.337255
0
0
0
0
0
0
0
0
0
0.803922
0
0
0
0
0
0
0
0
0
0.258824
0.501961
0
0
0
0
0
0
0
0
0.866667
0
0
0
0
0
0
0
0
0
0.0862745
0.862745
0.0705882
0
0
0
0
0
0
0.388235
0.843137
0
0
0
0
0
0
0
0
0
0.00392157
0.780392
0.121569
0
0
0
0
0
0.341176
0.796078
0.0784314
0
0
0
0.054902
0.666667
0
0
0.298039
0.870588
0.72549
0.556863
0.0117647
0
0
0
0
0
0.831373
0.160784
0
0
0
0
0.156863
0.729412
0
0
0.337255
0.541176
0.00392157
0
0
0
0
0
0
0
0.756863
0.847059
0.760784
0.678431
0.901961
0.756863
0.623529
0.760784
0.207843
0.152941
0.643137
0.427451
0
0
0
0
0
0
0
0
0
0.0666667
0.137255
0.286275
0.0352941
0.176471
0.721569
0.788235
0.701961
0.733333
0.427451
0.027451
0
0
0
0
0
0
0
0
0
0
0
0
0
0
0.447059
0.513726
0
0
0
0
0
0
0
0
0
0
0
0
0
0
0
0
0
0
0.533333
0.447059
0
0
0
0
0
0
0
0
0
0
0
0
0
0
0
0
0
0
0.192157
0.105882
0
0
0
0
0
0
0
0
