0
0
0
0
0
0
0
0
0
0
0
0
0
0
0
0
0
0
0
0
0
0
0
0
0
0
0
0
0
0
0
0
0
0
0
0
0
0
0
0
0
0
0
0
0
0
0
0
0
0
0
0
0
0
0
0
0
0
0
0
0
0
0
0
0
0
0
0
0
0
0
0
0
0
0
0
0
0
0
0
0
0
0
0
0
0
0.00392157
0.0705882
0
0
0
0
0
0
0
0
0
0
0
0
0
0
0
0
0
0
0.419608
0.780392
0.352941
0.298039
0.380392
0.4
0.423529
0.305882
0.0313726
0
0
0
0
0
0
0
0
0
0
0
0.866667
0.576471
0.478431
0.364706
0.447059
0.466667
0.490196
0.588235
0.835294
0.419608
0.00392157
0
0
0
0
0
0
0
0
0.0235294
0.941176
0
0
0
0
0
0
0
0.0784314
0.698039
0.670588
0.027451
0
0
0
0
0
0
0
0.0588235
0.866667
0
0
0
0
0
0
0
0
0.0117647
0.560784
0.741176
0.0431373
0
0
0
0
0
0
0.0862745
0.819608
0
0
0
0
0
0
0
0
0
0
0.537255
0.454902
0
0
0
0
0
0
0.0980392
0.831373
0
0
0
0
0
0
0
0
0
0
0.141176
0.768627
0
0
0
0
0
0
0.192157
0.733333
0
0
0
0
0
0
0
0
0
0.0431373
0.462745
0.729412
0
0
0
0
0
0
0.360784
0.564706
0
0
0
0
0
0
0
0
0.203922
0.588235
0.364706
0.0313726
0
0
0
0
0
0
0.419608
0.486275
0
0
0
0
0
0
0.0745098
0.462745
0.862745
0.192157
0
0
0
0
0
0
0
0
0.352941
0.772549
0.388235
0.298039
0.243137
0.466667
0.596078
0.8
0.886275
0.576471
0.0784314
0
0
0
0
0
0
0
0
0
0.00392157
0.341176
0.545098
0.623529
0.694118
0.839216
0.533333
0.0588235
0
0
0
0
0
0
0
0
0
0
0
0
0
0
0
0
0
0.611765
0.278431
0
0
0
0
0
0
0
0
0
0
0
0
0
0
0
0
0
0
0.513726
0.223529
0
0
0
0
0
0
0
0
0
0
0
0
0
0
0
0
0
0
0
0
0
0
0
0
0
0
0
0
0
0
0
0
0
0
0
0
0
0
0
0
0
0
0
0
0
0
0
0
