0
0
0
0
0
0
0
0
0
0
0
0
0
0
0
0
0
0
0
0
0
0
0
0
0
0
0
0
0
0
0
0
0
0
0
0
0
0
0
0
0
0
0
0
0
0
0
0
0
0
0
0
0
0
0
0
0
0
0
0
0
0
0
0
0
0
0
0.0352941
0.733333
0.368627
0.580392
0.67451
0.294118
0.00392157
0
0
0
0
0
0
0
0
0
0
0
0
0
0.501961
0.580392
0
0.105882
0.262745
0.756863
0.745098
0.176471
0
0
0
0
0
0
0
0
0
0
0
0
0.878431
0.0784314
0
0
0
0
0.313726
0.854902
0.309804
0
0
0
0
0
0
0
0
0
0
0
0.780392
0.121569
0
0
0
0
0
0.129412
0.854902
0.309804
0
0
0
0
0
0
0
0
0
0
0.223529
0.745098
0.00392157
0
0
0
0
0
0.109804
0.87451
0.0588235
0
0
0
0
0
0
0
0
0
0
0.709804
0.337255
0
0
0
0
0
0
0.701961
0.227451
0
0
0
0
0
0
0
0
0
0
0.419608
0.486275
0
0
0
0
0
0
0.686275
0.219608
0
0
0
0
0
0
0
0
0
0
0.486275
0.454902
0
0
0
0
0
0
0.756863
0.152941
0
0
0
0
0
0
0
0
0
0.168627
0.890196
0.121569
0
0
0
0.137255
0.168627
0.345098
0.878431
0.027451
0
0
0
0
0
0
0
0
0.027451
0.8
0.278431
0
0
0
0.0235294
0.992157
0.780392
0.670588
0.160784
0
0
0
0
0
0
0
0
0
0.545098
0.572549
0
0
0
0
0
0.835294
0.0941176
0
0
0
0
0
0
0
0
0
0
0.00784314
0.886275
0.113725
0
0
0
0
0.145098
0.890196
0.0352941
0
0
0
0
0
0
0
0
0
0
0.027451
0.933333
0.305882
0.00392157
0
0.0941176
0.478431
0.847059
0.219608
0
0
0
0
0
0
0
0
0
0
0
0
0.235294
0.670588
0.921569
0.886275
0.976471
0.521569
0.105882
0
0
0
0
0
0
0
0
0
0
0
0
0
0
0
0.00392157
0.0196078
0.756863
0.152941
0
0
0
0
0
0
0
0
0
0
0
0
0
0
0
0
0
0
0.686275
0.207843
0
0
0
0
0
0
0
0
0
0
0
0
0
0
0
0
0
0
0.298039
0.101961
0
0
0
0
0
0
0
0
