0
0
0
0
0
0
0
0
0
0
0
0
0
0
0
0
0
0
0
0
0
0
0
0
0
0
0
0
0
0
0
0
0
0
0
0
0
0
0
0
0
0
0
0
0
0
0
0
0
0
0
0
0
0
0
0
0
0
0
0
0
0
0
0
0
0
0
0
0
0
0
0
0
0
0
0
0
0
0
0
0
0
0
0
0
0
0
0
0
0
0
0
0
0
0
0
0
0
0
0
0
0
0
0
0
0
0
0
0
0
0
0
0
0
0
0
0
0
0
0
0
0
0
0
0
0
0
0
0
0
0
0
0.145098
0.352941
0
0
0
0
0
0
0
0
0
0
0
0
0
0
0
0
0
0
0.278431
0.611765
0
0
0
0
0
0
0
0
0
0
0
0
0
0
0.631373
0.321569
0
0
0.333333
0.568627
0
0
0
0
0
0
0
0
0
0
0
0
0
0.0352941
0.847059
0.631373
0.101961
0
0.337255
0.537255
0
0
0
0
0
0
0
0
0
0
0
0
0
0.203922
0.564706
0.290196
0.560784
0
0.286275
0.486275
0
0
0
0
0
0
0
0
0
0
0
0
0
0.305882
0.533333
0.00392157
0.776471
0.231373
0.32549
0.454902
0
0
0
0
0
0
0
0
0
0
0
0
0
0.447059
0.321569
0
0.254902
0.705882
0.537255
0.294118
0
0
0
0
0
0
0
0
0
0
0
0
0
0.427451
0.109804
0
0
0.745098
0.807843
0.0196078
0
0
0
0
0
0
0
0
0
0
0
0
0
0.529412
0.0745098
0
0
0.027451
0.054902
0
0
0
0
0
0
0
0
0
0
0
0
0
0
0.576471
0.137255
0
0
0
0
0
0
0
0
0
0
0
0
0
0
0
0
0
0
0
0
0
0
0
0
0
0
0
0
0
0
0
0
0
0
0
0
0
0
0
0
0
0
0
0
0
0
0
0
0
0
0
0
0
0
0
0
0
0
0
0
0
0
0
0
0
0
0
0
0
0
0
0
0
0
0
0
0
0
0
0
0
0
0
0
0
0
0
0
0
0
0
