0
0
0
0
0
0
0
0
0
0
0
0
0
0
0
0
0
0
0
0
0
0
0
0
0
0
0
0
0
0
0
0
0
0
0
0
0
0
0
0
0
0
0
0
0
0
0
0
0
0
0
0
0
0
0
0
0
0
0
0
0
0
0
0
0
0
0
0
0
0
0
0
0
0
0
0
0
0
0
0
0
0
0
0
0
0
0
0
0
0
0
0
0
0
0
0
0
0
0
0
0
0
0
0
0
0
0
0
0
0
0
0
0
0
0
0
0
0
0
0
0
0
0
0
0
0
0
0
0.121569
0.0627451
0
0
0
0.0117647
0.129412
0
0
0
0
0
0
0
0
0
0
0
0
0
0.592157
0.470588
0
0
0
0.239216
0.72549
0
0
0
0
0
0
0
0
0
0
0
0
0
0.67451
0.941176
0.101961
0
0
0.203922
0.670588
0
0
0
0
0
0
0
0
0
0
0
0
0
0.741176
0.537255
0.6
0
0
0.219608
0.686275
0
0
0
0
0
0
0
0
0
0
0
0
0
0.756863
0.160784
0.764706
0.258824
0
0.223529
0.658824
0
0
0
0
0
0
0
0
0
0
0
0
0
0.745098
0.145098
0.0901961
0.847059
0.0862745
0.278431
0.611765
0
0
0
0
0
0
0
0
0
0
0
0
0
0.745098
0.145098
0
0.333333
0.772549
0.298039
0.603922
0
0
0
0
0
0
0
0
0
0
0
0
0
0.686275
0.168627
0
0
0.6
0.752941
0.603922
0
0
0
0
0
0
0
0
0
0
0
0
0
0.67451
0.207843
0
0
0.121569
0.92549
0.596078
0
0
0
0
0
0
0
0
0
0
0
0
0
0.6
0.262745
0
0
0
0.160784
0.196078
0
0
0
0
0
0
0
0
0
0
0
0
0
0
0
0
0
0
0
0
0
0
0
0
0
0
0
0
0
0
0
0
0
0
0
0
0
0
0
0
0
0
0
0
0
0
0
0
0
0
0
0
0
0
0
0
0
0
0
0
0
0
0
0
0
0
0
0
0
0
0
0
0
0
0
0
0
0
0
0
0
0
0
0
0
