0
0
0
0
0
0
0
0
0
0
0
0
0
0
0
0
0
0
0
0
0
0
0
0
0
0
0
0
0
0
0
0
0
0
0
0
0
0
0
0
0
0
0
0
0
0
0
0
0
0
0
0
0
0
0
0
0
0
0
0
0
0
0
0
0
0
0
0
0
0
0
0
0
0
0
0
0
0
0
0
0
0
0
0
0
0
0
0
0
0
0
0
0
0
0
0
0
0
0
0
0
0
0
0
0
0
0
0
0
0
0
0
0
0
0
0
0
0
0
0
0
0
0
0
0
0
0
0.305882
0.12549
0
0
0
0
0.341176
0.0313726
0
0
0
0
0
0
0
0
0
0
0
0
0.701961
0.494118
0
0
0
0
0.764706
0.156863
0
0
0
0
0
0
0
0
0
0
0
0
0.721569
0.909804
0.0784314
0
0
0
0.713726
0.113725
0
0
0
0
0
0
0
0
0
0
0
0
0.639216
0.47451
0.541176
0
0
0
0.764706
0.129412
0
0
0
0
0
0
0
0
0
0
0
0
0.705882
0.133333
0.729412
0.176471
0
0
0.803922
0.0705882
0
0
0
0
0
0
0
0
0
0
0
0
0.721569
0.121569
0.203922
0.709804
0.054902
0
0.803922
0.0705882
0
0
0
0
0
0
0
0
0
0
0
0
0.631373
0.0862745
0
0.368627
0.737255
0.133333
0.866667
0.027451
0
0
0
0
0
0
0
0
0
0
0
0
0.737255
0.137255
0
0
0.407843
0.952941
0.486275
0
0
0
0
0
0
0
0
0
0
0
0
0
0.698039
0.196078
0
0
0
0.301961
0.054902
0
0
0
0
0
0
0
0
0
0
0
0
0
0.545098
0.262745
0
0
0
0
0
0
0
0
0
0
0
0
0
0
0
0
0
0
0
0
0
0
0
0
0
0
0
0
0
0
0
0
0
0
0
0
0
0
0
0
0
0
0
0
0
0
0
0
0
0
0
0
0
0
0
0
0
0
0
0
0
0
0
0
0
0
0
0
0
0
0
0
0
0
0
0
0
0
0
0
0
0
0
0
0
0
0
0
0
0
0
