0
0
0
0
0
0
0
0
0
0
0
0
0
0
0
0
0
0
0
0
0
0
0
0
0
0
0
0
0
0
0
0
0
0
0
0
0
0
0
0
0
0
0
0
0
0
0
0
0
0
0
0
0
0
0
0
0
0
0
0
0
0
0
0
0
0
0
0
0
0
0
0
0
0
0
0
0
0
0
0
0
0
0
0
0
0
0
0
0
0
0
0
0
0
0
0
0
0
0
0
0
0
0
0
0
0
0
0
0
0
0
0
0
0
0
0
0
0
0
0
0
0
0
0
0
0
0
0
0
0
0.337255
0.341176
0
0
0
0
0
0
0
0
0
0
0
0
0
0
0
0
0
0.164706
0.866667
0.905882
0.164706
0
0
0
0
0
0
0
0
0
0
0
0
0
0
0
0.00392157
0.376471
0.164706
0.196078
0.678431
0
0
0
0
0
0
0
0
0
0
0
0
0
0
0
0.0431373
0.470588
0
0
0.254902
0.262745
0
0
0
0
0
0
0
0
0
0
0
0
0
0
0.435294
0.411765
0
0
0.337255
0.513726
0
0
0
0
0
0
0
0
0
0
0
0
0
0
0.541176
0.352941
0.533333
0.203922
0.329412
0.439216
0
0
0
0
0
0
0
0
0
0
0
0
0
0
0.368627
0.701961
0.513726
0.243137
0.231373
0.0705882
0
0
0
0
0
0
0
0
0
0
0
0
0
0
0.00392157
0.498039
0.960784
0.819608
0.321569
0
0
0
0
0
0
0
0
0
0
0
0
0
0
0
0
0
0.490196
0.0588235
0
0
0
0
0
0
0
0
0
0
0
0
0
0
0
0
0
0
0.752941
0.180392
0
0
0
0
0
0
0
0
0
0
0
0
0
0
0
0
0
0
0.243137
0.054902
0
0
0
0
0
0
0
0
0
0
0
0
0
0
0
0
0
0
0
0
0
0
0
0
0
0
0
0
0
0
0
0
0
0
0
0
0
0
0
0
0
0
0
0
0
0
0
0
0
0
0
0
0
0
0
0
0
0
0
0
0
0
0
0
0
0
0
0
