0
0
0
0
0
0
0
0
0
0
0
0
0
0
0
0
0
0
0
0
0
0
0
0
0
0
0
0
0
0
0
0
0
0
0
0
0
0
0
0
0
0
0
0
0
0
0
0
0
0
0
0
0
0
0
0
0
0
0
0
0
0
0
0
0
0
0
0
0
0
0
0
0
0
0
0
0
0
0
0
0
0
0
0
0
0
0
0
0
0
0.00784314
0.027451
0
0
0
0
0
0
0
0
0
0
0
0
0
0
0
0
0
0
0.454902
0.466667
0
0
0
0
0
0
0
0
0
0
0
0
0
0
0
0
0
0
0.709804
0.188235
0
0
0
0
0
0
0
0
0
0
0
0
0
0
0
0
0.0117647
0.490196
0.952941
0.894118
0.847059
0.0352941
0
0
0
0
0
0
0
0
0
0
0
0
0
0.0117647
0.780392
0.47451
0.87451
0.00784314
0.0431373
0
0
0
0
0
0
0
0
0
0
0
0
0
0
0.0431373
0.890196
0.054902
0.866667
0.00784314
0
0
0
0
0
0
0
0
0
0
0
0
0
0
0
0
0.407843
0.607843
0.87451
0.00784314
0
0
0
0
0
0
0
0
0
0
0
0
0
0
0
0
0
0.270588
0.933333
0.141176
0
0
0
0
0
0
0
0
0
0
0
0
0
0
0
0
0
0
0.670588
0.619608
0.521569
0
0
0
0
0
0
0
0
0
0
0
0
0
0
0
0
0
0.8
0.027451
0.831373
0.141176
0
0
0
0
0
0
0
0
0
0
0
0
0
0
0
0
0.827451
0.47451
0.894118
0.129412
0
0
0
0
0
0
0
0
0
0
0
0
0
0
0.403922
0.823529
0.972549
0.541176
0.168627
0
0
0
0
0
0
0
0
0
0
0
0
0
0
0
0.137255
0.0705882
0.168627
0.0117647
0
0
0
0
0
0
0
0
0
0
0
0
0
0
0
0
0
0
0
0
0
0
0
0
0
0
0
0
0
0
0
0
0
0
0
0
0
0
0
0
0
0
0
0
0
0
0
0
0
0
0
0
0
0
0
0
0
0
0
0
0
0
0
0
0
0
0
0
