0
0
0
0
0
0
0
0
0
0
0
0
0
0
0
0
0
0
0
0
0
0
0
0
0
0
0
0
0
0
0
0
0
0
0
0
0
0
0
0
0
0
0
0
0
0
0
0
0
0
0
0
0
0
0
0
0
0
0
0
0
0
0
0
0
0
0
0
0
0
0
0
0
0
0
0
0
0
0
0
0
0
0
0
0
0
0
0
0
0
0
0
0
0
0
0
0
0
0
0
0
0
0
0
0
0
0
0
0
0
0
0
0
0
0
0
0
0
0
0
0
0
0
0
0
0
0
0
0
0
0.196078
0.356863
0.0666667
0
0
0
0
0
0
0
0
0
0
0
0
0
0
0
0
0.411765
0.839216
0.580392
0.87451
0.243137
0
0
0
0
0
0
0
0
0
0
0
0
0
0
0.219608
0.827451
0.0627451
0
0.219608
0.788235
0
0
0
0
0
0
0
0
0
0
0
0
0
0
0.560784
0.356863
0
0
0.0666667
0.678431
0
0
0
0
0
0
0
0
0
0
0
0
0
0
0.619608
0.278431
0
0
0
0
0
0
0
0
0
0
0
0
0
0
0
0
0
0
0.611765
0.294118
0.827451
0.894118
0.223529
0
0
0
0
0
0
0
0
0
0
0
0
0
0
0
0.360784
0.607843
0.180392
0.286275
0.686275
0
0
0
0
0
0
0
0
0
0
0
0
0
0
0
0.0431373
0.870588
0.164706
0.172549
0.752941
0
0
0
0
0
0
0
0
0
0
0
0
0
0
0
0
0.294118
0.839216
0.803922
0.447059
0
0
0
0
0
0
0
0
0
0
0
0
0
0
0
0
0
0.180392
0.239216
0
0
0
0
0
0
0
0
0
0
0
0
0
0
0
0
0
0
0
0
0
0
0
0
0
0
0
0
0
0
0
0
0
0
0
0
0
0
0
0
0
0
0
0
0
0
0
0
0
0
0
0
0
0
0
0
0
0
0
0
0
0
0
0
0
0
0
0
0
0
0
0
0
0
0
0
0
0
0
0
0
0
0
0
0
0
0
0
