0
0
0
0
0
0
0
0
0
0
0
0
0
0
0
0
0
0
0
0
0
0
0
0
0
0
0
0
0
0
0
0
0
0
0
0
0
0
0
0
0
0
0
0
0
0
0
0
0
0
0
0
0
0
0
0
0
0
0
0
0
0
0
0
0
0
0
0
0
0
0
0
0
0
0
0
0
0
0
0
0
0
0
0
0
0
0
0
0
0
0
0
0
0
0
0
0
0
0
0
0
0
0
0
0
0
0
0.0235294
0.701961
0.588235
0.631373
0.713726
0.745098
0.694118
0.341176
0
0
0
0
0
0
0
0
0
0
0
0
0.192157
0.627451
0.0745098
0.0862745
0.113725
0.145098
0.211765
0.0901961
0
0
0
0
0
0
0
0
0
0
0
0
0.419608
0.352941
0
0
0
0
0
0
0
0
0
0
0
0
0
0
0
0
0
0
0.478431
0.411765
0
0
0
0
0
0
0
0
0
0
0
0
0
0
0
0
0
0
0.486275
0.631373
0.745098
0.886275
0.886275
0.796078
0.247059
0
0
0
0
0
0
0
0
0
0
0
0
0
0.419608
0.862745
0.298039
0.0196078
0.0196078
0.235294
0.858824
0.176471
0
0
0
0
0
0
0
0
0
0
0
0
0.364706
0.529412
0
0
0
0
0.380392
0.592157
0
0
0
0
0
0
0
0
0
0
0
0
0.27451
0.631373
0
0
0
0
0.223529
0.690196
0
0
0
0
0
0
0
0
0
0
0
0
0.196078
0.713726
0
0
0
0
0.345098
0.580392
0
0
0
0
0
0
0
0
0
0
0
0
0.141176
0.858824
0.0117647
0
0
0.00392157
0.670588
0.352941
0
0
0
0
0
0
0
0
0
0
0
0
0
0.52549
0.772549
0.313726
0.278431
0.631373
0.666667
0.0196078
0
0
0
0
0
0
0
0
0
0
0
0
0
0
0.247059
0.588235
0.611765
0.509804
0.00784314
0
0
0
0
0
0
0
0
0
0
0
0
0
0
0
0
0
0
0
0
0
0
0
0
0
0
0
0
0
0
0
0
0
0
0
0
0
0
0
0
0
0
0
0
0
0
0
0
0
0
0
0
0
0
0
0
0
0
0
0
0
0
0
0
0
0
