0
0
0
0
0
0
0
0
0
0
0
0
0
0
0
0
0
0
0
0
0
0
0
0
0
0
0
0
0
0
0
0
0
0
0
0
0
0
0
0
0
0
0
0
0
0
0
0
0
0
0
0
0
0
0
0
0
0
0
0
0
0
0
0
0
0
0
0
0
0
0
0
0
0
0
0
0
0
0
0
0
0
0
0
0
0
0
0
0
0
0
0.329412
0.2
0
0
0
0
0
0
0
0
0
0
0
0
0
0
0
0
0
0.458824
0.752941
0.164706
0
0
0
0
0
0
0
0
0
0
0
0
0
0
0
0
0.427451
0.760784
0.027451
0
0
0
0
0
0
0
0
0
0
0
0
0
0
0
0
0.466667
0.619608
0.027451
0
0
0
0
0
0
0
0
0
0
0
0
0
0
0
0
0.0862745
0.854902
0.0313726
0
0
0
0
0
0
0
0
0
0
0
0
0
0
0
0
0
0.180392
0.666667
0
0
0
0
0
0
0
0
0
0
0
0
0
0
0
0
0
0
0.278431
0.611765
0.305882
0.380392
0.254902
0.0627451
0
0
0
0
0
0
0
0
0
0
0
0
0
0
0.211765
0.643137
0.498039
0.568627
0.658824
0.898039
0.435294
0
0
0
0
0
0
0
0
0
0
0
0
0
0.145098
0.745098
0
0
0
0.0313726
0.803922
0.27451
0
0
0
0
0
0
0
0
0
0
0
0
0.0627451
0.894118
0.113725
0
0
0
0.654902
0.313726
0
0
0
0
0
0
0
0
0
0
0
0
0
0.309804
0.792157
0.458824
0.411765
0.596078
0.741176
0.0117647
0
0
0
0
0
0
0
0
0
0
0
0
0
0
0.152941
0.478431
0.470588
0.239216
0.0117647
0
0
0
0
0
0
0
0
0
0
0
0
0
0
0
0
0
0
0
0
0
0
0
0
0
0
0
0
0
0
0
0
0
0
0
0
0
0
0
0
0
0
0
0
0
0
0
0
0
0
0
0
0
0
0
0
0
0
0
0
0
0
0
0
0
0
0
0
0
0
0
0
0
0
0
0
0
0
0
0
0
0
0
0
0
0
