0
0
0
0
0
0
0
0
0
0
0
0
0
0
0
0
0
0
0
0
0
0
0
0
0
0
0
0
0
0
0
0
0
0
0
0
0
0
0
0
0
0
0
0
0
0
0
0
0
0
0
0
0
0
0
0
0
0
0
0
0
0
0
0
0
0
0
0
0
0
0
0
0
0
0
0
0
0
0
0
0
0
0
0
0
0
0
0
0
0
0
0
0
0
0
0
0
0
0
0
0
0
0
0
0
0
0
0
0
0
0
0
0
0
0
0
0
0
0
0
0
0
0
0
0
0
0
0
0
0
0
0
0
0
0
0
0
0
0
0
0
0
0
0
0
0
0
0
0
0.0862745
0.603922
0.176471
0
0
0
0
0
0
0
0
0
0
0
0
0
0
0
0
0.0431373
0.756863
0.513726
0.0627451
0
0
0
0
0
0
0
0
0
0
0
0
0
0
0
0
0.286275
0.768627
0.00392157
0
0
0
0
0
0
0
0
0
0
0
0
0
0
0
0
0
0.278431
0.611765
0
0
0
0
0
0
0
0
0
0
0
0
0
0
0
0
0
0
0.266667
0.635294
0.611765
0.811765
0.564706
0.0235294
0
0
0
0
0
0
0
0
0
0
0
0
0
0
0.109804
0.847059
0.109804
0.121569
0.843137
0.152941
0
0
0
0
0
0
0
0
0
0
0
0
0
0
0
0.537255
0.729412
0.447059
0.854902
0.0117647
0
0
0
0
0
0
0
0
0
0
0
0
0
0
0
0
0.270588
0.509804
0.254902
0
0
0
0
0
0
0
0
0
0
0
0
0
0
0
0
0
0
0
0
0
0
0
0
0
0
0
0
0
0
0
0
0
0
0
0
0
0
0
0
0
0
0
0
0
0
0
0
0
0
0
0
0
0
0
0
0
0
0
0
0
0
0
0
0
0
0
0
0
0
0
0
0
0
0
0
0
0
0
0
0
0
0
0
0
0
0
0
0
0
0
0
0
0
0
0
0
0
0
0
0
0
0
0
0
0
0
