0
0
0
0
0
0
0
0
0
0
0
0
0
0
0
0
0
0
0
0
0
0
0
0
0
0
0
0
0
0
0
0
0
0
0
0
0
0
0
0
0
0
0
0
0
0
0
0
0
0
0
0
0
0
0
0
0
0
0
0
0
0
0
0
0
0
0
0
0
0
0
0
0
0
0
0
0
0
0
0
0
0
0
0
0
0
0
0
0
0
0
0
0
0
0
0
0
0
0
0
0
0
0
0
0
0
0
0
0
0
0
0
0
0
0
0
0
0
0
0
0
0
0
0
0
0
0
0
0.396078
0.333333
0
0
0
0
0
0
0
0
0
0
0
0
0
0
0
0
0
0
0.478431
0.411765
0
0.392157
0.329412
0
0
0
0
0
0
0
0
0
0
0
0
0
0
0
0.560784
0.333333
0
0.47451
0.407843
0
0
0
0
0
0
0
0
0
0
0
0
0
0
0
0.741176
0.129412
0.152941
0.886275
0.403922
0
0
0
0
0
0
0
0
0
0
0
0
0
0
0
0.847059
0.466667
0.796078
0.631373
0.372549
0
0
0
0
0
0
0
0
0
0
0
0
0
0
0.00392157
0.945098
0.545098
0.0705882
0.466667
0.4
0
0
0
0
0
0
0
0
0
0
0
0
0
0
0
0.0901961
0
0
0.470588
0.403922
0
0
0
0
0
0
0
0
0
0
0
0
0
0
0
0
0
0
0.447059
0.454902
0
0
0
0
0
0
0
0
0
0
0
0
0
0
0
0
0
0
0.419608
0.486275
0
0
0
0
0
0
0
0
0
0
0
0
0
0
0
0
0
0
0.164706
0.2
0
0
0
0
0
0
0
0
0
0
0
0
0
0
0
0
0
0
0
0
0
0
0
0
0
0
0
0
0
0
0
0
0
0
0
0
0
0
0
0
0
0
0
0
0
0
0
0
0
0
0
0
0
0
0
0
0
0
0
0
0
0
0
0
0
0
0
0
0
0
0
0
0
0
0
0
0
0
0
0
0
0
0
0
0
0
0
