0
0
0
0
0
0
0
0
0
0
0
0
0
0
0
0
0
0
0
0
0
0
0
0
0
0
0
0
0
0
0
0
0
0
0
0
0
0
0
0
0
0
0
0
0
0
0
0
0
0
0
0
0
0
0
0
0
0
0
0
0
0
0
0
0
0
0
0
0
0
0
0
0
0
0
0
0
0
0
0
0
0
0
0
0
0
0
0
0
0.133333
0.564706
0
0
0
0
0
0
0
0
0
0
0
0
0
0
0
0
0
0
0.521569
0.458824
0
0
0
0
0
0
0
0
0
0
0
0
0
0
0
0
0
0.00784314
0.870588
0.0705882
0
0
0
0
0
0
0
0
0
0
0
0
0
0
0
0
0
0.235294
0.686275
0
0
0
0
0
0
0
0
0
0
0
0
0
0
0
0
0
0
0.721569
0.270588
0
0.0666667
0.423529
0
0
0
0
0
0
0
0
0
0
0
0
0
0
0.211765
0.764706
0
0
0.145098
0.745098
0
0
0
0
0
0
0
0
0
0
0
0
0
0
0.560784
0.376471
0
0
0.137255
0.737255
0
0
0
0
0
0
0
0
0
0
0
0
0
0.00392157
0.941176
0.713726
0.596078
0.501961
0.603922
0.890196
0.658824
0.772549
0.921569
0.0352941
0
0
0
0
0
0
0
0
0
0
0.0745098
0.164706
0.129412
0.12549
0.262745
0.768627
0.192157
0.192157
0.00784314
0
0
0
0
0
0
0
0
0
0
0
0
0
0
0
0.0980392
0.807843
0
0
0
0
0
0
0
0
0
0
0
0
0
0
0
0
0
0
0.00392157
0.894118
0.00392157
0
0
0
0
0
0
0
0
0
0
0
0
0
0
0
0
0
0
0.827451
0.0784314
0
0
0
0
0
0
0
0
0
0
0
0
0
0
0
0
0
0
0.686275
0.243137
0
0
0
0
0
0
0
0
0
0
0
0
0
0
0
0
0
0
0.396078
0.231373
0
0
0
0
0
0
0
0
0
0
0
0
0
0
0
0
0
0
0
0
0
0
0
0
0
0
0
0
0
0
0
0
0
0
0
0
0
0
0
0
0
0
0
0
0
0
