0
0
0
0
0
0
0
0
0
0
0
0
0
0
0
0
0
0
0
0
0
0
0
0
0
0
0
0
0
0
0
0
0
0
0
0
0
0
0
0
0
0
0
0
0
0
0
0
0
0
0
0
0
0
0
0
0
0
0
0
0
0
0
0
0
0
0
0
0
0
0
0
0
0
0
0
0
0
0
0
0
0
0
0
0
0
0
0
0
0
0
0
0
0
0
0
0
0
0
0
0
0
0
0
0
0
0
0
0
0.329412
0.27451
0
0
0
0
0
0
0
0
0
0
0
0
0
0
0
0
0
0
0.741176
0.188235
0
0
0
0
0
0
0
0
0
0
0
0
0
0
0
0
0
0.0352941
0.733333
0
0
0
0
0
0
0
0
0
0
0
0
0
0
0
0
0
0
0.172549
0.643137
0
0
0
0
0
0
0
0
0
0
0
0
0
0
0
0
0
0
0.356863
0.47451
0
0
0
0.0745098
0
0
0
0
0
0
0
0
0
0
0
0
0
0
0.364706
0.592157
0
0
0
0.721569
0.0980392
0
0
0
0
0
0
0
0
0
0
0
0
0
0.0431373
0.662745
0.886275
0.866667
0.823529
0.988235
0.4
0
0
0
0
0
0
0
0
0
0
0
0
0
0
0
0.00784314
0.00784314
0.180392
0.756863
0.00784314
0
0
0
0
0
0
0
0
0
0
0
0
0
0
0
0
0
0.2
0.666667
0
0
0
0
0
0
0
0
0
0
0
0
0
0
0
0
0
0
0.141176
0.619608
0
0
0
0
0
0
0
0
0
0
0
0
0
0
0
0
0
0
0.133333
0.780392
0
0
0
0
0
0
0
0
0
0
0
0
0
0
0
0
0
0
0.0392157
0.458824
0
0
0
0
0
0
0
0
0
0
0
0
0
0
0
0
0
0
0
0
0
0
0
0
0
0
0
0
0
0
0
0
0
0
0
0
0
0
0
0
0
0
0
0
0
0
0
0
0
0
0
0
0
0
0
0
0
0
0
0
0
0
0
0
0
0
