0
0
0
0
0
0
0
0
0
0
0
0
0
0
0
0
0
0
0
0
0
0
0
0
0
0
0
0
0
0
0
0
0
0
0
0
0
0
0
0
0
0
0
0
0
0
0
0
0
0
0
0
0
0
0
0
0
0
0
0
0
0
0
0
0
0
0
0
0
0
0
0
0
0
0
0
0
0
0
0
0
0
0
0
0
0
0
0
0
0
0
0
0
0
0
0
0
0
0
0
0
0
0
0
0
0
0
0
0
0
0.403922
0.027451
0
0
0
0
0
0
0
0
0
0
0
0
0
0
0
0
0
0.12549
0.843137
0.00784314
0
0
0
0
0
0
0
0
0
0
0
0
0
0
0
0
0
0.588235
0.337255
0
0
0
0
0
0
0
0
0
0
0
0
0
0
0
0
0
0.00392157
0.721569
0.0235294
0
0
0
0
0
0
0
0
0
0
0
0
0
0
0
0
0
0.231373
0.478431
0
0
0
0
0
0
0
0
0
0
0
0
0
0
0
0
0
0
0.521569
0.396078
0
0
0.054902
0.0705882
0
0
0
0
0
0
0
0
0
0
0
0
0
0
0.623529
0.592157
0.403922
0.403922
0.72549
0.376471
0
0
0
0
0
0
0
0
0
0
0
0
0
0
0.176471
0.458824
0.470588
0.470588
0.952941
0.156863
0
0
0
0
0
0
0
0
0
0
0
0
0
0
0
0
0
0.054902
0.827451
0
0
0
0
0
0
0
0
0
0
0
0
0
0
0
0
0
0
0.137255
0.737255
0
0
0
0
0
0
0
0
0
0
0
0
0
0
0
0
0
0
0.133333
0.733333
0
0
0
0
0
0
0
0
0
0
0
0
0
0
0
0
0
0
0.160784
0.776471
0
0
0
0
0
0
0
0
0
0
0
0
0
0
0
0
0
0
0.0235294
0.219608
0
0
0
0
0
0
0
0
0
0
0
0
0
0
0
0
0
0
0
0
0
0
0
0
0
0
0
0
0
0
0
0
0
0
0
0
0
0
0
0
0
0
0
0
0
0
0
