0
0
0
0
0
0
0
0
0
0
0
0
0
0
0
0
0
0
0
0
0
0
0
0
0
0
0
0
0
0
0
0
0
0
0
0
0
0
0
0
0
0
0
0
0
0
0
0
0
0
0
0
0
0
0
0
0
0
0
0
0
0
0
0
0
0
0
0
0
0
0
0
0
0
0
0
0
0
0
0
0
0
0
0
0
0
0
0
0
0
0
0
0
0
0
0
0
0
0
0
0
0
0
0
0
0
0
0
0
0
0
0
0
0
0
0
0
0
0
0
0
0
0
0
0
0
0
0
0
0
0
0
0
0
0
0
0
0
0
0
0
0
0
0
0
0
0
0
0
0
0.0235294
0.0117647
0
0.0117647
0.486275
0
0
0
0
0
0
0
0
0
0
0
0
0
0
0
0.564706
0.4
0
0.188235
0.760784
0
0
0
0
0
0
0
0
0
0
0
0
0
0
0.235294
0.980392
0.4
0
0.701961
0.298039
0
0
0
0
0
0
0
0
0
0
0
0
0
0.2
0.835294
0.619608
0.411765
0.427451
0.654902
0
0
0
0
0
0
0
0
0
0
0
0
0
0.211765
0.835294
0.196078
0.47451
0.686275
0.831373
0.054902
0
0
0
0
0
0
0
0
0
0
0
0
0.0980392
0.827451
0.180392
0
0.454902
0.827451
0.12549
0
0
0
0
0
0
0
0
0
0
0
0
0
0.027451
0.156863
0
0
0.0313726
0.0431373
0
0
0
0
0
0
0
0
0
0
0
0
0
0
0
0
0
0
0
0
0
0
0
0
0
0
0
0
0
0
0
0
0
0
0
0
0
0
0
0
0
0
0
0
0
0
0
0
0
0
0
0
0
0
0
0
0
0
0
0
0
0
0
0
0
0
0
0
0
0
0
0
0
0
0
0
0
0
0
0
0
0
0
0
0
0
0
0
0
0
0
0
0
0
0
0
0
0
0
0
0
0
0
0
0
0
0
0
0
0
0
0
0
0
0
0
0
0
0
0
0
0
0
0
0
0
0
0
