0
0
0
0
0
0
0
0
0
0
0
0
0
0
0
0
0
0
0
0
0
0
0
0
0
0
0
0
0
0
0
0
0
0
0
0
0
0
0
0
0
0
0
0
0
0
0
0
0
0
0
0
0
0
0
0
0
0
0
0
0
0
0
0
0
0
0
0
0
0
0
0
0
0
0
0
0
0
0
0
0
0
0
0
0
0
0
0
0
0
0
0
0
0
0
0
0
0
0
0
0
0
0
0
0
0
0
0
0
0
0
0
0
0
0
0
0
0
0
0
0
0
0
0
0
0
0
0
0
0
0
0
0
0
0
0
0
0
0
0
0
0
0
0
0
0
0
0
0
0
0
0
0
0
0
0
0
0
0
0
0
0
0
0
0
0
0
0
0
0
0
0
0.156863
0.286275
0
0
0
0
0
0
0
0
0
0
0
0
0
0
0.721569
0.137255
0
0
0.227451
0.658824
0
0
0
0
0
0
0
0
0
0
0
0
0
0
0.937255
0.8
0.270588
0
0.152941
0.752941
0
0
0
0
0
0
0
0
0
0
0
0
0
0
0.87451
0.0784314
0.729412
0.6
0.298039
0.741176
0
0
0
0
0
0
0
0
0
0
0
0
0
0
0.87451
0
0
0.376471
0.905882
0.376471
0
0
0
0
0
0
0
0
0
0
0
0
0
0
0.87451
0
0
0
0
0
0
0
0
0
0
0
0
0
0
0
0
0
0
0
0.913725
0.00392157
0
0
0
0
0
0
0
0
0
0
0
0
0
0
0
0
0
0
0.12549
0
0
0
0
0
0
0
0
0
0
0
0
0
0
0
0
0
0
0
0
0
0
0
0
0
0
0
0
0
0
0
0
0
0
0
0
0
0
0
0
0
0
0
0
0
0
0
0
0
0
0
0
0
0
0
0
0
0
0
0
0
0
0
0
0
0
0
0
0
0
0
0
0
0
0
0
0
0
0
0
0
0
0
0
0
0
0
0
0
0
0
