0
0
0
0
0
0
0
0
0
0
0
0
0
0
0
0
0
0
0
0
0
0
0
0
0
0
0
0
0
0
0
0
0
0
0
0
0
0
0
0
0
0
0
0
0
0
0
0
0
0
0
0
0
0
0
0
0
0
0
0
0
0
0
0
0
0
0
0
0
0
0
0
0
0
0
0
0
0
0
0
0
0
0
0
0
0
0
0
0
0
0
0
0
0
0
0
0
0
0
0
0
0
0
0
0
0
0
0
0
0
0
0
0
0
0
0
0
0
0
0
0
0
0
0
0
0
0
0
0
0
0
0
0
0.772549
0.0117647
0
0
0
0
0
0
0
0
0
0
0
0
0
0.509804
0.227451
0
0
0
0.843137
0.0431373
0
0
0
0
0
0
0
0
0
0
0
0
0.00784314
0.886275
0.811765
0.0117647
0
0
0.792157
0.0666667
0
0
0
0
0
0
0
0
0
0
0
0
0.054902
0.666667
0.458824
0.721569
0.027451
0
0.690196
0.0352941
0
0
0
0
0
0
0
0
0
0
0
0
0.133333
0.588235
0
0.529412
0.627451
0.00392157
0.780392
0.0588235
0
0
0
0
0
0
0
0
0
0
0
0
0.164706
0.439216
0
0.00392157
0.694118
0.368627
0.807843
0.0745098
0
0
0
0
0
0
0
0
0
0
0
0
0.133333
0.364706
0
0
0.0980392
0.886275
0.929412
0.0941176
0
0
0
0
0
0
0
0
0
0
0
0
0.196078
0.564706
0
0
0
0.188235
0.592157
0.0117647
0
0
0
0
0
0
0
0
0
0
0
0
0.211765
0.678431
0
0
0
0
0
0
0
0
0
0
0
0
0
0
0
0
0
0
0.00392157
0.0705882
0
0
0
0
0
0
0
0
0
0
0
0
0
0
0
0
0
0
0
0
0
0
0
0
0
0
0
0
0
0
0
0
0
0
0
0
0
0
0
0
0
0
0
0
0
0
0
0
0
0
0
0
0
0
0
0
0
0
0
0
0
0
0
0
0
0
0
0
0
0
0
0
0
0
0
0
0
0
0
0
0
0
0
0
0
0
0
0
0
0
0
