0
0
0
0
0
0
0
0
0
0
0
0
0
0
0
0
0
0
0
0
0
0
0
0
0
0
0
0
0
0
0
0
0
0
0
0
0
0
0
0
0
0
0
0
0
0
0
0
0
0
0
0
0
0
0
0
0
0
0
0
0
0
0
0
0
0
0
0
0
0
0
0
0
0
0
0
0
0
0
0
0
0
0
0
0
0
0
0
0
0
0
0
0
0
0
0
0
0
0
0
0
0
0
0
0
0
0
0
0
0
0
0
0
0
0
0
0
0
0
0
0
0
0
0
0
0
0
0
0
0
0
0
0
0
0
0
0
0
0
0
0
0
0
0
0
0
0
0
0
0
0
0
0
0.0588235
0.0313726
0
0
0
0
0
0
0
0
0
0
0
0
0.027451
0.0980392
0
0
0
0.0313726
0.8
0.286275
0
0
0
0
0
0
0
0
0
0
0
0
0.180392
0.796078
0.0431373
0
0.0117647
0.635294
0.505882
0
0
0
0
0
0
0
0
0
0
0
0
0
0
0.427451
0.513726
0.0313726
0.760784
0.509804
0.00392157
0
0
0
0
0
0
0
0
0
0
0
0
0
0
0.0117647
0.109804
0.556863
0.211765
0
0
0
0
0
0
0
0
0
0
0
0
0
0
0
0
0
0.305882
0.572549
0.360784
0
0
0
0
0
0
0
0
0
0
0
0
0
0
0
0
0.211765
0.560784
0.101961
0.831373
0.176471
0
0
0
0
0
0
0
0
0
0
0
0
0
0
0
0.768627
0.258824
0
0.231373
0.635294
0.0705882
0
0
0
0
0
0
0
0
0
0
0
0
0
0
0.00784314
0
0
0
0.447059
0.513726
0
0
0
0
0
0
0
0
0
0
0
0
0
0
0
0
0
0
0
0
0
0
0
0
0
0
0
0
0
0
0
0
0
0
0
0
0
0
0
0
0
0
0
0
0
0
0
0
0
0
0
0
0
0
0
0
0
0
0
0
0
0
0
0
0
0
0
0
0
0
0
0
0
0
0
0
0
0
0
0
0
0
0
0
0
0
