0
0
0
0
0
0
0
0
0
0
0
0
0
0
0
0
0
0
0
0
0
0
0
0
0
0
0
0
0
0
0
0
0
0
0
0
0
0
0
0
0
0
0
0
0
0
0
0
0
0
0
0
0
0
0
0
0
0
0
0
0
0
0
0
0
0
0
0
0
0
0
0
0
0
0
0
0
0
0
0
0
0
0
0
0
0
0
0
0
0
0
0
0
0
0
0
0
0
0
0
0
0
0
0
0
0
0
0
0
0
0
0
0
0
0
0
0
0
0
0
0
0
0
0
0
0
0
0
0
0
0
0
0
0
0
0
0
0
0
0
0
0
0
0
0
0
0
0
0
0
0
0
0.0117647
0.0235294
0
0
0
0
0
0
0
0
0
0
0
0
0
0
0.380392
0.372549
0
0
0.596078
0.368627
0
0
0
0
0
0
0
0
0
0
0
0
0
0
0.141176
0.772549
0
0.388235
0.439216
0.0117647
0
0
0
0
0
0
0
0
0
0
0
0
0
0
0
0.737255
0.572549
0.513726
0.027451
0
0
0
0
0
0
0
0
0
0
0
0
0
0
0
0.00392157
0.607843
0.886275
0.0117647
0
0
0
0
0
0
0
0
0
0
0
0
0
0
0
0.0117647
0.686275
0.643137
0.623529
0.513726
0
0
0
0
0
0
0
0
0
0
0
0
0
0
0
0.298039
0.607843
0.00392157
0.0352941
0.756863
0.180392
0
0
0
0
0
0
0
0
0
0
0
0
0
0
0
0
0
0
0
0
0
0
0
0
0
0
0
0
0
0
0
0
0
0
0
0
0
0
0
0
0
0
0
0
0
0
0
0
0
0
0
0
0
0
0
0
0
0
0
0
0
0
0
0
0
0
0
0
0
0
0
0
0
0
0
0
0
0
0
0
0
0
0
0
0
0
0
0
0
0
0
0
0
0
0
0
0
0
0
0
0
0
0
0
0
0
0
0
0
0
0
0
0
0
0
0
0
0
0
0
0
0
0
0
0
0
0
