0
0
0
0
0
0
0
0
0
0
0
0
0
0
0
0
0
0
0
0
0
0
0
0
0
0
0
0
0
0
0
0
0
0
0
0
0
0
0
0
0
0
0
0
0
0
0
0
0
0
0
0
0
0
0
0
0
0
0
0
0
0
0
0
0
0
0
0
0
0
0
0
0
0
0
0
0
0
0
0
0
0
0
0
0
0
0
0
0
0
0
0
0
0
0
0
0
0
0
0
0
0
0
0
0
0
0
0
0
0
0
0
0
0
0
0
0
0
0
0
0
0
0
0
0
0
0
0
0
0
0
0
0
0
0
0
0
0
0
0
0
0
0
0
0
0
0
0
0
0
0
0
0
0
0
0
0
0
0
0
0
0
0
0
0
0
0
0
0.6
0.203922
0
0.109804
0.752941
0
0
0
0
0
0
0
0
0
0
0
0
0
0
0
0.435294
0.486275
0
0.4
0.498039
0
0
0
0
0
0
0
0
0
0
0
0
0
0
0
0.0235294
0.788235
0.521569
0.701961
0.00392157
0
0
0
0
0
0
0
0
0
0
0
0
0
0
0
0
0.2
0.980392
0.439216
0
0
0
0
0
0
0
0
0
0
0
0
0
0
0
0
0.00784314
0.752941
0.368627
0.862745
0.12549
0
0
0
0
0
0
0
0
0
0
0
0
0
0
0
0.027451
0.454902
0
0.341176
0.745098
0
0
0
0
0
0
0
0
0
0
0
0
0
0
0
0
0
0
0
0.243137
0
0
0
0
0
0
0
0
0
0
0
0
0
0
0
0
0
0
0
0
0
0
0
0
0
0
0
0
0
0
0
0
0
0
0
0
0
0
0
0
0
0
0
0
0
0
0
0
0
0
0
0
0
0
0
0
0
0
0
0
0
0
0
0
0
0
0
0
0
0
0
0
0
0
0
0
0
0
0
0
0
0
0
0
0
0
0
0
0
0
0
0
0
0
0
0
0
0
0
0
0
0
0
0
0
0
0
