0
0
0
0
0
0
0
0
0
0
0
0
0
0
0
0
0
0
0
0
0
0
0
0
0
0
0
0
0
0
0
0
0
0
0
0
0
0
0
0
0
0
0
0
0
0
0
0
0
0
0
0
0
0
0
0
0
0
0
0
0
0
0
0
0
0
0
0
0
0
0
0
0
0
0
0
0
0
0
0
0
0
0
0
0
0
0
0
0
0
0
0
0
0
0
0
0
0
0
0
0
0
0
0
0
0
0
0
0
0
0
0
0
0
0
0
0
0
0
0
0
0
0
0
0
0
0
0
0
0
0
0
0
0.0352941
0
0
0
0
0
0
0
0
0
0
0
0
0
0
0.266667
0.0313726
0
0
0.027451
0.831373
0.133333
0
0
0
0
0
0
0
0
0
0
0
0
0
0.443137
0.109804
0
0
0.458824
0.266667
0
0
0
0
0
0
0
0
0
0
0
0
0
0
0.12549
0.6
0.0431373
0.560784
0.419608
0.00392157
0
0
0
0
0
0
0
0
0
0
0
0
0
0
0
0.752941
0.419608
0.341176
0
0
0
0
0
0
0
0
0
0
0
0
0
0
0
0
0
0.286275
0.780392
0.137255
0
0
0
0
0
0
0
0
0
0
0
0
0
0
0
0
0.121569
0.509804
0.137255
0.596078
0.32549
0
0
0
0
0
0
0
0
0
0
0
0
0
0
0.00392157
0.694118
0.32549
0
0.156863
0.823529
0.180392
0
0
0
0
0
0
0
0
0
0
0
0
0
0.12549
0.619608
0
0
0
0.00784314
0
0
0
0
0
0
0
0
0
0
0
0
0
0
0
0
0
0
0
0
0
0
0
0
0
0
0
0
0
0
0
0
0
0
0
0
0
0
0
0
0
0
0
0
0
0
0
0
0
0
0
0
0
0
0
0
0
0
0
0
0
0
0
0
0
0
0
0
0
0
0
0
0
0
0
0
0
0
0
0
0
0
0
0
0
0
0
0
0
0
0
0
0
0
0
0
0
0
0
0
0
0
0
0
0
0
0
