0
0
0
0
0
0
0
0
0
0
0
0
0
0
0
0
0
0
0
0
0
0
0
0
0
0
0
0
0
0
0
0
0
0
0
0
0
0
0
0
0
0
0
0
0
0
0
0
0
0
0
0
0
0
0
0
0
0
0
0
0
0
0
0
0
0
0
0
0
0
0
0
0
0
0
0
0
0
0
0
0
0
0
0
0
0
0
0
0
0
0
0
0
0
0
0
0
0
0
0
0
0
0
0
0
0
0
0
0
0
0
0
0
0
0
0
0
0
0
0
0
0
0
0
0
0
0
0
0
0
0
0
0
0.235294
0.00784314
0
0
0
0
0
0
0
0
0
0
0
0
0.00392157
0.619608
0.0117647
0
0
0.00392157
0.847059
0.0352941
0
0
0
0
0
0
0
0
0
0
0
0
0
0.572549
0.478431
0
0.0392157
0.603922
0.243137
0
0
0
0
0
0
0
0
0
0
0
0
0
0
0.0392157
0.756863
0.407843
0.658824
0.427451
0
0
0
0
0
0
0
0
0
0
0
0
0
0
0
0
0.054902
0.733333
0.72549
0
0
0
0
0
0
0
0
0
0
0
0
0
0
0
0
0
0.121569
0.764706
0.435294
0.262745
0
0
0
0
0
0
0
0
0
0
0
0
0
0
0
0
0.568627
0.247059
0.0784314
0.737255
0.223529
0
0
0
0
0
0
0
0
0
0
0
0
0
0
0.2
0.741176
0.00392157
0
0.172549
0.905882
0.12549
0
0
0
0
0
0
0
0
0
0
0
0
0
0.00392157
0.0313726
0
0
0
0.0235294
0
0
0
0
0
0
0
0
0
0
0
0
0
0
0
0
0
0
0
0
0
0
0
0
0
0
0
0
0
0
0
0
0
0
0
0
0
0
0
0
0
0
0
0
0
0
0
0
0
0
0
0
0
0
0
0
0
0
0
0
0
0
0
0
0
0
0
0
0
0
0
0
0
0
0
0
0
0
0
0
0
0
0
0
0
0
0
0
0
0
0
0
0
0
0
0
0
0
0
0
0
0
0
0
0
0
