0
0
0
0
0
0
0
0
0
0
0
0
0
0
0
0
0
0
0
0
0
0
0
0
0
0
0
0
0
0
0
0
0
0
0
0
0
0
0
0
0
0
0
0
0
0
0
0
0
0
0
0
0
0
0
0
0
0
0
0
0
0
0
0
0
0
0
0
0
0
0
0
0
0
0
0
0
0
0
0
0
0
0
0
0
0
0
0
0
0
0
0
0
0
0
0
0
0
0
0
0
0
0
0
0
0
0
0
0
0
0
0.176471
0.00392157
0
0
0
0
0
0
0
0
0
0
0
0
0
0
0
0
0
0.133333
0.772549
0.0313726
0
0
0
0
0
0
0
0
0
0
0
0
0
0
0
0
0
0.290196
0.2
0
0
0
0
0
0
0
0
0
0
0
0
0
0
0
0
0
0.168627
0.607843
0
0
0
0
0
0
0
0
0
0
0
0
0
0
0
0
0
0
0.572549
0.309804
0
0
0
0
0
0
0
0
0
0
0
0
0
0
0
0
0
0
0.807843
0.0627451
0
0
0
0
0
0
0
0
0
0
0
0
0
0
0
0
0
0.0666667
0.854902
0
0.662745
0.105882
0
0
0
0
0
0
0
0
0
0
0
0
0
0
0
0.054902
0.92549
0.478431
0.901961
0.431373
0
0
0
0
0
0
0
0
0
0
0
0
0
0
0
0
0.0980392
0.4
0.854902
0.152941
0
0
0
0
0
0
0
0
0
0
0
0
0
0
0
0
0
0
0.611765
0.0980392
0
0
0
0
0
0
0
0
0
0
0
0
0
0
0
0
0
0
0.411765
0.270588
0
0
0
0
0
0
0
0
0
0
0
0
0
0
0
0
0
0
0.2
0.164706
0
0
0
0
0
0
0
0
0
0
0
0
0
0
0
0
0
0
0
0
0
0
0
0
0
0
0
0
0
0
0
0
0
0
0
0
0
0
0
0
0
0
0
0
0
0
0
0
0
0
0
0
0
0
0
0
0
0
0
0
0
0
0
0
0
0
0
