0
0
0
0
0
0
0
0
0
0
0
0
0
0
0
0
0
0
0
0
0
0
0
0
0
0
0
0
0
0
0
0
0
0
0
0
0
0
0
0
0
0
0
0
0
0
0
0
0
0
0
0
0
0
0
0
0
0
0
0
0
0
0
0
0
0
0
0
0
0
0
0
0
0
0
0
0
0
0
0
0
0
0
0
0
0
0
0
0
0
0
0
0
0
0
0
0
0
0
0
0
0
0
0
0
0
0
0
0
0
0
0
0
0
0
0
0
0
0
0
0
0
0
0
0
0
0
0
0
0
0.0588235
0.792157
0.145098
0
0
0
0
0
0
0
0
0
0
0
0
0
0
0
0
0.0862745
0.792157
0.462745
0
0
0
0
0
0
0
0
0
0
0
0
0
0
0
0
0.0627451
0.819608
0.403922
0.101961
0.0784314
0
0
0
0
0
0
0
0
0
0
0
0
0
0
0
0.552941
0.494118
0
0.658824
0.305882
0
0
0
0
0
0
0
0
0
0
0
0
0
0
0.235294
0.827451
0.0392157
0
0.8
0.0666667
0
0
0
0
0
0
0
0
0
0
0
0
0
0
0.768627
0.878431
0.745098
0.756863
0.956863
0.768627
0.741176
0.67451
0
0
0
0
0
0
0
0
0
0
0
0
0.0980392
0.152941
0.145098
0.156863
0.894118
0.203922
0.141176
0.121569
0
0
0
0
0
0
0
0
0
0
0
0
0
0
0
0
0.898039
0.0313726
0
0
0
0
0
0
0
0
0
0
0
0
0
0
0
0
0
0
0.886275
0.0196078
0
0
0
0
0
0
0
0
0
0
0
0
0
0
0
0
0
0
0.945098
0.0196078
0
0
0
0
0
0
0
0
0
0
0
0
0
0
0
0
0
0
0.12549
0
0
0
0
0
0
0
0
0
0
0
0
0
0
0
0
0
0
0
0
0
0
0
0
0
0
0
0
0
0
0
0
0
0
0
0
0
0
0
0
0
0
0
0
0
0
0
0
0
0
0
0
0
0
0
0
0
0
0
0
0
0
0
0
0
0
0
0
