0
0
0
0
0
0
0
0
0
0
0
0
0
0
0
0
0
0
0
0
0
0
0
0
0
0
0
0
0
0
0
0
0
0
0
0
0
0
0
0
0
0
0
0
0
0
0
0
0
0
0
0
0
0
0
0
0
0
0
0
0
0
0
0
0
0
0
0
0
0
0
0
0
0
0
0
0
0
0
0
0
0
0
0
0
0
0
0
0
0
0
0.0352941
0
0
0
0
0
0
0
0
0
0
0
0
0
0
0
0
0
0
0.0470588
0.862745
0
0
0
0
0
0
0
0
0
0
0
0
0
0
0
0
0
0
0.360784
0.627451
0
0
0
0
0
0
0
0
0
0
0
0
0
0
0
0
0
0
0.72549
0.192157
0
0
0
0
0
0
0
0
0
0
0
0
0
0
0
0
0
0.027451
0.670588
0.00784314
0
0
0
0
0
0
0
0
0
0
0
0
0
0
0
0
0
0.360784
0.439216
0
0
0
0
0
0
0
0
0
0
0
0
0
0
0
0
0
0
0.658824
0.219608
0
0
0.00784314
0
0
0
0
0
0
0
0
0
0
0
0
0
0
0.152941
0.929412
0.0901961
0.129412
0.478431
0.556863
0
0
0
0
0
0
0
0
0
0
0
0
0
0
0.192157
0.639216
0.588235
0.729412
0.854902
0.980392
0.243137
0
0
0
0
0
0
0
0
0
0
0
0
0
0
0
0
0
0.439216
0.443137
0
0
0
0
0
0
0
0
0
0
0
0
0
0
0
0
0
0
0.470588
0.403922
0
0
0
0
0
0
0
0
0
0
0
0
0
0
0
0
0
0
0.333333
0.278431
0
0
0
0
0
0
0
0
0
0
0
0
0
0
0
0
0
0
0
0
0
0
0
0
0
0
0
0
0
0
0
0
0
0
0
0
0
0
0
0
0
0
0
0
0
0
0
0
0
0
0
0
0
0
0
0
0
0
0
0
0
0
0
0
0
0
0
0
0
0
0
0
0
0
0
0
0
0
0
0
0
0
0
0
0
0
