0
0
0
0
0
0
0
0
0
0
0
0
0
0
0
0
0
0
0
0
0
0
0
0
0
0
0
0
0
0
0
0
0
0
0
0
0
0
0
0
0
0
0
0
0
0
0
0
0
0
0
0
0
0
0
0
0
0
0
0
0
0
0
0
0
0
0
0
0
0
0
0
0
0
0
0
0
0
0
0
0
0
0
0
0
0
0
0
0
0
0
0
0
0
0
0
0
0
0
0
0
0
0
0
0
0
0
0
0
0
0
0
0
0
0
0
0
0
0
0
0
0
0
0
0
0
0
0
0
0
0.0313726
0.341176
0
0
0
0
0
0
0
0
0
0
0
0
0
0
0
0
0
0
0.478431
0.552941
0
0
0
0
0
0
0
0
0
0
0
0
0
0
0
0
0
0.0941176
0.858824
0.0705882
0
0
0
0
0
0
0
0
0
0
0
0
0
0
0
0
0
0.698039
0.341176
0
0.337255
0.0862745
0
0
0
0
0
0
0
0
0
0
0
0
0
0
0.231373
0.796078
0
0
0.670588
0.203922
0
0
0
0
0
0
0
0
0
0
0
0
0
0
0.133333
0.733333
0.862745
0.737255
0.921569
0.219608
0
0
0
0
0
0
0
0
0
0
0
0
0
0
0
0
0.0313726
0.113725
0.72549
0.207843
0
0
0
0
0
0
0
0
0
0
0
0
0
0
0
0
0
0
0.690196
0.223529
0
0
0
0
0
0
0
0
0
0
0
0
0
0
0
0
0
0
0.486275
0.137255
0
0
0
0
0
0
0
0
0
0
0
0
0
0
0
0
0
0
0
0
0
0
0
0
0
0
0
0
0
0
0
0
0
0
0
0
0
0
0
0
0
0
0
0
0
0
0
0
0
0
0
0
0
0
0
0
0
0
0
0
0
0
0
0
0
0
0
0
0
0
0
0
0
0
0
0
0
0
0
0
0
0
0
0
0
0
0
0
0
0
0
0
0
0
0
0
0
0
0
0
0
0
0
0
0
0
