0
0
0
0
0
0
0
0
0
0
0
0
0
0
0
0
0
0
0
0
0
0
0
0
0
0
0
0
0
0
0
0
0
0
0
0
0
0
0
0
0
0
0
0
0
0
0
0
0
0
0
0
0
0
0
0
0
0
0
0
0
0
0
0
0
0
0
0
0
0
0
0
0
0
0
0
0
0
0
0
0
0
0
0
0
0
0
0
0
0
0
0
0
0
0
0
0
0
0
0
0
0
0
0
0
0
0
0
0
0
0.00392157
0
0
0
0
0
0
0
0
0
0
0
0
0
0
0
0
0
0
0.388235
0.454902
0
0
0
0
0
0
0
0
0
0
0
0
0
0
0
0
0
0
0.419608
0.486275
0
0
0
0
0
0
0
0
0
0
0
0
0
0
0
0
0
0
0.407843
0.47451
0
0
0
0
0
0
0
0
0
0
0
0
0
0
0
0
0
0
0.203922
0.254902
0
0
0
0
0
0
0
0
0
0
0
0
0
0
0
0
0
0
0.392157
0.458824
0
0
0
0
0
0
0
0
0
0
0
0
0
0
0
0
0
0
0.407843
0.47451
0
0
0
0
0
0
0
0
0
0
0
0
0
0
0
0
0
0
0.407843
0.792157
0.603922
0.619608
0.262745
0
0
0
0
0
0
0
0
0
0
0
0
0
0
0
0.0588235
0.286275
0.270588
0.286275
0.101961
0
0
0
0
0
0
0
0
0
0
0
0
0
0
0
0
0
0
0
0
0
0
0
0
0
0
0
0
0
0
0
0
0
0
0
0
0
0
0
0
0
0
0
0
0
0
0
0
0
0
0
0
0
0
0
0
0
0
0
0
0
0
0
0
0
0
0
0
0
0
0
0
0
0
0
0
0
0
0
0
0
0
0
0
0
0
0
0
0
0
0
0
0
0
0
0
0
0
0
0
0
0
0
0
0
0
0
0
0
0
0
0
0
0
0
0
0
0
0
0
0
0
0
0
0
0
