0
0
0
0
0
0
0
0
0
0
0
0
0
0
0
0
0
0
0
0
0
0
0
0
0
0
0
0
0
0
0
0
0
0
0
0
0
0
0
0
0
0
0
0
0
0
0
0
0
0
0
0
0
0
0
0
0
0
0
0
0
0
0
0
0
0
0
0
0
0
0
0
0
0
0
0
0
0
0
0
0
0
0
0
0
0
0
0
0
0
0
0
0
0
0
0
0
0
0
0
0
0
0
0
0
0
0
0
0
0
0
0
0
0
0
0
0
0
0
0
0
0
0
0
0
0
0
0
0
0
0
0
0
0
0
0
0
0
0
0
0
0
0
0
0
0
0
0
0
0.101961
0
0
0
0
0.168627
0.564706
0
0
0
0
0
0
0
0
0
0
0
0
0.00392157
0.819608
0.0745098
0
0
0.168627
0.803922
0.196078
0
0
0
0
0
0
0
0
0
0
0
0
0
0
0
0.00392157
0.494118
0.760784
0.164706
0
0
0
0
0
0
0
0
0
0
0
0
0
0
0
0.12549
0.501961
0.239216
0
0
0
0
0
0
0
0
0
0
0
0
0
0
0
0.0117647
0.619608
0.372549
0.0352941
0
0
0
0
0
0
0
0
0
0
0
0
0
0
0
0.0313726
0.713726
0.47451
0.0117647
0
0
0.0745098
0
0
0
0
0
0
0
0
0
0
0
0
0.0666667
0.729412
0.478431
0
0
0
0.0352941
0.552941
0
0
0
0
0
0
0
0
0
0
0
0
0.372549
0.466667
0
0
0
0
0
0
0
0
0
0
0
0
0
0
0
0
0
0
0
0
0
0
0
0
0
0
0
0
0
0
0
0
0
0
0
0
0
0
0
0
0
0
0
0
0
0
0
0
0
0
0
0
0
0
0
0
0
0
0
0
0
0
0
0
0
0
0
0
0
0
0
0
0
0
0
0
0
0
0
0
0
0
0
0
0
0
0
0
0
0
0
0
0
0
0
0
0
0
0
0
0
0
0
0
0
0
0
0
0
0
0
0
