0
0
0
0
0
0
0
0
0
0
0
0
0
0
0
0
0
0
0
0
0
0
0
0
0
0
0
0
0
0
0
0
0
0
0
0
0
0
0
0
0
0
0
0
0
0
0
0
0
0
0
0
0
0
0
0
0
0
0
0
0
0
0
0
0
0
0
0
0
0
0
0
0
0
0
0
0
0
0
0
0
0
0
0
0
0
0
0
0
0
0
0
0
0
0
0
0
0
0
0
0
0
0
0
0
0
0
0
0
0
0
0
0
0
0
0
0
0
0
0
0
0
0
0
0
0
0
0
0
0
0
0
0
0
0
0
0
0
0
0
0
0
0
0
0
0
0
0
0
0
0
0
0
0.305882
0.121569
0
0
0
0
0
0
0
0
0
0
0
0
0.219608
0.341176
0
0
0
0.109804
0.839216
0.0901961
0
0
0
0
0
0
0
0
0
0
0
0
0.0941176
0.643137
0.0352941
0
0
0.764706
0.27451
0
0
0
0
0
0
0
0
0
0
0
0
0
0
0
0
0
0.466667
0.254902
0
0
0
0
0
0
0
0
0
0
0
0
0
0
0
0
0
0.294118
0.192157
0.00392157
0
0
0
0
0
0
0
0
0
0
0
0
0
0
0
0
0.231373
0.376471
0.054902
0.156863
0.266667
0
0
0
0
0
0
0
0
0
0
0
0
0
0
0.196078
0.533333
0.105882
0
0.0862745
0.156863
0
0
0
0
0
0
0
0
0
0
0
0
0
0.168627
0.862745
0.196078
0
0
0
0
0
0
0
0
0
0
0
0
0
0
0
0
0
0.760784
0.247059
0
0
0
0
0
0
0
0
0
0
0
0
0
0
0
0
0
0
0
0
0
0
0
0
0
0
0
0
0
0
0
0
0
0
0
0
0
0
0
0
0
0
0
0
0
0
0
0
0
0
0
0
0
0
0
0
0
0
0
0
0
0
0
0
0
0
0
0
0
0
0
0
0
0
0
0
0
0
0
0
0
0
0
0
0
0
0
0
0
0
0
