0
0
0
0
0
0
0
0
0
0
0
0
0
0
0
0
0
0
0
0
0
0
0
0
0
0
0
0
0
0
0
0
0
0
0
0
0
0
0
0
0
0
0
0
0
0
0
0
0
0
0
0
0
0
0
0
0
0
0
0
0
0
0
0
0
0
0
0
0
0
0
0
0
0
0
0
0
0
0
0
0
0
0
0
0
0
0
0
0
0
0
0
0
0
0
0
0
0
0
0
0
0
0
0
0
0
0
0
0
0
0
0
0
0
0
0
0
0
0
0
0
0
0
0
0
0
0
0
0
0
0
0
0
0
0
0
0
0
0
0
0
0
0
0
0
0
0
0
0
0
0
0
0.00392157
0.568627
0.00784314
0
0
0
0
0
0
0
0
0
0
0
0
0
0.733333
0.368627
0
0.00392157
0.623529
0.607843
0
0
0
0
0
0
0
0
0
0
0
0
0
0
0.258824
0.105882
0
0.513726
0.647059
0
0
0
0
0
0
0
0
0
0
0
0
0
0
0
0
0
0.262745
0.741176
0.0313726
0
0
0
0
0
0
0
0
0
0
0
0
0
0
0
0
0.329412
0.847059
0.105882
0
0.141176
0
0
0
0
0
0
0
0
0
0
0
0
0
0
0.231373
0.866667
0.105882
0
0.235294
0.819608
0
0
0
0
0
0
0
0
0
0
0
0
0
0
0.266667
0.192157
0
0
0.00392157
0.0392157
0
0
0
0
0
0
0
0
0
0
0
0
0
0
0
0
0
0
0
0
0
0
0
0
0
0
0
0
0
0
0
0
0
0
0
0
0
0
0
0
0
0
0
0
0
0
0
0
0
0
0
0
0
0
0
0
0
0
0
0
0
0
0
0
0
0
0
0
0
0
0
0
0
0
0
0
0
0
0
0
0
0
0
0
0
0
0
0
0
0
0
0
0
0
0
0
0
0
0
0
0
0
0
0
0
0
0
0
0
0
0
0
0
0
0
0
0
0
0
0
0
0
0
0
0
0
