0
0
0
0
0
0
0
0
0
0
0
0
0
0
0
0
0
0
0
0
0
0
0
0
0
0
0
0
0
0
0
0
0
0
0
0
0
0
0
0
0
0
0
0
0
0
0
0
0
0
0
0
0
0
0
0
0
0
0
0
0
0
0
0
0
0
0
0
0
0
0
0
0
0
0
0
0
0
0
0
0
0
0
0
0
0
0
0
0
0
0
0
0
0
0
0
0
0
0
0
0
0
0
0
0
0
0
0
0
0
0
0
0
0
0
0
0
0
0
0
0
0
0
0
0
0
0
0.109804
0.568627
0.188235
0
0
0
0
0
0
0
0
0
0
0
0
0
0
0
0
0.0117647
0.792157
0.827451
0.360784
0
0
0
0.00392157
0.494118
0.0627451
0
0
0
0
0
0
0
0
0
0
0.407843
0.576471
0.721569
0.298039
0
0
0
0.32549
0.698039
0.0117647
0
0
0
0
0
0
0
0
0
0
0.486275
0.933333
0.635294
0.0117647
0
0
0.12549
0.564706
0.0431373
0
0
0
0
0
0
0
0
0
0
0
0.0431373
0.180392
0.0117647
0
0
0.0745098
0.509804
0
0
0
0
0
0
0
0
0
0
0
0
0
0
0
0
0
0.101961
0.262745
0.0745098
0
0.00784314
0
0
0
0
0
0
0
0
0
0
0
0
0
0
0
0.501961
0.219608
0
0.447059
0.870588
0.419608
0
0
0
0
0
0
0
0
0
0
0
0
0
0.396078
0.266667
0
0.152941
0.870588
0.176471
0.827451
0
0
0
0
0
0
0
0
0
0
0
0
0.439216
0.513726
0.00784314
0
0.286275
0.843137
0.647059
0.67451
0
0
0
0
0
0
0
0
0
0
0
0.227451
0.796078
0.0431373
0
0
0.00392157
0.301961
0.356863
0.0470588
0
0
0
0
0
0
0
0
0
0
0
0.341176
0.223529
0
0
0
0
0
0
0
0
0
0
0
0
0
0
0
0
0
0
0
0
0
0
0
0
0
0
0
0
0
0
0
0
0
0
0
0
0
0
0
0
0
0
0
0
0
0
0
0
0
0
0
0
0
0
0
0
0
0
0
0
0
0
0
0
0
0
0
0
0
0
0
