0
0
0
0
0
0
0
0
0
0
0
0
0
0
0
0
0
0
0
0
0
0
0
0
0
0
0
0
0
0
0
0
0
0
0
0
0
0
0
0
0
0
0
0
0
0
0
0
0
0
0
0
0
0
0
0
0
0
0
0
0
0
0
0
0
0
0
0
0
0
0
0
0
0
0
0
0
0
0
0
0
0
0
0
0
0
0
0
0
0
0
0
0
0
0
0
0
0
0
0
0
0
0
0
0
0
0
0
0
0
0
0
0
0
0
0
0
0
0
0
0
0
0
0
0
0
0
0
0
0
0
0
0
0
0
0
0
0
0
0
0
0
0
0
0
0
0
0
0
0
0
0
0.0117647
0.0627451
0
0
0
0
0
0
0
0
0
0
0
0
0
0
0
0
0
0
0.439216
0.533333
0
0
0
0
0
0
0
0
0
0
0
0
0
0
0.0666667
0.423529
0
0.203922
0.819608
0.0862745
0
0
0
0
0
0
0
0
0
0
0
0
0
0
0.0235294
0.219608
0.121569
0.839216
0.207843
0
0
0
0
0
0
0
0
0
0
0
0
0
0
0
0
0.113725
0.847059
0.239216
0
0
0.239216
0
0
0
0
0
0
0
0
0
0
0
0
0
0.0627451
0.827451
0.329412
0
0
0.00784314
0.478431
0
0
0
0
0
0
0
0
0
0
0
0
0
0.121569
0.368627
0
0
0
0
0
0
0
0
0
0
0
0
0
0
0
0
0
0
0
0
0
0
0
0
0
0
0
0
0
0
0
0
0
0
0
0
0
0
0
0
0
0
0
0
0
0
0
0
0
0
0
0
0
0
0
0
0
0
0
0
0
0
0
0
0
0
0
0
0
0
0
0
0
0
0
0
0
0
0
0
0
0
0
0
0
0
0
0
0
0
0
0
0
0
0
0
0
0
0
0
0
0
0
0
0
0
0
0
0
0
0
0
0
0
0
0
0
0
0
0
0
0
0
0
0
0
0
0
0
0
