0
0
0
0
0
0
0
0
0
0
0
0
0
0
0
0
0
0
0
0
0
0
0
0
0
0
0
0
0
0
0
0
0
0
0
0
0
0
0
0
0
0
0
0
0
0
0
0
0
0
0
0
0
0
0
0
0
0
0
0
0
0
0
0
0
0
0
0
0
0
0
0
0
0
0
0
0
0
0
0
0
0
0
0
0
0
0
0
0
0
0
0
0
0
0
0
0
0
0
0
0
0
0
0
0
0
0
0
0
0
0
0
0
0
0
0
0
0
0
0
0
0
0
0
0
0
0
0
0
0
0
0
0
0
0
0
0
0
0
0
0
0
0
0
0
0
0
0
0.427451
0.109804
0
0
0
0.0352941
0.772549
0
0
0
0
0
0
0
0
0
0
0
0
0
0.109804
0.0117647
0
0
0
0.662745
0.0745098
0
0
0
0
0
0
0
0
0
0
0
0
0
0
0
0
0.219608
0.262745
0
0
0
0
0
0
0
0
0
0
0
0
0
0
0
0
0
0.27451
0.341176
0.101961
0
0
0
0
0
0
0
0
0
0
0
0
0
0
0
0
0.109804
0.792157
0.121569
0
0
0
0
0
0
0
0
0
0
0
0
0
0
0
0
0
0.596078
0.113725
0
0
0.231373
0.192157
0
0
0
0
0
0
0
0
0
0
0
0
0
0.509804
0.447059
0
0
0
0.133333
0.105882
0
0
0
0
0
0
0
0
0
0
0
0
0
0.341176
0.0313726
0
0
0
0
0
0
0
0
0
0
0
0
0
0
0
0
0
0
0
0
0
0
0
0
0
0
0
0
0
0
0
0
0
0
0
0
0
0
0
0
0
0
0
0
0
0
0
0
0
0
0
0
0
0
0
0
0
0
0
0
0
0
0
0
0
0
0
0
0
0
0
0
0
0
0
0
0
0
0
0
0
0
0
0
0
0
0
0
0
0
0
0
0
0
0
0
0
0
0
0
0
0
0
0
0
0
0
0
0
0
