0
0
0
0
0
0
0
0
0
0
0
0
0
0
0
0
0
0
0
0
0
0
0
0
0
0
0
0
0
0
0
0
0
0
0
0
0
0
0
0
0
0
0
0
0
0
0
0
0
0
0
0
0
0
0
0
0
0
0
0
0
0
0
0
0
0
0
0
0
0
0
0
0
0
0
0
0
0
0
0
0
0
0
0
0
0
0
0
0
0
0
0
0
0
0
0
0
0
0
0
0
0
0
0
0
0
0
0
0
0
0
0
0
0
0
0
0
0
0
0
0
0
0
0
0
0
0
0
0
0
0
0
0
0
0
0
0
0
0
0
0
0
0
0
0
0
0
0
0
0
0
0
0
0
0
0
0
0
0
0
0
0
0
0
0
0
0
0
0
0
0
0
0.576471
0.239216
0
0
0
0
0
0
0
0
0
0
0
0
0
0
0.121569
0.0627451
0
0.411765
0.733333
0.00784314
0
0
0
0
0
0
0
0
0
0
0
0
0
0
0.301961
0.176471
0.286275
0.803922
0.0666667
0
0
0
0
0
0
0
0
0
0
0
0
0
0
0
0
0.0862745
0.623529
0.152941
0.12549
0
0
0
0
0
0
0
0
0
0
0
0
0
0
0
0
0.537255
0.423529
0
0.533333
0.00392157
0
0
0
0
0
0
0
0
0
0
0
0
0
0
0.294118
0.8
0.027451
0
0
0
0
0
0
0
0
0
0
0
0
0
0
0
0
0
0.337255
0.145098
0
0
0
0
0
0
0
0
0
0
0
0
0
0
0
0
0
0
0
0
0
0
0
0
0
0
0
0
0
0
0
0
0
0
0
0
0
0
0
0
0
0
0
0
0
0
0
0
0
0
0
0
0
0
0
0
0
0
0
0
0
0
0
0
0
0
0
0
0
0
0
0
0
0
0
0
0
0
0
0
0
0
0
0
0
0
0
0
0
0
0
0
0
0
0
0
0
0
0
0
0
0
0
0
0
0
0
0
0
0
