0
0
0
0
0
0
0
0
0
0
0
0
0
0
0
0
0
0
0
0
0
0
0
0
0
0
0
0
0
0
0
0
0
0
0
0
0
0
0
0
0
0
0
0
0
0
0
0
0
0
0
0
0
0
0
0
0
0
0
0
0
0
0
0
0
0
0
0
0
0
0
0
0
0
0
0
0
0
0
0
0
0
0
0
0
0
0
0
0
0
0
0
0
0
0
0
0
0
0
0
0
0
0
0
0
0
0
0
0
0
0
0
0
0
0.239216
0.266667
0
0
0
0
0
0
0
0
0
0
0
0.054902
0.419608
0.0901961
0
0
0
0.152941
0.823529
0.188235
0
0
0
0
0
0
0
0
0
0
0
0.47451
1
0.380392
0
0
0.027451
0.329412
0.203922
0
0
0
0
0
0
0
0
0
0
0
0
0.635294
0.831373
0.129412
0
0
0.396078
0.380392
0
0
0
0
0
0
0
0
0
0
0
0
0
0
0
0
0
0.129412
0.419608
0
0
0
0
0
0
0
0
0
0
0
0
0
0
0
0
0
0.121569
0.788235
0.00392157
0
0.0901961
0
0
0
0
0
0
0
0
0
0
0
0
0
0
0
0.447059
0.333333
0
0.686275
0.913725
0.156863
0
0
0
0
0
0
0
0
0
0
0
0
0
0.219608
0.768627
0.027451
0.203922
0.811765
0.764706
0.231373
0
0
0
0
0
0
0
0
0
0
0
0
0.129412
0.827451
0.2
0
0.258824
0.968627
0.580392
0
0
0
0
0
0
0
0
0
0
0
0
0.0235294
0.792157
0.294118
0
0
0
0.133333
0
0
0
0
0
0
0
0
0
0
0
0
0
0.431373
0.580392
0
0
0
0
0
0
0
0
0
0
0
0
0
0
0
0
0
0
0.176471
0.0627451
0
0
0
0
0
0
0
0
0
0
0
0
0
0
0
0
0
0
0
0
0
0
0
0
0
0
0
0
0
0
0
0
0
0
0
0
0
0
0
0
0
0
0
0
0
0
0
0
0
0
0
0
0
0
0
0
0
0
0
0
0
0
0
0
0
0
0
0
0
0
0
