0
0
0
0
0
0
0
0
0
0
0
0
0
0
0
0
0
0
0
0
0
0
0
0
0
0
0
0
0
0
0
0
0
0
0
0
0
0
0
0
0
0
0
0
0
0
0
0
0
0
0
0
0
0
0
0
0
0
0
0
0
0
0
0
0
0
0
0
0
0
0
0
0
0
0
0
0
0
0
0
0
0
0
0
0
0
0
0
0
0
0
0
0
0
0
0
0
0
0
0
0
0
0
0
0
0
0
0
0
0
0
0
0
0
0
0
0
0
0
0
0
0
0
0
0
0
0
0
0
0
0
0
0
0
0
0
0
0
0
0
0
0
0
0
0
0
0
0
0.156863
0.380392
0
0
0
0.313726
0.0117647
0
0
0
0
0
0
0
0
0
0
0
0
0
0.027451
0.0980392
0
0
0.298039
0.756863
0.0235294
0
0
0
0
0
0
0
0
0
0
0
0
0
0
0
0
0.0235294
0.47451
0.105882
0
0
0
0
0
0
0
0
0
0
0
0
0
0
0
0
0.00392157
0.439216
0.286275
0
0
0
0
0
0
0
0
0
0
0
0
0
0
0
0
0
0.545098
0.596078
0
0
0
0
0
0
0
0
0
0
0
0
0
0
0
0
0
0.211765
0.690196
0.00784314
0.0705882
0.466667
0
0
0
0
0
0
0
0
0
0
0
0
0
0
0.0627451
0.854902
0.141176
0
0.00392157
0.121569
0
0
0
0
0
0
0
0
0
0
0
0
0
0
0.164706
0.431373
0
0
0
0
0
0
0
0
0
0
0
0
0
0
0
0
0
0
0
0
0
0
0
0
0
0
0
0
0
0
0
0
0
0
0
0
0
0
0
0
0
0
0
0
0
0
0
0
0
0
0
0
0
0
0
0
0
0
0
0
0
0
0
0
0
0
0
0
0
0
0
0
0
0
0
0
0
0
0
0
0
0
0
0
0
0
0
0
0
0
0
0
0
0
0
0
0
0
0
0
0
0
0
0
0
0
0
0
0
0
