0
0
0
0
0
0
0
0
0
0
0
0
0
0
0
0
0
0
0
0
0
0
0
0
0
0
0
0
0
0
0
0
0
0
0
0
0
0
0
0
0
0
0
0
0
0
0
0
0
0
0
0
0
0
0
0
0
0
0
0
0
0
0
0
0
0
0
0
0
0
0
0
0
0
0
0
0
0
0
0
0
0
0
0
0
0
0
0
0
0
0
0
0
0
0
0
0
0
0
0
0
0
0
0
0
0
0
0
0
0
0
0
0
0
0
0
0
0
0
0
0
0
0
0
0
0
0
0
0
0
0
0
0
0
0
0
0
0
0
0
0
0
0
0
0
0
0
0
0
0
0
0
0.0235294
0.0117647
0
0
0
0
0
0
0
0
0
0
0
0
0
0
0
0
0
0.0117647
0.760784
0.313726
0
0
0
0
0
0
0
0
0
0
0
0
0
0
0.462745
0.329412
0
0.447059
0.564706
0
0
0
0
0
0
0
0
0
0
0
0
0
0
0
0.00784314
0
0.172549
0.709804
0
0
0
0
0
0
0
0
0
0
0
0
0
0
0
0
0
0.0980392
0.819608
0.188235
0
0
0
0
0
0
0
0
0
0
0
0
0
0
0
0
0.00392157
0.686275
0.156863
0.105882
0.133333
0
0
0
0
0
0
0
0
0
0
0
0
0
0
0.109804
0.788235
0.129412
0
0.223529
0.266667
0
0
0
0
0
0
0
0
0
0
0
0
0
0
0.262745
0.309804
0
0
0
0
0
0
0
0
0
0
0
0
0
0
0
0
0
0
0
0
0
0
0
0
0
0
0
0
0
0
0
0
0
0
0
0
0
0
0
0
0
0
0
0
0
0
0
0
0
0
0
0
0
0
0
0
0
0
0
0
0
0
0
0
0
0
0
0
0
0
0
0
0
0
0
0
0
0
0
0
0
0
0
0
0
0
0
0
0
0
0
0
0
0
0
0
0
0
0
0
0
0
0
0
0
0
0
0
0
0
0
