0
0
0
0
0
0
0
0
0
0
0
0
0
0
0
0
0
0
0
0
0
0
0
0
0
0
0
0
0
0
0
0
0
0
0
0
0
0
0
0
0
0
0
0
0
0
0
0
0
0
0
0
0
0
0
0
0
0
0
0
0
0
0
0
0
0
0
0
0
0
0
0
0
0
0
0
0
0
0
0
0
0
0
0
0
0
0
0
0
0
0
0
0
0
0
0
0
0
0
0
0
0
0
0
0
0
0
0
0
0
0
0
0
0
0
0
0
0
0
0
0
0
0
0
0
0
0
0
0
0
0
0
0
0
0
0
0
0
0
0
0
0
0
0
0
0
0
0
0
0
0
0
0.0431373
0.137255
0
0
0
0
0
0
0
0
0
0
0
0
0
0
0.00392157
0
0
0
0.372549
0.592157
0
0
0
0
0
0
0
0
0
0
0
0
0
0
0.572549
0.301961
0
0.054902
0.741176
0.168627
0
0
0
0
0
0
0
0
0
0
0
0
0
0
0.00392157
0
0.0627451
0.490196
0.219608
0
0
0
0
0
0
0
0
0
0
0
0
0
0
0
0
0.00784314
0.647059
0.533333
0.2
0
0
0
0
0
0
0
0
0
0
0
0
0
0
0
0.0235294
0.686275
0.513726
0.172549
0.2
0
0
0
0
0
0
0
0
0
0
0
0
0
0
0
0.0117647
0.337255
0.00392157
0
0
0
0
0
0
0
0
0
0
0
0
0
0
0
0
0
0
0
0
0
0
0
0
0
0
0
0
0
0
0
0
0
0
0
0
0
0
0
0
0
0
0
0
0
0
0
0
0
0
0
0
0
0
0
0
0
0
0
0
0
0
0
0
0
0
0
0
0
0
0
0
0
0
0
0
0
0
0
0
0
0
0
0
0
0
0
0
0
0
0
0
0
0
0
0
0
0
0
0
0
0
0
0
0
0
0
0
0
0
0
0
0
0
0
0
0
0
0
0
0
0
0
0
0
0
0
0
0
