0
0
0
0
0
0
0
0
0
0
0
0
0
0
0
0
0
0
0
0
0
0
0
0
0
0
0
0
0
0
0
0
0
0
0
0
0
0
0
0
0
0
0
0
0
0
0
0
0
0
0
0
0
0
0
0
0
0
0
0
0
0
0
0
0
0
0
0
0
0
0
0
0
0
0
0
0
0
0
0
0
0
0
0
0
0
0
0.0117647
0.0745098
0.0117647
0
0
0
0
0
0
0
0
0
0
0
0
0
0
0
0
0.0627451
0.827451
0.811765
0.878431
0.705882
0.537255
0.529412
0.329412
0.054902
0
0
0
0
0
0
0
0
0
0
0
0.635294
0.407843
0
0.00392157
0.266667
0.337255
0.360784
0.6
0.839216
0.258824
0
0
0
0
0
0
0
0
0
0.164706
0.792157
0.00392157
0
0
0
0
0
0
0.133333
0.823529
0.101961
0
0
0
0
0
0
0
0
0.454902
0.443137
0
0
0
0
0
0
0
0
0.309804
0.756863
0.00392157
0
0
0
0
0
0
0
0.666667
0.2
0
0
0
0
0
0
0
0
0
0.666667
0.341176
0
0
0
0
0
0
0
0.662745
0.196078
0
0
0
0
0
0
0
0
0
0.0666667
0.478431
0
0
0
0
0
0
0
0.376471
0.137255
0
0
0
0
0
0
0
0
0
0
0.596078
0
0
0
0
0
0
0
0.145098
0.27451
0
0
0
0
0
0
0
0
0
0.109804
0.807843
0
0
0
0
0
0
0
0.027451
0.396078
0.0352941
0
0
0
0
0
0
0
0.00784314
0.670588
0.4
0
0
0
0
0
0
0
0
0.0745098
0.835294
0.172549
0
0
0
0
0
0.196078
0.627451
0.564706
0.00392157
0
0
0
0
0
0
0
0
0
0.137255
0.831373
0.568627
0.419608
0.435294
0.6
0.796078
0.623529
0.309804
0.0117647
0
0
0
0
0
0
0
0
0
0
0
0.0431373
0.333333
0.478431
0.454902
0.239216
0.054902
0
0
0
0
0
0
0
0
0
0
0
0
0
0
0
0
0
0
0
0
0
0
0
0
0
0
0
0
0
0
0
0
0
0
0
0
0
0
0
0
0
0
0
0
0
0
0
0
0
0
0
0
0
0
0
0
0
0
0
0
0
0
0
0
0
0
