0
0
0
0
0
0
0
0
0
0
0
0
0
0
0
0
0
0
0
0
0
0
0
0
0
0
0
0
0
0
0
0
0
0
0
0
0
0
0
0
0
0
0
0
0
0
0
0
0
0
0
0
0
0
0
0
0
0
0
0
0
0
0
0
0
0
0
0
0
0
0
0
0
0
0
0
0
0
0
0
0
0
0
0
0
0
0
0
0
0
0.156863
0.494118
0.0666667
0
0
0
0
0
0
0
0
0
0
0
0
0
0
0
0
0
0.0980392
0.827451
0.803922
0.054902
0
0
0
0
0
0
0
0
0
0
0
0
0
0
0
0.266667
0.580392
0.607843
0.270588
0.313726
0.0705882
0
0
0
0
0
0
0
0
0
0
0
0
0.0431373
0.498039
0.619608
0.0431373
0
0
0.243137
0.054902
0
0
0
0
0
0
0
0
0
0
0
0
0.560784
0.345098
0
0
0
0
0
0.2
0.337255
0
0
0
0
0
0
0
0
0
0
0.176471
0.698039
0
0
0
0
0
0
0.0392157
0.0862745
0
0
0
0
0
0
0
0
0
0
0.439216
0.431373
0
0
0
0
0
0
0
0.466667
0.0705882
0
0
0
0
0
0
0
0
0
0.439216
0.262745
0
0
0
0
0
0
0
0.145098
0.101961
0
0
0
0
0
0
0
0
0
0.396078
0.227451
0
0
0
0
0
0
0
0.180392
0.478431
0
0
0
0
0
0
0
0
0
0.231373
0.470588
0
0
0
0
0
0
0
0.407843
0.513726
0
0
0
0
0
0
0
0
0
0.00784314
0.733333
0.0313726
0
0
0
0
0
0.00392157
0.760784
0.109804
0
0
0
0
0
0
0
0
0
0
0.372549
0.741176
0.270588
0.121569
0.0627451
0.0980392
0.160784
0.654902
0
0
0
0
0
0
0
0
0
0
0
0
0.00392157
0.258824
0.658824
0.709804
0.423529
0.32549
0.266667
0
0
0
0
0
0
0
0
0
0
0
0
0
0
0
0
0
0
0
0
0
0
0
0
0
0
0
0
0
0
0
0
0
0
0
0
0
0
0
0
0
0
0
0
0
0
0
0
0
0
0
0
0
0
0
0
0
0
0
0
0
0
0
0
0
0
