0
0
0
0
0
0
0
0
0
0
0
0
0
0
0
0
0
0
0
0
0
0
0
0
0
0
0
0
0
0
0
0
0
0
0
0
0
0
0
0
0
0
0
0
0
0
0
0
0
0
0
0
0
0
0
0
0
0
0
0
0
0
0
0
0
0
0
0
0
0
0
0
0
0
0
0
0
0
0
0
0
0
0
0
0
0
0
0
0
0
0
0
0
0
0
0
0
0
0
0
0
0
0
0
0
0
0
0
0
0
0.529412
0.466667
0.0313726
0
0
0
0
0
0
0
0
0
0
0
0
0
0
0
0
0.301961
0.654902
0.643137
0.760784
0.0862745
0
0
0
0
0
0
0
0
0
0
0
0
0
0.129412
0.670588
0.243137
0.0627451
0
0.329412
0.670588
0.027451
0
0
0
0
0
0
0
0
0
0
0
0.152941
0.847059
0.286275
0
0
0
0
0.513726
0.462745
0
0
0
0
0
0
0
0
0
0
0
0.6
0.368627
0
0
0
0
0
0.0392157
0.827451
0.0862745
0
0
0
0
0
0
0
0
0
0
0.635294
0.243137
0
0
0
0
0
0
0.4
0.466667
0
0
0
0
0
0
0
0
0
0
0.509804
0.133333
0
0
0
0
0
0
0.270588
0.603922
0
0
0
0
0
0
0
0
0
0
0.694118
0.0941176
0
0
0
0
0
0
0.309804
0.592157
0
0
0
0
0
0
0
0
0
0
0.788235
0.0627451
0
0
0
0
0
0.0313726
0.662745
0.223529
0
0
0
0
0
0
0
0
0
0
0.662745
0.337255
0
0
0
0
0.133333
0.372549
0.321569
0
0
0
0
0
0
0
0
0
0
0
0.141176
0.862745
0.333333
0.0705882
0.0588235
0.243137
0.364706
0.192157
0
0
0
0
0
0
0
0
0
0
0
0
0
0.137255
0.572549
0.803922
0.772549
0.47451
0.105882
0
0
0
0
0
0
0
0
0
0
0
0
0
0
0
0
0
0
0
0
0
0
0
0
0
0
0
0
0
0
0
0
0
0
0
0
0
0
0
0
0
0
0
0
0
0
0
0
0
0
0
0
0
0
0
0
0
0
0
0
0
0
0
0
0
0
0
