0
0
0
0
0
0
0
0
0
0
0
0
0
0
0
0
0
0
0
0
0
0
0
0
0
0
0
0
0
0
0
0
0
0
0
0
0
0
0
0
0
0
0
0
0
0
0
0
0
0
0
0
0
0
0
0
0
0
0
0
0
0
0
0
0
0
0
0
0
0
0.0588235
0.0705882
0.00392157
0
0
0
0
0
0
0
0
0
0
0
0
0
0
0
0
0.0117647
0.678431
0.803922
0.819608
0.52549
0.219608
0
0
0
0
0
0
0
0
0
0
0
0
0
0.321569
0.905882
0.478431
0
0
0.145098
0.807843
0.290196
0
0
0
0
0
0
0
0
0
0
0.00392157
0.419608
0.478431
0.0705882
0
0
0
0
0.109804
0.823529
0.054902
0
0
0
0
0
0
0
0
0
0.290196
0.490196
0.00392157
0
0
0
0
0
0
0.294118
0.254902
0
0
0
0
0
0
0
0
0.0862745
0.705882
0.054902
0
0
0
0
0
0
0
0
0.513726
0
0
0
0
0
0
0
0
0.427451
0.407843
0
0
0
0
0
0
0
0
0
0.639216
0.172549
0
0
0
0
0
0
0
0.568627
0.235294
0
0
0
0
0
0
0
0
0
0.635294
0.168627
0
0
0
0
0
0
0
0.380392
0.160784
0
0
0
0
0
0
0
0
0
0.388235
0.0352941
0
0
0
0
0
0
0
0.12549
0.533333
0
0
0
0
0
0
0
0
0.027451
0.552941
0.027451
0
0
0
0
0
0
0
0
0.501961
0.12549
0
0
0
0
0
0
0
0.223529
0.380392
0
0
0
0
0
0
0
0
0
0.0352941
0.243137
0.054902
0
0
0
0
0
0.266667
0.823529
0.00392157
0
0
0
0
0
0
0
0
0
0
0.294118
0.227451
0.113725
0
0
0.054902
0.403922
0.435294
0.101961
0
0
0
0
0
0
0
0
0
0
0
0
0.266667
0.819608
0.580392
0.498039
0.709804
0.372549
0.027451
0
0
0
0
0
0
0
0
0
0
0
0
0
0
0.0235294
0.258824
0.262745
0.137255
0
0
0
0
0
0
0
0
0
0
0
0
0
0
0
0
0
0
0
0
0
0
0
0
0
0
0
0
0
0
0
0
0
0
0
0
0
0
0
0
0
0
0
0
0
0
0
