0
0
0
0
0
0
0
0
0
0
0
0
0
0
0
0
0
0
0
0
0
0
0
0
0
0
0
0
0
0
0
0
0
0
0
0
0
0
0
0
0
0
0
0
0
0
0
0
0
0
0
0
0
0
0
0
0
0
0
0
0
0
0
0
0
0
0
0
0
0
0
0
0
0
0
0
0
0
0
0
0
0
0
0
0
0
0
0
0
0
0
0
0
0
0
0
0
0
0
0
0
0
0
0
0
0
0
0
0
0
0
0
0
0
0
0
0
0
0
0
0
0
0
0
0
0
0
0.0313726
0.00784314
0.00784314
0.00784314
0.00784314
0.00784314
0.00392157
0.0196078
0
0
0
0
0
0
0
0
0
0
0
0.0431373
0.956863
0.866667
0.866667
0.87451
0.831373
0.823529
0.764706
0.933333
0
0
0
0
0
0
0
0
0
0
0
0.0666667
0.8
0
0
0
0
0
0
0.858824
0.0745098
0
0
0
0
0
0
0
0
0
0
0.0705882
0.803922
0
0
0
0
0
0
0.678431
0.286275
0
0
0
0
0
0
0
0
0
0
0.0784314
0.811765
0
0
0
0
0
0
0.552941
0.352941
0
0
0
0
0
0
0
0
0
0
0.054902
0.768627
0
0
0
0
0
0
0.537255
0.337255
0
0
0
0
0
0
0
0
0
0
0.0784314
0.811765
0
0
0
0
0
0
0.6
0.32549
0
0
0
0
0
0
0
0
0
0
0.105882
0.894118
0.262745
0.101961
0.105882
0.0745098
0.129412
0.219608
0.886275
0.0862745
0
0
0
0
0
0
0
0
0
0
0.0235294
0.505882
0.627451
0.670588
0.698039
0.588235
0.776471
0.745098
0.376471
0
0
0
0
0
0
0
0
0
0
0
0
0
0
0
0
0
0
0
0
0
0
0
0
0
0
0
0
0
0
0
0
0
0
0
0
0
0
0
0
0
0
0
0
0
0
0
0
0
0
0
0
0
0
0
0
0
0
0
0
0
0
0
0
0
0
0
0
0
0
0
0
0
0
0
0
0
0
0
0
0
0
0
0
0
0
0
0
0
0
0
0
0
0
0
0
0
0
0
0
0
0
0
0
0
