0
0
0
0
0
0
0
0
0
0
0
0
0
0
0
0
0
0
0
0
0
0
0
0
0
0
0
0
0
0
0
0
0
0
0
0
0
0
0
0
0
0
0
0
0
0
0
0
0
0
0
0
0
0
0
0
0
0
0
0
0
0
0
0
0
0
0
0
0
0
0
0
0
0
0
0
0
0
0
0
0
0
0
0
0
0
0
0
0
0
0
0
0
0
0
0
0
0
0
0
0
0
0
0
0
0
0
0
0
0
0
0
0
0
0
0
0
0
0
0
0
0
0
0
0
0
0
0
0
0
0.00784314
0.447059
0.054902
0
0
0
0
0
0
0
0
0
0
0
0
0
0
0
0
0.0431373
0.635294
0.898039
0.411765
0
0
0
0
0
0
0
0
0
0
0
0
0
0
0
0.0313726
0.611765
0.458824
0.180392
0.843137
0.00392157
0
0
0
0
0
0
0
0
0
0
0
0
0
0.0862745
0.603922
0.211765
0
0
0.658824
0.521569
0
0
0
0
0
0
0
0
0
0
0
0
0.0901961
0.819608
0.294118
0
0
0
0.0117647
0.8
0.301961
0
0
0
0
0
0
0
0
0
0
0
0.756863
0.329412
0
0
0
0
0
0.105882
0.854902
0.141176
0
0
0
0
0
0
0
0
0
0
0.345098
0.780392
0.2
0
0
0
0
0
0.52549
0.560784
0
0
0
0
0
0
0
0
0
0
0
0.231373
0.854902
0.309804
0
0
0.0627451
0.643137
0.827451
0.145098
0
0
0
0
0
0
0
0
0
0
0
0
0.0901961
0.796078
0.541176
0.505882
0.839216
0.392157
0.00784314
0
0
0
0
0
0
0
0
0
0
0
0
0
0
0.0392157
0.670588
0.466667
0.0117647
0
0
0
0
0
0
0
0
0
0
0
0
0
0
0
0
0
0
0
0
0
0
0
0
0
0
0
0
0
0
0
0
0
0
0
0
0
0
0
0
0
0
0
0
0
0
0
0
0
0
0
0
0
0
0
0
0
0
0
0
0
0
0
0
0
0
0
0
0
0
0
0
0
0
0
0
0
0
0
0
0
0
0
0
0
0
0
