0
0
0
0
0
0
0
0
0
0
0
0
0
0
0
0
0
0
0
0
0
0
0
0
0
0
0
0
0
0
0
0
0
0
0
0
0
0
0
0
0
0
0
0
0
0
0
0
0
0
0
0
0
0
0
0
0
0
0
0
0
0
0
0
0
0
0
0
0
0
0
0
0
0
0
0
0
0
0
0
0
0
0
0
0
0
0
0
0
0
0
0
0
0
0
0
0
0
0
0
0
0
0
0
0
0
0
0
0
0
0
0
0
0
0
0
0
0
0
0
0
0
0
0
0
0
0
0.0745098
0
0
0
0
0
0
0
0
0
0
0
0
0
0
0
0
0
0
0.266667
0.945098
0.576471
0.580392
0.572549
0.12549
0.419608
0.294118
0.176471
0.337255
0.0784314
0
0
0
0
0
0
0
0
0
0.105882
0.745098
0.243137
0.247059
0.239216
0.027451
0.168627
0.243137
0.188235
0.713726
0.501961
0
0
0
0
0
0
0
0
0
0.00392157
0.658824
0
0
0
0
0
0
0
0.254902
0.686275
0
0
0
0
0
0
0
0
0
0.00784314
0.811765
0
0
0
0
0
0
0
0.0745098
0.764706
0
0
0
0
0
0
0
0
0
0.00392157
0.792157
0
0
0
0
0
0
0
0
0.780392
0
0
0
0
0
0
0
0
0
0.0196078
0.87451
0
0
0
0
0
0
0
0
0.886275
0
0
0
0
0
0
0
0
0
0.0352941
0.921569
0.203922
0.113725
0.105882
0.0980392
0.12549
0.0784314
0.133333
0.105882
0.909804
0
0
0
0
0
0
0
0
0
0.00784314
0.596078
0.67451
0.713726
0.705882
0.690196
0.72549
0.627451
0.733333
0.843137
0.745098
0
0
0
0
0
0
0
0
0
0
0
0
0
0
0
0
0
0
0
0
0
0
0
0
0
0
0
0
0
0
0
0
0
0
0
0
0
0
0
0
0
0
0
0
0
0
0
0
0
0
0
0
0
0
0
0
0
0
0
0
0
0
0
0
0
0
0
0
0
0
0
0
0
0
0
0
0
0
0
0
0
0
0
0
0
0
0
0
0
0
0
0
0
0
0
0
0
0
0
0
0
0
0
