0
0
0
0
0
0
0
0
0
0
0
0
0
0
0
0
0
0
0
0
0
0
0
0
0
0
0
0
0
0
0
0
0
0
0
0
0
0
0
0
0
0
0
0
0
0
0
0
0
0
0
0
0
0
0
0
0
0
0
0
0
0
0
0
0
0
0
0
0
0
0
0
0
0
0
0
0
0
0
0
0
0
0
0
0
0
0
0
0
0
0
0
0
0
0
0
0
0
0
0
0
0
0
0
0
0
0
0
0
0
0
0
0
0
0
0
0
0
0
0
0
0
0
0
0
0
0
0
0
0
0
0
0.00784314
0
0
0
0
0
0
0
0
0
0
0
0
0
0
0.27451
0.533333
0.552941
0.572549
0.72549
0.964706
0.329412
0
0
0
0
0
0
0
0
0
0
0
0
0.733333
0.764706
0.388235
0.278431
0.239216
0.156863
0.113725
0.847059
0.137255
0
0
0
0
0
0
0
0
0
0
0.345098
0.356863
0
0
0
0
0
0
0.247059
0.807843
0.0235294
0
0
0
0
0
0
0
0
0
0.435294
0.435294
0
0
0
0
0
0
0
0.658824
0.290196
0
0
0
0
0
0
0
0
0
0.137255
0.764706
0.00392157
0
0
0
0
0
0
0.133333
0.733333
0.0117647
0
0
0
0
0
0
0
0
0
0.658824
0.235294
0
0
0
0
0
0
0.113725
0.909804
0.0784314
0
0
0
0
0
0
0
0
0
0.156863
0.862745
0.121569
0
0
0.0470588
0.313726
0.623529
0.878431
0.345098
0
0
0
0
0
0
0
0
0
0
0
0.254902
0.729412
0.290196
0.709804
0.721569
0.521569
0.290196
0.0313726
0
0
0
0
0
0
0
0
0
0
0
0
0
0.701961
0.619608
0.137255
0
0
0
0
0
0
0
0
0
0
0
0
0
0
0
0
0
0.027451
0.00784314
0
0
0
0
0
0
0
0
0
0
0
0
0
0
0
0
0
0
0
0
0
0
0
0
0
0
0
0
0
0
0
0
0
0
0
0
0
0
0
0
0
0
0
0
0
0
0
0
0
0
0
0
0
0
0
0
0
0
0
0
0
0
0
0
0
0
0
0
0
0
