0
0
0
0
0
0
0
0
0
0
0
0
0
0
0
0
0
0
0
0
0
0
0
0
0
0
0
0
0
0
0
0
0
0
0
0
0
0
0
0
0
0
0
0
0
0
0
0
0
0
0
0
0
0
0
0
0
0
0
0
0
0
0
0
0
0
0
0
0
0
0
0
0
0
0
0
0
0
0
0
0
0
0
0
0
0
0
0
0
0
0
0
0
0
0
0
0
0
0
0
0
0
0
0
0
0
0
0
0
0
0
0
0
0
0
0
0
0
0
0
0
0
0
0
0
0
0
0
0
0
0
0
0
0
0
0
0
0
0
0
0
0
0
0
0
0
0
0.380392
0.478431
0.521569
0.454902
0.533333
0.423529
0.419608
0.129412
0
0
0
0
0
0
0
0
0
0
0
0.505882
0.639216
0.298039
0.321569
0.262745
0.333333
0.352941
0.498039
0.894118
0.2
0
0
0
0
0
0
0
0
0
0
0.823529
0.0627451
0
0
0
0
0
0
0.623529
0.290196
0
0
0
0
0
0
0
0
0
0.00392157
0.803922
0
0
0
0
0
0
0
0.619608
0.286275
0
0
0
0
0
0
0
0
0
0.0352941
0.831373
0
0
0
0
0
0
0
0.670588
0.235294
0
0
0
0
0
0
0
0
0
0.168627
0.729412
0
0
0
0
0
0
0
0.643137
0.176471
0
0
0
0
0
0
0
0
0
0.168627
0.854902
0.407843
0.121569
0.286275
0.0784314
0.219608
0.286275
0.396078
0.811765
0.211765
0
0
0
0
0
0
0
0
0
0
0.101961
0.309804
0.156863
0.341176
0.101961
0.262745
0.341176
0.462745
0.52549
0.0862745
0
0
0
0
0
0
0
0
0
0
0
0
0
0
0
0
0
0
0
0
0
0
0
0
0
0
0
0
0
0
0
0
0
0
0
0
0
0
0
0
0
0
0
0
0
0
0
0
0
0
0
0
0
0
0
0
0
0
0
0
0
0
0
0
0
0
0
0
0
0
0
0
0
0
0
0
0
0
0
0
0
0
0
0
0
0
0
0
0
0
0
0
0
0
0
0
0
0
0
0
0
0
0
0
