0
0
0
0
0
0
0
0
0
0
0
0
0
0
0
0
0
0
0
0
0
0
0
0
0
0
0
0
0
0
0
0
0
0
0
0
0
0
0
0
0
0
0
0
0
0
0
0
0
0
0
0
0
0
0
0
0
0
0
0
0
0
0
0
0
0
0
0
0
0
0
0
0
0
0
0
0
0
0
0
0
0
0
0
0
0
0
0
0
0
0
0
0
0
0
0
0
0
0
0
0
0
0
0
0
0
0
0
0
0
0
0
0
0
0
0
0
0
0
0
0
0
0
0
0
0
0
0
0
0
0
0
0
0
0
0
0
0
0
0
0
0
0
0
0
0
0
0
0
0
0
0
0
0
0
0
0
0
0
0
0
0
0
0
0
0
0
0.00784314
0.423529
0.568627
0.313726
0.12549
0.00392157
0
0
0
0
0
0
0
0
0
0
0
0
0
0
0.0392157
0.858824
0.639216
0.372549
0.521569
0.866667
0.286275
0
0
0
0
0
0
0
0
0
0
0
0
0
0
0.768627
0.121569
0
0
0.470588
0.447059
0
0
0
0
0
0
0
0
0
0
0
0
0
0
0.894118
0
0
0
0.294118
0.529412
0
0
0
0
0
0
0
0
0
0
0
0
0
0
0.886275
0
0
0
0.262745
0.596078
0
0
0
0
0
0
0
0
0
0
0
0
0
0
0.886275
0.168627
0.145098
0.101961
0.490196
0.521569
0
0
0
0
0
0
0
0
0
0
0
0
0
0
0.529412
0.741176
0.745098
0.694118
0.576471
0.141176
0
0
0
0
0
0
0
0
0
0
0
0
0
0
0
0
0
0
0
0
0
0
0
0
0
0
0
0
0
0
0
0
0
0
0
0
0
0
0
0
0
0
0
0
0
0
0
0
0
0
0
0
0
0
0
0
0
0
0
0
0
0
0
0
0
0
0
0
0
0
0
0
0
0
0
0
0
0
0
0
0
0
0
0
0
0
0
0
0
0
0
0
0
0
0
0
0
0
0
0
0
0
0
0
0
0
