0
0
0
0
0
0
0
0
0
0
0
0
0
0
0
0
0
0
0
0
0
0
0
0
0
0
0
0
0
0
0
0
0
0
0
0
0
0
0
0
0
0
0
0
0
0
0
0
0
0
0
0
0
0
0
0
0
0
0
0
0
0
0
0
0
0
0
0
0
0
0
0
0
0
0
0
0
0
0
0
0
0
0
0
0
0
0
0
0
0
0
0
0
0
0
0
0
0
0
0
0
0
0
0
0
0
0
0
0
0
0
0
0
0
0
0
0
0
0
0
0
0
0
0
0
0.443137
0.898039
0.87451
0.741176
0.690196
0.239216
0.423529
0.478431
0.337255
0.537255
0.235294
0
0
0
0
0
0
0
0
0
0.290196
0.596078
0
0
0
0
0
0
0.027451
0.352941
0.819608
0
0
0
0
0
0
0
0
0
0.176471
0.454902
0
0
0
0
0
0
0
0.00392157
0.827451
0
0
0
0
0
0
0
0
0
0.180392
0.47451
0
0
0
0
0
0
0
0
0.878431
0.00392157
0
0
0
0
0
0
0
0
0.231373
0.545098
0
0
0
0
0
0
0
0
0.486275
0.121569
0
0
0
0
0
0
0
0
0.235294
0.576471
0
0
0
0
0
0
0
0
0.552941
0.219608
0
0
0
0
0
0
0
0
0.2
0.666667
0
0
0
0
0
0
0
0
0.596078
0.262745
0
0
0
0
0
0
0
0
0.207843
0.709804
0.0862745
0.027451
0.0352941
0
0.00392157
0
0
0
0.670588
0.235294
0
0
0
0
0
0
0
0
0.105882
0.627451
0.705882
0.396078
0.623529
0.301961
0.541176
0.713726
0.858824
0.886275
0.866667
0.054902
0
0
0
0
0
0
0
0
0
0
0
0
0
0
0
0
0
0
0
0
0
0
0
0
0
0
0
0
0
0
0
0
0
0
0
0
0
0
0
0
0
0
0
0
0
0
0
0
0
0
0
0
0
0
0
0
0
0
0
0
0
0
0
0
0
0
0
0
0
0
0
0
0
0
0
0
0
0
0
0
0
0
0
0
0
0
0
0
0
0
0
0
0
0
0
0
0
0
0
0
0
0
0
