0
0
0
0
0
0
0
0
0
0
0
0
0
0
0
0
0
0
0
0
0
0
0
0
0
0
0
0
0
0
0
0
0
0
0
0
0
0
0
0
0
0
0
0
0
0
0
0
0
0
0
0
0
0
0
0
0
0
0
0
0
0
0
0
0
0
0
0
0
0
0
0
0
0
0
0
0
0
0
0
0
0
0
0
0
0
0
0
0
0
0
0
0
0
0
0
0
0
0
0
0
0
0
0
0
0
0
0
0
0
0
0
0
0
0
0
0
0
0
0
0
0
0
0
0
0
0
0
0
0
0
0
0
0
0
0
0
0
0
0
0
0
0
0
0
0
0
0
0.027451
0.396078
0.278431
0.113725
0.0980392
0
0
0
0
0
0
0
0
0
0
0
0
0
0
0
0.670588
0.564706
0.380392
0.490196
0.788235
0.792157
0.831373
0.141176
0
0
0
0
0
0
0
0
0
0
0
0.152941
0.843137
0.0117647
0
0
0
0.0313726
0.878431
0.0941176
0
0
0
0
0
0
0
0
0
0
0
0.521569
0.337255
0
0
0
0
0.286275
0.6
0
0
0
0
0
0
0
0
0
0
0
0.0784314
0.890196
0.00784314
0
0
0
0
0.490196
0.231373
0
0
0
0
0
0
0
0
0
0
0
0.368627
0.678431
0
0
0
0
0.0352941
0.862745
0.027451
0
0
0
0
0
0
0
0
0
0
0
0.109804
0.686275
0.811765
0.647059
0.313726
0.309804
0.439216
0.603922
0
0
0
0
0
0
0
0
0
0
0
0
0
0
0.0745098
0.211765
0.172549
0.537255
0.827451
0.176471
0
0
0
0
0
0
0
0
0
0
0
0
0
0
0
0
0
0
0
0
0
0
0
0
0
0
0
0
0
0
0
0
0
0
0
0
0
0
0
0
0
0
0
0
0
0
0
0
0
0
0
0
0
0
0
0
0
0
0
0
0
0
0
0
0
0
0
0
0
0
0
0
0
0
0
0
0
0
0
0
0
0
0
0
0
0
0
0
0
0
0
0
0
0
0
0
0
0
0
0
0
0
0
0
0
0
