0
0
0
0
0
0
0
0
0
0
0
0
0
0
0
0
0
0
0
0
0
0
0
0
0
0
0
0
0
0
0
0
0
0
0
0
0
0
0
0
0
0
0
0
0
0
0
0
0
0
0
0
0
0
0
0
0
0
0
0
0
0
0
0
0
0
0
0
0
0
0
0
0
0
0
0
0
0
0
0
0
0
0
0
0
0
0
0
0
0
0
0
0
0
0
0
0
0
0
0
0
0
0
0
0
0
0
0
0
0
0
0
0
0
0
0
0
0
0
0
0
0
0
0
0
0
0
0
0
0
0
0
0.109804
0.439216
0.87451
0.235294
0
0
0
0
0
0
0
0
0
0
0
0
0
0.0470588
0.466667
0.623529
0.8
0.466667
0.470588
0.552941
0
0
0
0
0
0
0
0
0
0
0.054902
0.329412
0.576471
0.870588
0.341176
0.0980392
0
0
0.0666667
0.854902
0.0666667
0
0
0
0
0
0
0
0.0117647
0.490196
0.866667
0.631373
0.337255
0.121569
0
0
0
0
0
0.423529
0.560784
0
0
0
0
0
0
0
0.0705882
0.941176
0.0705882
0
0
0
0
0
0
0
0
0.0235294
0.768627
0.266667
0
0
0
0
0
0
0
0.788235
0.12549
0
0
0
0
0
0
0
0
0
0.172549
0.831373
0
0
0
0
0
0
0
0.372549
0.301961
0
0
0
0
0
0
0
0
0
0.352941
0.909804
0
0
0
0
0
0
0
0.243137
0.509804
0
0
0
0
0
0
0
0.164706
0.627451
0.709804
0.235294
0
0
0
0
0
0
0
0.0705882
0.470588
0
0
0
0
0.164706
0.2
0.623529
0.168627
0.164706
0
0
0
0
0
0
0
0
0
0
0.658824
0.231373
0.129412
0.643137
0.658824
0.133333
0.164706
0.00392157
0
0
0
0
0
0
0
0
0
0
0
0
0.294118
0.945098
0.733333
0.192157
0
0
0
0
0
0
0
0
0
0
0
0
0
0
0
0
0
0.121569
0
0
0
0
0
0
0
0
0
0
0
0
0
0
0
0
0
0
0
0
0
0
0
0
0
0
0
0
0
0
0
0
0
0
0
0
0
0
0
0
0
0
0
0
0
0
0
0
0
0
0
0
