0
0
0
0
0
0
0
0
0
0
0
0
0
0
0
0
0
0
0
0
0
0
0
0
0
0
0
0
0
0
0
0
0
0
0
0
0
0
0
0
0
0
0
0
0
0
0
0
0
0
0
0
0
0
0
0
0
0
0
0
0
0
0
0
0
0
0
0
0
0
0
0
0
0
0
0
0
0
0
0
0
0
0
0
0
0
0
0
0
0
0
0
0
0
0
0
0
0
0
0
0
0
0
0
0
0
0
0
0
0.219608
0.454902
0.537255
0.541176
0.486275
0.101961
0
0
0
0
0
0
0
0
0
0
0
0
0.333333
0.792157
0.635294
0.447059
0.337255
0.341176
0.458824
0.866667
0.152941
0
0
0
0
0
0
0
0
0
0
0.247059
0.823529
0.0941176
0
0
0
0
0
0.227451
0.686275
0
0
0
0
0
0
0
0
0
0
0.690196
0.266667
0
0
0
0
0
0
0
0.894118
0
0
0
0
0
0
0
0
0
0
0.839216
0.0666667
0
0
0
0
0
0
0.0666667
0.835294
0
0
0
0
0
0
0
0
0
0
0.878431
0.0117647
0
0
0
0
0
0.0705882
0.741176
0.360784
0
0
0
0
0
0
0
0
0
0
0.839216
0.0196078
0
0
0
0
0.145098
0.745098
0.360784
0
0
0
0
0
0
0
0
0
0
0
0.501961
0.376471
0
0
0
0.247059
0.827451
0.647059
0.419608
0
0
0
0
0
0
0
0
0
0
0
0.176471
0.831373
0.101961
0
0.180392
0.705882
0.556863
0.792157
0.0666667
0
0
0
0
0
0
0
0
0
0
0
0
0.737255
0.952941
0.819608
0.972549
0.901961
0.631373
0.0666667
0
0
0
0
0
0
0
0
0
0
0
0
0
0.0196078
0.0392157
0.207843
0.278431
0.168627
0
0
0
0
0
0
0
0
0
0
0
0
0
0
0
0
0
0
0
0
0
0
0
0
0
0
0
0
0
0
0
0
0
0
0
0
0
0
0
0
0
0
0
0
0
0
0
0
0
0
0
0
0
0
0
0
0
0
0
0
0
0
0
0
0
0
0
0
0
0
0
0
0
0
0
0
0
0
0
0
0
0
0
0
0
0
0
0
