0
0
0
0
0
0
0
0
0
0
0
0
0
0
0
0
0
0
0
0
0
0
0
0
0
0
0
0
0
0
0
0
0
0
0
0
0
0
0
0
0
0
0
0
0
0
0
0
0
0
0
0
0
0
0
0
0
0
0
0
0
0
0
0
0
0
0
0
0
0
0.211765
0.333333
0.301961
0.0431373
0
0
0
0
0
0
0
0
0
0
0
0
0
0.137255
0.462745
0.294118
0.705882
0.533333
0.588235
0.87451
0.266667
0
0
0
0
0
0
0
0
0
0
0.0235294
0.509804
0.839216
0.2
0.0117647
0
0
0
0.0901961
0.737255
0.0745098
0
0
0
0
0
0
0
0
0
0.309804
0.835294
0.0784314
0
0
0
0
0
0
0.0392157
0.666667
0.00392157
0
0
0
0
0
0
0
0
0.411765
0.533333
0
0
0
0
0
0
0
0
0.631373
0.235294
0
0
0
0
0
0
0
0
0.411765
0.478431
0
0
0
0
0
0
0
0
0.188235
0.721569
0
0
0
0
0
0
0
0
0.407843
0.47451
0
0
0
0
0
0
0
0
0
0.721569
0.121569
0
0
0
0
0
0
0
0.411765
0.478431
0
0
0
0
0
0
0
0
0
0.537255
0.12549
0
0
0
0
0
0
0
0.466667
0.423529
0
0
0
0
0
0
0
0
0
0.635294
0.133333
0
0
0
0
0
0
0
0.466667
0.4
0
0
0
0
0
0
0
0
0.0235294
0.866667
0.054902
0
0
0
0
0
0
0
0.466667
0.411765
0
0
0
0
0
0
0
0.0117647
0.619608
0.505882
0
0
0
0
0
0
0
0
0.109804
0.831373
0.00392157
0
0
0
0
0
0.168627
0.756863
0.490196
0.00392157
0
0
0
0
0
0
0
0
0
0.337255
0.380392
0
0
0
0.0705882
0.592157
0.741176
0.223529
0
0
0
0
0
0
0
0
0
0
0
0.027451
0.588235
0.627451
0.411765
0.47451
0.678431
0.388235
0.00392157
0
0
0
0
0
0
0
0
0
0
0
0
0
0.0117647
0.356863
0.478431
0.419608
0.0392157
0
0
0
0
0
0
0
0
0
0
0
0
0
0
0
0
0
0
0
0
0
0
0
0
0
0
0
0
0
0
0
0
0
0
0
0
0
0
0
0
0
0
0
0
0
0
0
0
