0
0
0
0
0
0
0
0
0
0
0
0
0
0
0
0
0
0
0
0
0
0
0
0
0
0
0
0
0
0
0
0
0
0
0
0
0
0
0
0
0
0
0
0
0
0
0
0
0.105882
0.133333
0
0
0
0
0
0
0
0
0
0
0
0
0
0
0
0
0.0431373
0.67451
0.380392
0.560784
0.301961
0.32549
0.145098
0.168627
0.203922
0.0862745
0
0
0
0
0
0
0
0
0
0.0352941
0.8
0.658824
0.792157
0.529412
0.501961
0.52549
0.27451
0.376471
0.686275
0.847059
0.67451
0.0431373
0
0
0
0
0
0
0
0.643137
0.396078
0.776471
0.137255
0
0
0
0
0
0
0.00392157
0.501961
0.603922
0
0
0
0
0
0
0.0627451
0.243137
0
0.00392157
0
0
0
0
0
0
0
0
0.0196078
0.858824
0.12549
0
0
0
0
0
0.454902
0.403922
0
0
0
0
0
0
0
0
0
0
0
0.407843
0.513726
0
0
0
0
0
0.701961
0.0980392
0
0
0
0
0
0
0
0
0
0
0
0.0745098
0.780392
0
0
0
0
0.0117647
0.819608
0
0
0
0
0
0
0
0
0
0
0
0
0
0.788235
0.0941176
0
0
0
0.101961
0.745098
0
0
0
0
0
0
0
0
0
0
0
0
0
0.498039
0.368627
0
0
0
0.203922
0.670588
0
0
0
0
0
0
0
0
0
0
0
0
0
0.458824
0.392157
0
0
0
0.129412
0.505882
0
0
0
0
0
0
0
0
0
0
0
0
0
0.443137
0.372549
0
0
0
0.121569
0.466667
0
0
0
0
0
0
0
0
0
0
0
0
0
0.709804
0.196078
0
0
0
0.0745098
0.8
0
0
0
0
0
0
0
0
0
0
0
0
0.0862745
0.745098
0
0
0
0
0
0.72549
0.188235
0
0
0
0
0
0
0
0
0
0
0
0.627451
0.337255
0
0
0
0
0
0.278431
0.67451
0
0
0
0
0
0
0
0
0
0
0.227451
0.780392
0.00392157
0
0
0
0
0
0
0.447059
0.0980392
0
0
0
0
0
0
0
0
0.0235294
0.788235
0.2
0
0
0
0
0
0
0
0.156863
0.827451
0.0862745
0
0
0
0
0
0
0.12549
0.745098
0.454902
0
0
0
0
0
0
0
0
0
0.360784
0.741176
0.0470588
0
0
0.0313726
0.243137
0.6
0.831373
0.301961
0
0
0
0
