0
0
0
0
0
0
0
0
0
0
0
0
0
0
0
0
0
0
0
0
0
0
0
0
0
0
0
0
0
0
0
0
0
0
0
0
0
0
0
0
0
0
0
0
0
0
0
0
0
0
0
0
0
0
0
0
0
0
0
0
0
0
0
0
0
0
0
0
0
0
0
0
0
0
0
0
0
0
0
0
0
0
0
0
0
0
0
0
0
0
0
0
0
0
0
0
0
0
0
0
0
0
0
0
0
0
0
0
0
0
0
0
0
0
0
0
0
0
0
0
0
0
0
0
0
0
0
0
0
0
0.121569
0.254902
0.247059
0.231373
0.00392157
0
0
0
0
0
0
0
0
0
0
0
0
0.0745098
0.568627
0.768627
0.305882
0.588235
0.580392
0.760784
0.513726
0
0
0
0
0
0
0
0
0
0
0
0.364706
0.588235
0.313726
0.027451
0
0
0
0.054902
0.811765
0.219608
0
0
0
0
0
0
0
0
0
0.168627
0.552941
0
0
0
0
0
0
0.454902
0.796078
0.486275
0
0
0
0
0
0
0
0
0
0.647059
0.278431
0
0
0
0
0
0
0.156863
1
0.419608
0
0
0
0
0
0
0
0
0
0.870588
0.0235294
0
0
0
0
0
0
0.0784314
0.992157
0.141176
0
0
0
0
0
0
0
0
0
0.862745
0.0313726
0
0
0
0
0
0
0.0745098
0.847059
0
0
0
0
0
0
0
0
0
0
0.368627
0.176471
0
0
0
0
0
0
0.156863
0.764706
0
0
0
0
0
0
0
0
0
0
0
0.752941
0.352941
0
0
0
0
0.0352941
0.705882
0.341176
0
0
0
0
0
0
0
0
0
0
0
0.0745098
0.705882
0.792157
0.403922
0.235294
0.419608
0.729412
0.466667
0
0
0
0
0
0
0
0
0
0
0
0
0
0
0.141176
0.505882
0.678431
0.572549
0.0941176
0
0
0
0
0
0
0
0
0
0
0
0
0
0
0
0
0
0
0
0
0
0
0
0
0
0
0
0
0
0
0
0
0
0
0
0
0
0
0
0
0
0
0
0
0
0
0
0
0
0
0
0
0
0
0
0
0
0
0
0
0
0
0
0
0
0
0
