0
0
0
0
0
0
0
0
0
0
0
0
0
0
0
0
0
0
0
0
0
0
0
0
0
0
0
0
0
0
0
0
0
0
0
0
0
0
0
0
0
0
0
0
0
0
0
0
0
0
0
0
0
0
0
0
0
0
0
0
0
0
0
0
0
0
0
0
0
0
0
0
0
0
0
0
0
0
0
0
0
0
0
0
0
0
0
0
0
0
0
0
0
0
0
0
0
0
0
0
0
0
0
0
0
0
0
0
0.266667
0.67451
0.866667
0.878431
0.572549
0.113725
0
0
0
0
0
0
0
0
0
0
0
0
0.00392157
0.564706
0.745098
0.258824
0.0196078
0.0117647
0.364706
0.803922
0.552941
0
0
0
0
0
0
0
0
0
0
0
0.305882
0.701961
0.00784314
0
0
0
0
0
0.239216
0.364706
0
0
0
0
0
0
0
0
0
0
0.662745
0.262745
0
0
0
0
0
0
0.109804
0.992157
0.380392
0
0
0
0
0
0
0
0
0
0.768627
0.113725
0
0
0
0
0
0
0.137255
1
0.537255
0
0
0
0
0
0
0
0
0
0.803922
0.0705882
0
0
0
0
0
0
0.0784314
0.913725
0.454902
0
0
0
0
0
0
0
0
0
0.788235
0.0627451
0
0
0
0
0
0
0.203922
1
0.298039
0
0
0
0
0
0
0
0
0
0.705882
0.247059
0
0
0
0
0
0
0.427451
0.686275
0
0
0
0
0
0
0
0
0
0
0.388235
0.643137
0
0
0
0
0.0352941
0.266667
0.847059
0.160784
0
0
0
0
0
0
0
0
0
0
0.0117647
0.733333
0.545098
0.0862745
0.113725
0.498039
0.835294
0.278431
0.0862745
0
0
0
0
0
0
0
0
0
0
0
0
0.0313726
0.490196
0.858824
0.843137
0.411765
0.0745098
0
0
0
0
0
0
0
0
0
0
0
0
0
0
0
0
0
0
0
0
0
0
0
0
0
0
0
0
0
0
0
0
0
0
0
0
0
0
0
0
0
0
0
0
0
0
0
0
0
0
0
0
0
0
0
0
0
0
0
0
0
0
0
0
0
0
0
0
0
0
0
0
0
0
0
0
0
0
0
0
0
0
0
0
0
0
0
