0
0
0
0
0
0
0
0
0
0
0
0
0
0
0
0
0
0
0
0
0
0
0
0
0
0
0
0
0
0
0
0
0
0
0
0
0
0
0
0
0
0
0
0
0
0
0
0
0
0
0
0
0
0
0
0
0
0
0
0
0
0
0
0
0
0
0
0
0
0
0
0
0
0
0
0
0
0
0
0
0
0
0
0
0
0
0
0
0
0
0
0
0
0
0
0
0
0
0
0
0
0
0
0
0
0
0
0
0
0
0
0
0
0
0
0
0
0
0
0
0
0
0
0
0
0
0
0
0
0
0
0
0
0
0
0
0
0
0
0
0
0
0
0
0
0
0
0
0.231373
0.333333
0.305882
0.0470588
0.32549
0.313726
0.301961
0.0901961
0
0
0
0
0
0
0
0
0
0
0
0.643137
0.721569
0.533333
0.505882
0.109804
0.52549
0.513726
0.6
0.87451
0.196078
0
0
0
0
0
0
0
0
0
0.321569
0.701961
0
0
0
0
0
0
0
0.427451
0.478431
0
0
0
0
0
0
0
0
0
0.768627
0.211765
0
0
0
0
0
0
0
0.647059
0.313726
0
0
0
0
0
0
0
0
0
0.866667
0.00784314
0
0
0
0
0
0
0.196078
0.760784
0.0117647
0
0
0
0
0
0
0
0
0
0.890196
0.0235294
0
0
0
0
0
0
0.662745
0.188235
0
0
0
0
0
0
0
0
0
0
0.776471
0.164706
0
0
0
0
0.0235294
0.533333
0.180392
0
0
0
0
0
0
0
0
0
0
0.658824
0.643137
0.807843
0.396078
0.211765
0.156863
0.309804
0.686275
0.368627
0
0
0
0
0
0
0
0
0
0
0
0
0.172549
0.337255
0.556863
0.72549
0.592157
0.423529
0.121569
0
0
0
0
0
0
0
0
0
0
0
0
0
0
0
0
0
0
0
0
0
0
0
0
0
0
0
0
0
0
0
0
0
0
0
0
0
0
0
0
0
0
0
0
0
0
0
0
0
0
0
0
0
0
0
0
0
0
0
0
0
0
0
0
0
0
0
0
0
0
0
0
0
0
0
0
0
0
0
0
0
0
0
0
0
0
0
