0
0
0
0
0
0
0
0
0
0
0
0
0
0
0
0
0
0
0
0
0
0
0
0
0
0
0
0
0
0
0
0
0
0
0
0
0
0
0
0
0
0
0
0
0
0
0
0
0
0
0
0
0
0
0
0
0
0
0
0
0
0
0
0
0
0
0
0
0
0
0
0
0
0
0
0
0
0
0
0
0
0
0
0
0
0
0
0
0
0
0
0
0
0
0
0
0
0
0
0
0
0
0
0
0
0
0
0
0
0
0
0
0
0
0
0
0
0
0
0
0
0
0
0
0
0
0
0
0.0235294
0.254902
0.372549
0.647059
0.654902
0.364706
0.00784314
0
0
0
0
0
0
0
0
0
0
0
0
0.203922
0.807843
0.643137
0.231373
0.180392
0.247059
0.67451
0.607843
0.00392157
0
0
0
0
0
0
0
0
0
0
0.247059
0.811765
0.168627
0
0
0
0
0.00392157
0.545098
0.247059
0
0
0
0
0
0
0
0
0
0.0392157
0.823529
0.168627
0
0
0
0
0
0
0.105882
0.623529
0
0
0
0
0
0
0
0
0
0.411765
0.552941
0
0
0
0
0
0
0
0.00784314
0.87451
0
0
0
0
0
0
0
0
0
0.537255
0.337255
0
0
0
0
0
0
0
0.247059
0.768627
0
0
0
0
0
0
0
0
0
0.521569
0.345098
0
0
0
0
0
0
0.223529
0.823529
0.164706
0
0
0
0
0
0
0
0
0
0.333333
0.639216
0
0
0
0
0
0.4
0.827451
0.0980392
0
0
0
0
0
0
0
0
0
0
0.0117647
0.737255
0.588235
0.160784
0.0784314
0.298039
0.643137
0.909804
0.133333
0
0
0
0
0
0
0
0
0
0
0
0
0.0313726
0.435294
0.788235
0.854902
0.772549
0.603922
0.12549
0
0
0
0
0
0
0
0
0
0
0
0
0
0
0
0
0
0
0
0
0
0
0
0
0
0
0
0
0
0
0
0
0
0
0
0
0
0
0
0
0
0
0
0
0
0
0
0
0
0
0
0
0
0
0
0
0
0
0
0
0
0
0
0
0
0
0
0
0
0
0
0
0
0
0
0
0
0
0
0
0
0
0
0
0
0
0
