0
0
0
0
0
0
0
0
0
0
0
0
0
0
0
0
0
0
0
0
0
0
0
0
0
0
0
0
0
0
0
0
0
0
0
0
0
0
0
0
0
0
0
0
0
0
0
0
0
0
0
0
0
0
0
0
0
0
0
0
0
0
0
0
0
0
0
0
0
0
0
0
0
0
0
0
0
0
0
0
0
0
0
0
0
0
0
0
0
0
0
0
0
0
0
0
0
0
0
0
0
0
0
0
0
0
0.0705882
0.266667
0.137255
0.592157
0.396078
0.305882
0.552941
0.552941
0.521569
0.129412
0
0
0
0
0
0
0
0
0
0.164706
0.858824
0.337255
0.0784314
0.0352941
0.027451
0.00784314
0.0352941
0.101961
0.372549
0.807843
0.188235
0.0117647
0
0
0
0
0
0
0
0.694118
0.254902
0
0
0
0
0
0
0
0
0
0.427451
0.188235
0
0
0
0
0
0
0.0431373
0.866667
0
0
0
0
0
0
0
0
0
0
0
0.705882
0.203922
0
0
0
0
0
0.172549
0.72549
0.286275
0.0117647
0
0
0
0
0
0
0
0
0
0.188235
0.713726
0
0
0
0
0
0.196078
0.686275
0.686275
0.0235294
0
0
0
0
0
0
0
0
0
0
0.8
0.0313726
0
0
0
0
0
0.168627
0.690196
0
0
0
0
0
0
0
0
0
0
0
0.792157
0.0588235
0
0
0
0
0
0.235294
0.580392
0
0
0
0
0
0
0
0
0
0
0
0.721569
0.0588235
0
0
0
0
0
0.262745
0.631373
0
0
0
0
0
0
0
0
0
0
0.160784
0.537255
0
0
0
0
0
0
0.054902
0.839216
0.168627
0
0
0
0
0
0
0
0
0.0352941
0.552941
0.0745098
0
0
0
0
0
0
0
0.164706
0.819608
0.27451
0
0
0
0
0
0.121569
0.156863
0.627451
0
0
0
0
0
0
0
0
0
0
0.137255
0.760784
0.729412
0.356863
0.298039
0.443137
0.627451
0.729412
0.266667
0
0
0
0
0
0
0
0
0
0
0
0
0.00784314
0.141176
0.223529
0.364706
0.411765
0.203922
0
0
0
0
0
0
0
0
0
0
0
0
0
0
0
0
0
0
0
0
0
0
0
0
0
0
0
0
0
0
0
0
0
0
0
0
0
0
0
0
0
0
0
0
0
0
