0
0
0
0
0
0
0
0
0
0
0
0
0
0
0
0
0
0
0
0
0
0
0
0
0
0
0
0
0
0
0
0
0
0
0
0
0
0
0
0
0
0
0
0
0
0
0
0
0
0
0
0
0
0
0
0
0
0
0
0
0
0
0
0
0
0
0
0
0
0
0
0
0
0
0
0
0
0
0
0
0
0
0
0
0
0
0
0
0
0
0
0
0
0
0
0
0
0
0
0
0
0
0
0
0
0
0
0
0
0
0
0
0
0
0
0
0
0
0
0
0
0
0
0
0
0
0
0
0
0.298039
0.835294
0.894118
0.6
0.12549
0
0
0
0
0
0
0
0
0
0
0
0
0
0.0588235
0.556863
0.733333
0.105882
0.00392157
0.176471
0.686275
0.27451
0.00392157
0
0
0
0
0
0
0
0
0
0
0.203922
0.768627
0.439216
0.027451
0
0
0
0
0.596078
0.580392
0
0
0
0
0
0
0
0
0
0.141176
0.890196
0.203922
0
0
0
0
0
0
0.00392157
0.756863
0.239216
0
0
0
0
0
0
0
0
0.478431
0.556863
0
0
0
0
0
0
0
0
0.266667
0.607843
0
0
0
0
0
0
0
0
0.513726
0.960784
0.054902
0
0
0
0
0
0
0
0.211765
0.678431
0
0
0
0
0
0
0
0
0.00392157
0.407843
0.752941
0.0392157
0
0
0
0
0
0
0.247059
0.639216
0
0
0
0
0
0
0
0
0
0
0.494118
0.556863
0
0
0
0
0
0
0.494118
0.454902
0
0
0
0
0
0
0
0
0
0
0.00784314
0.713726
0.329412
0
0
0
0
0.0392157
0.733333
0.054902
0
0
0
0
0
0
0
0
0
0
0
0.101961
0.823529
0.396078
0.0666667
0.180392
0.478431
0.623529
0.00392157
0
0
0
0
0
0
0
0
0
0
0
0
0
0.0862745
0.721569
0.8
0.572549
0.188235
0
0
0
0
0
0
0
0
0
0
0
0
0
0
0
0
0
0
0
0
0
0
0
0
0
0
0
0
0
0
0
0
0
0
0
0
0
0
0
0
0
0
0
0
0
0
0
0
0
0
0
0
0
0
0
0
0
0
0
0
0
0
0
0
0
0
