0
0
0
0
0
0
0
0
0
0
0
0
0
0
0
0
0
0
0
0
0
0
0
0
0
0
0
0
0
0
0
0
0
0
0
0
0
0
0
0
0
0
0
0
0
0
0
0
0
0
0
0
0
0
0
0
0
0
0
0
0
0
0
0
0
0
0
0
0
0
0
0
0
0
0
0
0
0
0
0
0
0
0
0
0
0
0
0
0
0
0
0
0
0
0
0
0
0
0
0
0
0
0
0
0
0
0
0.054902
0.290196
0.564706
0.690196
0.545098
0.498039
0.109804
0
0
0
0
0
0
0
0
0
0
0
0
0
0.27451
0.741176
0.568627
0.32549
0.345098
0.439216
0.862745
0.388235
0
0
0
0
0
0
0
0
0
0
0
0.101961
0.529412
0.321569
0
0
0
0
0.0627451
0.843137
0.105882
0
0
0
0
0
0
0
0
0
0
0.745098
0.341176
0
0
0
0
0
0
0.611765
0.270588
0
0
0
0
0
0
0
0
0
0.176471
0.780392
0
0
0
0
0
0
0
0.572549
0.239216
0
0
0
0
0
0
0
0
0
0.466667
0.454902
0
0
0
0
0
0
0
0.521569
0.203922
0
0
0
0
0
0
0
0
0
0.478431
0.411765
0
0
0
0
0
0
0
0.490196
0.172549
0
0
0
0
0
0
0
0
0
0.47451
0.407843
0
0
0
0
0
0
0
0.588235
0.12549
0
0
0
0
0
0
0
0
0
0.372549
0.607843
0
0
0
0
0
0
0.027451
0.8
0.0705882
0
0
0
0
0
0
0
0
0
0.027451
0.886275
0.368627
0.0117647
0
0
0
0
0.407843
0.498039
0
0
0
0
0
0
0
0
0
0
0
0.145098
0.67451
0.901961
0.729412
0.776471
0.741176
0.8
0.72549
0.0666667
0
0
0
0
0
0
0
0
0
0
0
0
0
0.0470588
0.0470588
0.101961
0.141176
0.129412
0.00392157
0
0
0
0
0
0
0
0
0
0
0
0
0
0
0
0
0
0
0
0
0
0
0
0
0
0
0
0
0
0
0
0
0
0
0
0
0
0
0
0
0
0
0
0
0
0
0
0
0
0
0
0
0
0
0
0
0
0
0
0
0
0
0
0
0
0
