0
0
0
0
0
0
0
0
0
0
0
0
0
0
0
0
0
0
0
0
0
0
0
0
0
0
0
0
0
0
0
0
0
0
0
0
0
0
0
0
0
0
0
0
0
0
0
0
0
0
0
0
0
0
0
0
0
0
0
0
0
0
0
0
0
0
0
0
0
0
0
0
0
0
0
0
0
0
0
0
0
0
0
0
0
0
0
0
0.0117647
0.427451
0.796078
0.870588
0.792157
0.611765
0.423529
0.054902
0
0
0
0
0
0
0
0
0
0
0
0.0862745
0.752941
0.580392
0.141176
0.0196078
0.101961
0.266667
0.498039
0.835294
0.196078
0
0
0
0
0
0
0
0
0
0.0392157
0.756863
0.352941
0
0
0
0
0
0
0.211765
0.858824
0.00392157
0
0
0
0
0
0
0
0
0.556863
0.466667
0
0
0
0
0
0
0
0
0.854902
0.0117647
0
0
0
0
0
0
0
0.0941176
0.862745
0.0431373
0
0
0
0
0
0
0
0
0.847059
0.00784314
0
0
0
0
0
0
0
0.207843
0.572549
0
0
0
0
0
0
0
0
0.423529
0.819608
0
0
0
0
0
0
0
0
0.403922
0.47451
0
0
0
0
0
0
0
0
0.494118
0.447059
0
0
0
0
0
0
0
0
0.47451
0.407843
0
0
0
0
0
0
0
0.0431373
0.858824
0.345098
0
0
0
0
0
0
0
0
0.47451
0.411765
0
0
0
0
0
0
0.219608
0.835294
0.901961
0.054902
0
0
0
0
0
0
0
0
0.290196
0.623529
0
0
0
0
0
0.00392157
0.47451
0.662745
0.470588
0
0
0
0
0
0
0
0
0
0.0352941
0.878431
0.0627451
0
0
0
0
0
0.4
0.701961
0.0117647
0
0
0
0
0
0
0
0
0
0
0.52549
0.701961
0.278431
0.258824
0.270588
0.207843
0.447059
0.839216
0.0666667
0
0
0
0
0
0
0
0
0
0
0
0.00392157
0.419608
0.596078
0.592157
0.603922
0.541176
0.541176
0.0941176
0
0
0
0
0
0
0
0
0
0
0
0
0
0
0
0
0
0
0
0
0
0
0
0
0
0
0
0
0
0
0
0
0
0
0
0
0
0
0
0
0
0
0
0
0
0
0
0
0
0
0
0
0
0
0
0
0
0
0
0
0
0
0
0
0
0
