0
0
0
0
0
0
0
0
0
0
0
0
0
0
0
0
0
0
0
0
0
0
0
0
0
0
0
0
0
0
0
0
0
0
0
0
0
0
0
0
0
0
0
0
0
0
0
0
0
0
0
0
0
0
0
0
0
0
0
0
0
0
0
0
0
0
0
0
0
0
0
0
0
0
0
0
0
0
0
0
0
0
0
0
0
0
0
0
0
0
0
0
0
0
0
0
0
0
0
0
0
0
0
0
0
0
0
0
0
0
0.137255
0.270588
0.490196
0.819608
0.4
0.0627451
0
0
0
0
0
0
0
0
0
0
0
0.027451
0.533333
0.796078
0.705882
0.537255
0.498039
0.521569
0.839216
0.501961
0
0
0
0
0
0
0
0
0
0
0.00784314
0.72549
0.505882
0.054902
0
0
0
0
0.054902
0.733333
0.254902
0
0
0
0
0
0
0
0
0
0.462745
0.623529
0
0
0
0
0
0
0
0.152941
0.741176
0
0
0
0
0
0
0
0
0
0.752941
0.152941
0
0
0
0
0
0
0
0
0.886275
0.027451
0
0
0
0
0
0
0
0.00392157
0.721569
0
0
0
0
0
0
0
0
0
0.819608
0.0862745
0
0
0
0
0
0
0
0.133333
0.513726
0
0
0
0
0
0
0
0
0
0.807843
0.0745098
0
0
0
0
0
0
0
0.211765
0.678431
0
0
0
0
0
0
0
0
0
0.862745
0.0352941
0
0
0
0
0
0
0
0.196078
0.737255
0
0
0
0
0
0
0
0
0.298039
0.705882
0
0
0
0
0
0
0
0
0.00392157
0.776471
0.341176
0
0
0
0
0
0
0.254902
0.839216
0.133333
0
0
0
0
0
0
0
0
0
0.160784
0.811765
0.705882
0.505882
0.372549
0.32549
0.341176
0.533333
0.839216
0.145098
0
0
0
0
0
0
0
0
0
0
0
0.0117647
0.247059
0.396078
0.505882
0.52549
0.541176
0.462745
0.0352941
0
0
0
0
0
0
0
0
0
0
0
0
0
0
0
0
0
0
0
0
0
0
0
0
0
0
0
0
0
0
0
0
0
0
0
0
0
0
0
0
0
0
0
0
0
0
0
0
0
0
0
0
0
0
0
0
0
0
0
0
0
0
0
0
0
