0
0
0
0
0
0
0
0
0
0
0
0
0
0
0
0
0
0
0
0
0
0
0
0
0
0
0
0
0
0
0
0
0
0
0
0
0
0
0
0
0
0
0
0
0
0
0
0
0
0
0
0
0
0
0
0
0
0
0
0
0
0
0
0
0
0
0
0
0
0
0
0
0
0
0
0
0
0
0
0
0
0
0
0
0
0
0
0
0
0
0
0
0
0
0
0
0
0
0
0
0
0
0
0
0
0
0
0
0
0
0
0
0
0
0
0
0
0
0
0
0
0
0
0
0
0
0
0
0
0
0
0
0
0
0
0
0
0
0
0
0
0
0
0
0
0
0
0
0
0
0
0
0
0
0
0
0
0
0
0
0
0
0
0
0
0
0
0
0
0.0352941
0.647059
0.0392157
0
0
0
0
0
0
0
0
0
0
0
0
0
0
0
0
0
0.458824
0.611765
0.0235294
0
0.180392
0.631373
0
0
0
0
0
0
0
0
0
0
0
0
0
0.294118
0.494118
0.501961
0.12549
0
0.545098
0.411765
0
0
0
0
0
0
0
0
0
0
0
0
0.231373
0.435294
0.054902
0.341176
0.137255
0.176471
0.458824
0.027451
0
0
0
0
0
0
0
0
0
0
0
0.0352941
0.831373
0.105882
0
0.501961
0.588235
0.694118
0.121569
0
0
0
0
0
0
0
0
0
0
0
0
0.0117647
0.313726
0
0
0.380392
0.576471
0
0
0
0
0
0
0
0
0
0
0
0
0
0
0
0
0
0
0
0
0
0
0
0
0
0
0
0
0
0
0
0
0
0
0
0
0
0
0
0
0
0
0
0
0
0
0
0
0
0
0
0
0
0
0
0
0
0
0
0
0
0
0
0
0
0
0
0
0
0
0
0
0
0
0
0
0
0
0
0
0
0
0
0
0
0
0
0
0
0
0
0
0
0
0
0
0
0
0
0
0
0
0
0
0
0
0
0
0
0
0
0
0
0
0
0
0
0
0
0
0
0
0
0
0
0
0
0
