0
0
0
0
0
0
0
0
0
0
0
0
0
0
0
0
0
0
0
0
0
0
0
0
0
0
0
0
0
0
0
0
0
0
0
0
0
0
0
0
0
0
0
0
0
0
0
0
0
0
0
0
0
0
0
0
0
0
0
0
0
0
0
0
0
0
0
0
0
0
0
0
0
0
0
0
0
0
0
0
0
0
0
0
0
0
0
0
0
0
0
0
0
0
0
0
0
0
0
0
0
0
0
0
0
0
0
0
0
0
0
0
0
0
0
0
0
0
0
0
0
0
0
0
0
0
0
0
0
0.0352941
0.00784314
0
0
0.00392157
0
0
0
0
0
0
0
0
0
0
0
0
0
0
0
0.639216
0.372549
0
0
0.839216
0
0
0
0
0
0
0
0
0
0
0
0
0
0
0
0.694118
0.705882
0
0
0.909804
0
0
0
0
0
0
0
0
0
0
0
0
0
0
0
0.831373
0.580392
0.243137
0
0.909804
0
0
0
0
0
0
0
0
0
0
0
0
0
0
0.00784314
0.886275
0.0705882
0.858824
0.156863
0.788235
0
0
0
0
0
0
0
0
0
0
0
0
0
0
0.00784314
0.866667
0
0.243137
0.819608
0.788235
0
0
0
0
0
0
0
0
0
0
0
0
0
0
0
0.764706
0.00392157
0
0.458824
0.933333
0
0
0
0
0
0
0
0
0
0
0
0
0
0
0
0.878431
0.0235294
0
0.0117647
0.298039
0
0
0
0
0
0
0
0
0
0
0
0
0
0
0
0.666667
0.196078
0
0
0
0
0
0
0
0
0
0
0
0
0
0
0
0
0
0
0
0
0
0
0
0
0
0
0
0
0
0
0
0
0
0
0
0
0
0
0
0
0
0
0
0
0
0
0
0
0
0
0
0
0
0
0
0
0
0
0
0
0
0
0
0
0
0
0
0
0
0
0
0
0
0
0
0
0
0
0
0
0
0
0
0
0
0
0
0
0
0
0
0
0
0
0
0
0
0
0
0
0
0
0
0
0
0
0
0
0
