0
0
0
0
0
0
0
0
0
0
0
0
0
0
0
0
0
0
0
0
0
0
0
0
0
0
0
0
0
0
0
0
0
0
0
0
0
0
0
0
0
0
0
0
0
0
0
0
0
0
0
0
0
0
0
0
0
0
0
0
0
0
0
0
0
0
0
0
0
0
0
0
0
0
0
0
0
0
0
0
0
0
0
0
0
0
0
0
0
0
0
0
0
0
0
0
0
0
0
0
0
0
0
0
0
0
0
0
0
0
0
0
0
0
0
0
0
0
0
0
0
0
0
0
0
0
0
0
0
0.00784314
0
0
0
0.00392157
0
0
0
0
0
0
0
0
0
0
0
0
0
0
0.352941
0.690196
0
0
0
0.623529
0.266667
0
0
0
0
0
0
0
0
0
0
0
0
0
0.403922
0.980392
0.223529
0
0
0.686275
0.223529
0
0
0
0
0
0
0
0
0
0
0
0
0
0.423529
0.67451
0.752941
0.0352941
0
0.686275
0.219608
0
0
0
0
0
0
0
0
0
0
0
0
0
0.486275
0.427451
0.509804
0.631373
0.00392157
0.568627
0.156863
0
0
0
0
0
0
0
0
0
0
0
0
0
0.462745
0.396078
0.0117647
0.752941
0.411765
0.709804
0.121569
0
0
0
0
0
0
0
0
0
0
0
0
0
0.505882
0.356863
0
0.12549
0.894118
0.843137
0.145098
0
0
0
0
0
0
0
0
0
0
0
0
0
0.533333
0.333333
0
0
0.329412
0.996078
0.101961
0
0
0
0
0
0
0
0
0
0
0
0
0
0.552941
0.352941
0
0
0
0.239216
0
0
0
0
0
0
0
0
0
0
0
0
0
0
0.494118
0.337255
0
0
0
0
0
0
0
0
0
0
0
0
0
0
0
0
0
0
0
0
0
0
0
0
0
0
0
0
0
0
0
0
0
0
0
0
0
0
0
0
0
0
0
0
0
0
0
0
0
0
0
0
0
0
0
0
0
0
0
0
0
0
0
0
0
0
0
0
0
0
0
0
0
0
0
0
0
0
0
0
0
0
0
0
0
0
0
0
0
0
