0
0
0
0
0
0
0
0
0
0
0
0
0
0
0
0
0
0
0
0
0
0
0
0
0
0
0
0
0
0
0
0
0
0
0
0
0
0
0
0
0
0
0
0
0
0
0
0
0
0
0
0
0
0
0
0
0
0
0
0
0
0
0
0
0
0
0
0
0
0
0
0
0
0
0
0
0
0
0
0
0
0
0
0
0
0
0
0
0
0
0
0
0
0
0
0
0
0
0
0
0
0
0
0
0
0
0
0
0.0313726
0.298039
0.596078
0.439216
0
0
0
0
0
0
0
0
0
0
0
0
0
0
0
0.180392
0.807843
0.32549
0.262745
0.858824
0.0352941
0
0
0
0
0
0
0
0
0
0
0
0
0
0
0.309804
0.447059
0
0
0.788235
0.0627451
0
0
0
0
0
0
0
0
0
0
0
0
0
0
0
0
0
0
0.709804
0.0862745
0
0
0
0
0
0
0
0
0
0
0
0
0
0
0
0
0
0
0.705882
0.113725
0
0
0
0
0
0
0
0
0
0
0
0
0
0
0
0
0
0.0392157
0.811765
0.141176
0
0
0
0
0
0
0
0
0
0
0
0
0
0
0
0
0
0.203922
0.952941
0.403922
0
0
0
0
0
0
0
0
0
0
0
0
0
0
0
0
0
0
0.0901961
0.721569
0.419608
0
0
0
0
0
0
0
0
0
0
0
0
0
0
0
0
0
0
0.054902
0.847059
0.109804
0
0
0
0
0
0
0
0
0
0
0
0
0
0
0
0
0.0117647
0.345098
0.87451
0.141176
0
0
0
0
0
0
0
0
0
0
0
0
0
0
0
0.564706
0.894118
0.690196
0.180392
0
0
0
0
0
0
0
0
0
0
0
0
0
0
0
0
0.196078
0.0431373
0
0
0
0
0
0
0
0
0
0
0
0
0
0
0
0
0
0
0
0
0
0
0
0
0
0
0
0
0
0
0
0
0
0
0
0
0
0
0
0
0
0
0
0
0
0
0
0
0
0
0
0
0
0
0
0
0
0
0
0
0
0
0
0
0
0
0
0
