0
0
0
0
0
0
0
0
0
0
0
0
0
0
0
0
0
0
0
0
0
0
0
0
0
0
0
0
0
0
0
0
0
0
0
0
0
0
0
0
0
0
0
0
0
0
0
0
0
0
0
0
0
0
0
0
0
0
0
0
0
0
0
0
0
0
0
0
0
0
0
0
0
0
0
0
0
0
0
0
0
0
0
0
0
0
0
0
0
0
0
0
0
0
0
0
0
0
0
0
0
0
0
0
0
0
0.0313726
0.172549
0.12549
0.192157
0.180392
0
0
0
0
0
0
0
0
0
0
0
0
0
0
0
0.266667
0.733333
0.537255
0.658824
0.803922
0.572549
0
0
0
0
0
0
0
0
0
0
0
0
0
0
0
0
0
0
0.00392157
0.713726
0.286275
0
0
0
0
0
0
0
0
0
0
0
0
0
0
0
0
0
0
0.568627
0.345098
0
0
0
0
0
0
0
0
0
0
0
0
0
0
0
0
0
0.0784314
0.835294
0.160784
0
0
0
0
0
0
0
0
0
0
0
0
0
0
0
0.105882
0.4
0.8
0.478431
0
0
0
0
0
0
0
0
0
0
0
0
0
0
0
0
0.431373
0.647059
0.588235
0.858824
0.701961
0.176471
0
0
0
0
0
0
0
0
0
0
0
0
0
0
0
0
0
0
0.27451
0.866667
0.0588235
0
0
0
0
0
0
0
0
0
0
0
0
0
0
0
0
0
0
0.596078
0.333333
0
0
0
0
0
0
0
0
0
0
0
0
0
0
0
0
0
0
0.545098
0.345098
0
0
0
0
0
0
0
0
0
0
0
0
0
0
0
0
0
0.0980392
0.780392
0.219608
0
0
0
0
0
0
0
0
0
0
0
0
0
0.266667
0.470588
0.678431
0.760784
0.807843
0.490196
0
0
0
0
0
0
0
0
0
0
0
0
0
0
0.423529
0.411765
0.231373
0.054902
0
0
0
0
0
0
0
0
0
0
0
0
0
0
0
0
0
0
0
0
0
0
0
0
0
0
0
0
0
0
0
0
0
0
0
0
0
0
0
0
0
0
0
0
0
0
0
0
