0
0
0
0
0
0
0
0
0
0
0
0
0
0
0
0
0
0
0
0
0
0
0
0
0
0
0
0
0
0
0
0
0
0
0
0
0
0
0
0
0
0
0
0
0
0
0
0
0
0
0
0
0
0
0
0
0
0
0
0
0
0
0
0
0
0
0
0
0
0
0
0
0
0
0
0
0
0
0
0
0
0
0
0
0
0
0
0
0
0
0
0
0
0
0
0
0
0
0
0
0
0
0
0
0
0
0
0
0
0
0
0
0
0
0
0
0
0
0
0
0
0
0
0
0
0
0
0
0
0
0
0
0
0
0
0
0
0
0
0
0
0
0
0
0
0
0
0.156863
0.686275
0.698039
0.745098
0.643137
0.0901961
0
0
0
0
0
0
0
0
0
0
0
0
0
0
0.027451
0.219608
0.2
0.47451
0.847059
0.0627451
0
0
0
0
0
0
0
0
0
0
0
0
0
0
0
0
0.521569
0.835294
0.109804
0
0
0
0
0
0
0
0
0
0
0
0
0
0
0
0
0
0.521569
0.843137
0.462745
0.00392157
0
0
0
0
0
0
0
0
0
0
0
0
0
0
0
0
0
0.0431373
0.721569
0.447059
0
0
0
0
0
0
0
0
0
0
0
0
0
0
0
0
0
0
0.054902
0.909804
0.145098
0
0
0
0
0
0
0
0
0
0
0
0
0
0
0.0235294
0.490196
0.72549
0.866667
0.603922
0.0196078
0
0
0
0
0
0
0
0
0
0
0
0
0
0
0.054902
0.478431
0.176471
0.0705882
0
0
0
0
0
0
0
0
0
0
0
0
0
0
0
0
0
0
0
0
0
0
0
0
0
0
0
0
0
0
0
0
0
0
0
0
0
0
0
0
0
0
0
0
0
0
0
0
0
0
0
0
0
0
0
0
0
0
0
0
0
0
0
0
0
0
0
0
0
0
0
0
0
0
0
0
0
0
0
0
0
0
0
0
0
0
0
0
0
0
0
0
0
0
0
0
0
0
0
0
0
0
0
0
0
0
0
0
