0
0
0
0
0
0
0
0
0
0
0
0
0
0
0
0
0
0
0
0
0
0
0
0
0
0
0
0
0
0
0
0
0
0
0
0
0
0
0
0
0
0
0
0
0
0
0
0
0
0
0
0
0
0
0
0
0
0
0
0
0
0
0
0
0
0
0
0
0
0
0
0
0
0
0
0
0
0
0
0
0
0
0
0
0
0
0
0
0
0
0
0
0
0
0
0
0
0
0
0
0
0
0
0
0
0
0
0
0
0
0
0
0
0
0
0
0
0
0
0
0
0
0
0
0
0
0
0
0
0
0
0
0.231373
0.2
0
0
0
0
0
0
0
0
0
0
0
0
0
0
0
0
0.054902
0.662745
0.752941
0.164706
0
0
0
0
0
0
0
0
0
0
0
0
0
0
0
0.352941
0.827451
0.435294
0
0
0
0
0
0
0
0
0
0
0
0
0
0
0
0
0.454902
0.737255
0.101961
0
0
0
0
0
0
0
0
0
0
0
0
0
0
0
0
0
0.654902
0.529412
0.180392
0.258824
0.0784314
0
0
0
0
0
0
0
0
0
0
0
0
0
0
0
0.380392
0.639216
0.478431
0.752941
0.411765
0
0
0
0
0
0
0
0
0
0
0
0
0
0
0
0
0
0
0.407843
0.47451
0
0
0
0
0
0
0
0
0
0
0
0
0
0
0
0
0
0.0117647
0.560784
0.478431
0
0
0
0
0
0
0
0
0
0
0
0
0
0
0
0.0235294
0.576471
0.843137
0.686275
0.0901961
0
0
0
0
0
0
0
0
0
0
0
0
0
0
0
0.054902
0.423529
0.0588235
0
0
0
0
0
0
0
0
0
0
0
0
0
0
0
0
0
0
0
0
0
0
0
0
0
0
0
0
0
0
0
0
0
0
0
0
0
0
0
0
0
0
0
0
0
0
0
0
0
0
0
0
0
0
0
0
0
0
0
0
0
0
0
0
0
0
0
0
0
0
0
0
0
0
0
0
0
0
0
0
0
0
0
0
0
0
0
0
0
