0
0
0
0
0
0
0
0
0
0
0
0
0
0
0
0
0
0
0
0
0
0
0
0
0
0
0
0
0
0
0
0
0
0
0
0
0
0
0
0
0
0
0
0
0
0
0
0
0
0
0
0
0
0
0
0
0
0
0
0
0
0
0
0
0
0
0
0
0
0
0
0
0
0
0
0
0
0
0
0
0
0
0
0
0
0
0
0
0
0
0
0
0
0
0
0
0
0
0
0
0
0
0
0
0
0
0
0
0
0
0
0
0
0
0
0
0
0
0
0
0
0
0
0
0
0
0
0
0
0.027451
0.309804
0.305882
0.0588235
0
0
0
0
0
0
0
0
0
0
0
0
0
0
0
0.0235294
0.737255
0.686275
0.607843
0.886275
0.635294
0.337255
0.00392157
0
0
0
0
0
0
0
0
0
0
0
0
0.345098
0.647059
0
0
0.00392157
0.301961
0.576471
0.0313726
0
0
0
0
0
0
0
0
0
0
0
0
0.490196
0.294118
0
0
0
0
0
0
0
0
0
0
0
0
0
0
0
0
0
0
0.552941
0.352941
0
0
0
0
0
0
0
0
0
0
0
0
0
0
0
0
0
0
0.419608
0.764706
0.388235
0.541176
0.447059
0
0
0
0
0
0
0
0
0
0
0
0
0
0
0
0.0627451
0.356863
0.219608
0.341176
0.929412
0.0313726
0
0
0
0
0
0
0
0
0
0
0
0
0
0
0
0
0
0.0666667
0.898039
0.00784314
0
0
0
0
0
0
0
0
0
0
0
0
0
0
0.0313726
0.145098
0.266667
0.756863
0.380392
0
0
0
0
0
0
0
0
0
0
0
0
0
0
0.180392
0.913725
0.752941
0.666667
0.341176
0
0
0
0
0
0
0
0
0
0
0
0
0
0
0
0
0.0196078
0
0
0
0
0
0
0
0
0
0
0
0
0
0
0
0
0
0
0
0
0
0
0
0
0
0
0
0
0
0
0
0
0
0
0
0
0
0
0
0
0
0
0
0
0
0
0
0
0
0
0
0
0
0
0
0
0
0
0
0
0
0
0
0
0
0
0
0
0
0
0
