0
0
0
0
0
0
0
0
0
0
0
0
0
0
0
0
0
0
0
0
0
0
0
0
0
0
0
0
0
0
0
0
0
0
0
0
0
0
0
0
0
0
0
0
0
0
0
0
0
0
0
0
0
0
0
0
0
0
0
0
0
0
0
0
0
0
0
0
0
0
0
0
0
0
0
0
0
0
0
0
0
0
0
0
0
0
0
0
0
0
0
0
0
0
0
0
0
0
0
0
0
0
0
0
0
0
0
0
0
0
0
0
0
0
0
0
0
0
0
0
0
0
0
0
0
0
0
0
0
0
0
0
0
0
0
0
0
0
0
0
0
0
0
0
0
0
0
0
0
0.407843
0.607843
0.513726
0.580392
0.00392157
0
0
0
0
0
0
0
0
0
0
0
0
0
0
0.207843
0.792157
0.294118
0.419608
0.298039
0
0
0
0
0
0
0
0
0
0
0
0
0
0
0
0.329412
0.580392
0
0
0
0
0
0
0
0
0
0
0
0
0
0
0
0
0
0
0.341176
0.576471
0
0
0
0
0
0
0
0
0
0
0
0
0
0
0
0
0
0
0.109804
0.956863
0.772549
0.396078
0.00784314
0
0
0
0
0
0
0
0
0
0
0
0
0
0
0
0
0.0784314
0.0666667
0.580392
0.501961
0
0
0
0
0
0
0
0
0
0
0
0
0
0
0
0
0
0
0.0627451
0.933333
0
0
0
0
0
0
0
0
0
0
0
0
0
0
0
0
0.0666667
0.152941
0.537255
0.658824
0
0
0
0
0
0
0
0
0
0
0
0
0
0
0
0
0.72549
0.768627
0.607843
0.0352941
0
0
0
0
0
0
0
0
0
0
0
0
0
0
0
0
0
0
0
0
0
0
0
0
0
0
0
0
0
0
0
0
0
0
0
0
0
0
0
0
0
0
0
0
0
0
0
0
0
0
0
0
0
0
0
0
0
0
0
0
0
0
0
0
0
0
0
0
0
0
0
0
0
0
0
0
0
0
0
0
0
0
0
0
0
0
0
