0
0
0
0
0
0
0
0
0
0
0
0
0
0
0
0
0
0
0
0
0
0
0
0
0
0
0
0
0
0
0
0
0
0
0
0
0
0
0
0
0
0
0
0
0
0
0
0
0
0
0
0
0
0
0
0
0
0
0
0
0
0
0
0
0
0
0
0
0
0
0
0
0
0
0
0
0
0
0
0
0
0
0
0
0
0
0
0
0
0
0
0
0
0
0
0
0
0
0
0
0
0
0
0
0
0
0
0
0
0
0
0
0
0
0
0
0
0
0
0
0
0
0
0
0
0
0
0.00392157
0.203922
0.211765
0.207843
0.407843
0.654902
0
0
0
0
0
0
0
0
0
0
0
0
0
0
0.32549
0.858824
0.678431
0.666667
0.588235
0.164706
0
0
0
0
0
0
0
0
0
0
0
0
0
0
0.333333
0.592157
0
0
0
0
0
0
0
0
0
0
0
0
0
0
0
0
0
0
0.239216
0.678431
0.0862745
0.341176
0.541176
0.470588
0.0431373
0
0
0
0
0
0
0
0
0
0
0
0
0
0.235294
0.937255
0.854902
0.576471
0.360784
0.52549
0.776471
0.054902
0
0
0
0
0
0
0
0
0
0
0
0
0.207843
0.541176
0.0117647
0
0
0
0.509804
0.647059
0
0
0
0
0
0
0
0
0
0
0
0
0
0
0
0
0
0
0.0117647
0.909804
0
0
0
0
0
0
0
0
0
0
0
0
0
0
0
0
0
0
0.168627
0.858824
0
0
0
0
0
0
0
0
0
0
0
0
0
0
0
0
0
0.247059
0.866667
0.231373
0
0
0
0
0
0
0
0
0
0
0
0
0
0
0
0
0.505882
0.827451
0.188235
0
0
0
0
0
0
0
0
0
0
0
0
0
0
0.0627451
0.47451
0.8
0.658824
0.0352941
0
0
0
0
0
0
0
0
0
0
0
0
0
0
0
0.176471
0.556863
0.196078
0
0
0
0
0
0
0
0
0
0
0
0
0
0
0
0
0
0
0
0
0
0
0
0
0
0
0
0
0
0
0
0
0
0
0
0
0
0
0
0
0
0
0
0
0
0
0
0
0
