0
0
0
0
0
0
0
0
0
0
0
0
0
0
0
0
0
0
0
0
0
0
0
0
0
0
0
0
0
0
0
0
0
0
0
0
0
0
0
0
0
0
0
0
0
0
0
0
0
0
0
0
0
0
0
0
0
0
0
0
0
0
0
0
0
0
0
0
0
0
0
0
0
0
0
0
0
0
0
0
0
0
0
0
0
0
0
0
0
0
0
0
0
0
0
0
0
0
0
0
0
0
0
0
0
0
0
0
0
0
0
0
0
0
0
0
0
0
0
0
0
0
0
0
0
0
0
0
0
0
0
0
0
0
0
0
0
0
0
0
0
0
0
0
0
0
0
0
0
0
0
0
0
0.231373
0.00784314
0
0
0
0
0
0
0
0
0
0
0
0
0
0.0980392
0.00392157
0
0
0.0862745
0.792157
0.0313726
0
0
0
0
0
0
0
0
0
0
0
0
0
0.67451
0.494118
0
0
0.6
0.298039
0
0
0
0
0
0
0
0
0
0
0
0
0
0
0.0313726
0.745098
0.529412
0.466667
0.631373
0.00392157
0
0
0
0
0
0
0
0
0
0
0
0
0
0
0
0.0117647
0.733333
0.847059
0.0470588
0
0
0
0
0
0
0
0
0
0
0
0
0
0
0
0
0.101961
0.839216
0.564706
0.72549
0.0941176
0
0
0
0
0
0
0
0
0
0
0
0
0
0
0
0.439216
0.223529
0
0.309804
0.866667
0.00392157
0
0
0
0
0
0
0
0
0
0
0
0
0
0.313726
0.592157
0
0
0
0.101961
0
0
0
0
0
0
0
0
0
0
0
0
0
0
0.192157
0.109804
0
0
0
0
0
0
0
0
0
0
0
0
0
0
0
0
0
0
0
0
0
0
0
0
0
0
0
0
0
0
0
0
0
0
0
0
0
0
0
0
0
0
0
0
0
0
0
0
0
0
0
0
0
0
0
0
0
0
0
0
0
0
0
0
0
0
0
0
0
0
0
0
0
0
0
0
0
0
0
0
0
0
0
0
0
0
0
0
0
0
