0
0
0
0
0
0
0
0
0
0
0
0
0
0
0
0
0
0
0
0
0
0
0
0
0
0
0
0
0
0
0
0
0
0
0
0
0
0
0
0
0
0
0
0
0
0
0
0
0
0
0
0
0
0
0
0
0
0
0
0
0
0
0
0
0
0
0
0
0
0
0
0
0
0
0
0
0
0
0
0
0
0
0
0
0
0
0
0
0
0.00784314
0.305882
0.223529
0.00392157
0
0
0
0
0
0
0
0
0
0
0
0
0
0
0
0
0.490196
0.713726
0.447059
0.854902
0.121569
0
0
0
0
0
0
0
0
0
0
0
0
0
0
0
0.776471
0.101961
0
0.254902
0.839216
0.0313726
0
0
0
0
0
0
0
0
0
0
0
0
0
0
0.847059
0.0196078
0
0
0.588235
0.360784
0
0
0
0
0
0
0
0
0
0
0
0
0
0
0.670588
0.145098
0
0
0.560784
0.352941
0
0
0
0
0
0
0
0
0
0
0
0
0
0
0.286275
0.635294
0.00392157
0.352941
0.835294
0.027451
0
0
0
0
0
0
0
0
0
0
0
0
0
0
0
0.533333
0.870588
0.690196
0.0941176
0
0
0
0
0
0
0
0
0
0
0
0
0
0
0
0.0627451
0.537255
0.843137
0.0666667
0
0
0
0
0
0
0
0
0
0
0
0
0
0
0
0.0117647
0.745098
0.407843
0.309804
0.462745
0.0117647
0
0
0
0
0
0
0
0
0
0
0
0
0
0
0.505882
0.572549
0
0
0.47451
0.129412
0
0
0
0
0
0
0
0
0
0
0
0
0
0
0.756863
0.223529
0
0
0.380392
0.533333
0
0
0
0
0
0
0
0
0
0
0
0
0
0
0.333333
0.843137
0.462745
0.0313726
0.313726
0.607843
0
0
0
0
0
0
0
0
0
0
0
0
0
0
0
0.0705882
0.513726
0.901961
0.901961
0.258824
0
0
0
0
0
0
0
0
0
0
0
0
0
0
0
0
0
0.00784314
0.00392157
0
0
0
0
0
0
0
0
0
0
0
0
0
0
0
0
0
0
0
0
0
0
0
0
0
0
0
0
0
0
0
0
0
0
0
0
0
0
0
0
0
0
0
0
0
0
0
