0
0
0
0
0
0
0
0
0
0
0
0
0
0
0
0
0
0
0
0
0
0
0
0
0
0
0
0
0
0
0
0
0
0
0
0
0
0
0
0
0
0
0
0
0
0
0
0
0
0
0
0
0
0
0
0
0
0
0
0
0
0
0
0
0
0
0
0
0
0
0
0
0
0
0
0
0
0
0
0
0
0
0
0
0
0
0
0
0
0
0
0.054902
0.0470588
0
0
0
0
0
0
0
0
0
0
0
0
0
0
0
0
0
0.435294
0.894118
0.890196
0
0
0
0
0
0
0
0
0
0
0
0
0
0
0
0
0
0.886275
0.0705882
0.909804
0
0
0
0
0
0
0
0
0
0
0
0
0
0
0
0
0
0.843137
0.160784
0.756863
0
0
0
0
0
0
0
0
0
0
0
0
0
0
0
0
0
0.698039
0.654902
0.454902
0
0
0
0
0
0
0
0
0
0
0
0
0
0
0
0
0
0.419608
0.866667
0.0392157
0
0
0
0
0
0
0
0
0
0
0
0
0
0
0
0
0
0.631373
0.792157
0
0
0
0
0
0
0
0
0
0
0
0
0
0
0
0
0
0.121569
0.847059
0.568627
0.0235294
0
0
0
0
0
0
0
0
0
0
0
0
0
0
0
0.027451
0.788235
0.309804
0.654902
0.243137
0
0
0
0
0
0
0
0
0
0
0
0
0
0
0
0.262745
0.690196
0
0.564706
0.356863
0
0
0
0
0
0
0
0
0
0
0
0
0
0
0
0.329412
0.886275
0.745098
0.878431
0.168627
0
0
0
0
0
0
0
0
0
0
0
0
0
0
0
0.0117647
0.156863
0.145098
0.0470588
0
0
0
0
0
0
0
0
0
0
0
0
0
0
0
0
0
0
0
0
0
0
0
0
0
0
0
0
0
0
0
0
0
0
0
0
0
0
0
0
0
0
0
0
0
0
0
0
0
0
0
0
0
0
0
0
0
0
0
0
0
0
0
0
0
0
0
0
0
0
0
0
0
0
0
0
0
0
0
0
0
0
0
0
0
0
0
0
