0
0
0
0
0
0
0
0
0
0
0
0
0
0
0
0
0
0
0
0
0
0
0
0
0
0
0
0
0
0
0
0
0
0
0
0
0
0
0
0
0
0
0
0
0
0
0
0
0
0
0
0
0
0
0
0
0
0
0
0
0
0
0
0
0
0
0
0
0
0
0
0
0
0
0
0
0
0
0
0
0
0
0
0
0
0
0
0
0
0.133333
0.345098
0.313726
0.0470588
0
0
0
0
0
0
0
0
0
0
0
0
0
0
0
0
0.8
0.564706
0.607843
0.854902
0.152941
0
0
0
0
0
0
0
0
0
0
0
0
0
0
0.0745098
0.780392
0
0
0.290196
0.631373
0
0
0
0
0
0
0
0
0
0
0
0
0
0
0.0941176
0.823529
0.0117647
0
0.2
0.721569
0
0
0
0
0
0
0
0
0
0
0
0
0
0
0
0.541176
0.521569
0
0.505882
0.403922
0
0
0
0
0
0
0
0
0
0
0
0
0
0
0
0.0117647
0.752941
0.368627
0.878431
0.0666667
0
0
0
0
0
0
0
0
0
0
0
0
0
0
0
0
0.133333
0.835294
0.396078
0
0
0
0
0
0
0
0
0
0
0
0
0
0
0
0
0
0.223529
0.937255
0.768627
0
0
0
0
0
0
0
0
0
0
0
0
0
0
0
0.027451
0.529412
0.776471
0.2
0.686275
0.266667
0
0
0
0
0
0
0
0
0
0
0
0
0
0
0.662745
0.439216
0
0
0.478431
0.411765
0
0
0
0
0
0
0
0
0
0
0
0
0
0
0.823529
0.2
0
0
0.545098
0.4
0
0
0
0
0
0
0
0
0
0
0
0
0
0
0.298039
0.780392
0.694118
0.678431
0.823529
0.0901961
0
0
0
0
0
0
0
0
0
0
0
0
0
0
0
0.00392157
0.2
0.270588
0.027451
0
0
0
0
0
0
0
0
0
0
0
0
0
0
0
0
0
0
0
0
0
0
0
0
0
0
0
0
0
0
0
0
0
0
0
0
0
0
0
0
0
0
0
0
0
0
0
0
0
0
0
0
0
0
0
0
0
0
0
0
0
0
0
0
0
0
0
