0
0
0
0
0
0
0
0
0
0
0
0
0
0
0
0
0
0
0
0
0
0
0
0
0
0
0
0
0
0
0
0
0
0
0
0
0
0
0
0
0
0
0
0
0
0
0
0
0
0
0
0
0
0
0
0
0
0
0
0
0
0
0
0
0
0
0
0
0
0
0
0
0
0
0
0
0
0
0
0
0
0
0
0
0
0
0
0
0
0
0
0
0
0
0
0
0
0
0
0
0
0
0
0
0
0
0
0
0.0117647
0.713726
0.894118
0.713726
0.219608
0
0
0
0
0
0
0
0
0
0
0
0
0
0
0
0.172549
0.713726
0
0.105882
0.105882
0.431373
0
0
0
0
0
0
0
0
0
0
0
0
0
0
0.192157
0.658824
0
0
0.00784314
0.933333
0.027451
0
0
0
0
0
0
0
0
0
0
0
0
0
0.0627451
0.792157
0.0627451
0
0.0745098
0.866667
0
0
0
0
0
0
0
0
0
0
0
0
0
0
0
0.396078
0.556863
0
0.364706
0.611765
0
0
0
0
0
0
0
0
0
0
0
0
0
0
0
0.0117647
0.694118
0.266667
0.6
0.192157
0
0
0
0
0
0
0
0
0
0
0
0
0
0
0
0
0.0862745
0.909804
0.231373
0
0
0
0
0
0
0
0
0
0
0
0
0
0
0
0
0.0431373
0.737255
0.686275
0.541176
0.0431373
0
0
0
0
0
0
0
0
0
0
0
0
0
0
0
0.690196
0.490196
0
0.266667
0.666667
0.00392157
0
0
0
0
0
0
0
0
0
0
0
0
0
0
0.886275
0.0196078
0
0
0.737255
0.172549
0
0
0
0
0
0
0
0
0
0
0
0
0
0
0.8
0.501961
0.411765
0.498039
0.890196
0.141176
0
0
0
0
0
0
0
0
0
0
0
0
0
0
0.160784
0.388235
0.345098
0.411765
0.141176
0
0
0
0
0
0
0
0
0
0
0
0
0
0
0
0
0
0
0
0
0
0
0
0
0
0
0
0
0
0
0
0
0
0
0
0
0
0
0
0
0
0
0
0
0
0
0
0
0
0
0
0
0
0
0
0
0
0
0
0
0
0
0
0
0
0
