0
0
0
0
0
0
0
0
0
0
0
0
0
0
0
0
0
0
0
0
0
0
0
0
0
0
0
0
0
0
0
0
0
0
0
0
0
0
0
0
0
0
0
0
0
0
0
0
0
0
0
0
0
0
0
0
0
0
0
0
0
0
0
0
0
0
0
0
0
0
0
0
0
0
0
0
0
0
0
0
0
0
0
0
0
0
0
0
0
0
0
0.0117647
0.0235294
0
0
0
0
0
0
0
0
0
0
0
0
0
0
0
0
0.541176
0.894118
0.964706
1
0.545098
0.0117647
0
0
0
0
0
0
0
0
0
0
0
0
0
0.498039
0.741176
0.0352941
0.0235294
0.196078
0.8
0.223529
0
0
0
0
0
0
0
0
0
0
0
0
0.0117647
0.909804
0.0352941
0
0
0
0.611765
0.278431
0
0
0
0
0
0
0
0
0
0
0
0
0.0117647
0.92549
0.0470588
0
0
0
0.698039
0.235294
0
0
0
0
0
0
0
0
0
0
0
0
0
0.486275
0.658824
0
0
0.0666667
0.894118
0.0470588
0
0
0
0
0
0
0
0
0
0
0
0
0
0
0.423529
0.647059
0.0862745
0.768627
0.403922
0
0
0
0
0
0
0
0
0
0
0
0
0
0
0
0
0.560784
0.929412
0.403922
0
0
0
0
0
0
0
0
0
0
0
0
0
0
0
0
0.270588
0.611765
0.831373
0.145098
0
0
0
0
0
0
0
0
0
0
0
0
0
0
0
0.407843
0.788235
0.109804
0.329412
0.654902
0
0
0
0
0
0
0
0
0
0
0
0
0
0
0.231373
0.854902
0.0666667
0
0.0117647
0.913725
0.0431373
0
0
0
0
0
0
0
0
0
0
0
0
0
0.564706
0.419608
0
0
0.00392157
0.831373
0.12549
0
0
0
0
0
0
0
0
0
0
0
0
0
0.333333
0.866667
0.901961
0.87451
0.905882
0.67451
0
0
0
0
0
0
0
0
0
0
0
0
0
0
0
0
0.00784314
0.00784314
0.0196078
0
0
0
0
0
0
0
0
0
0
0
0
0
0
0
0
0
0
0
0
0
0
0
0
0
0
0
0
0
0
0
0
0
0
0
0
0
0
0
0
0
0
0
0
0
0
0
0
