0
0
0
0
0
0
0
0
0
0
0
0
0
0
0
0
0
0
0
0
0
0
0
0
0
0
0
0
0
0
0
0
0
0
0
0
0
0
0
0
0
0
0
0
0
0
0
0
0
0
0
0
0
0
0
0
0
0
0
0
0
0
0
0
0
0
0
0
0
0
0
0
0
0
0
0
0
0
0
0
0
0
0
0
0
0
0
0
0
0
0
0.0313726
0.192157
0
0
0
0
0
0
0
0
0
0
0
0
0
0
0
0
0.0745098
0.87451
0.921569
0.894118
0.290196
0
0
0
0
0
0
0
0
0
0
0
0
0
0
0
0
0.478431
0.490196
0.168627
0.827451
0
0
0
0
0
0
0
0
0
0
0
0
0
0
0
0.0901961
0.870588
0.152941
0
0.752941
0.207843
0
0
0
0
0
0
0
0
0
0
0
0
0
0
0.611765
0.466667
0
0
0.47451
0.435294
0
0
0
0
0
0
0
0
0
0
0
0
0
0.203922
0.866667
0.0431373
0
0
0.427451
0.470588
0
0
0
0
0
0
0
0
0
0
0
0
0
0.694118
0.329412
0
0
0
0.694118
0.258824
0
0
0
0
0
0
0
0
0
0
0
0
0
0.901961
0.054902
0
0
0.309804
0.741176
0.00784314
0
0
0
0
0
0
0
0
0
0
0
0
0
0.847059
0.501961
0.556863
0.447059
0.87451
0.160784
0
0
0
0
0
0
0
0
0
0
0
0
0
0
0.207843
0.890196
0.772549
0.901961
0.533333
0
0
0
0
0
0
0
0
0
0
0
0
0
0
0
0
0.898039
0.0392157
0.0901961
0.764706
0.27451
0
0
0
0
0
0
0
0
0
0
0
0
0
0
0
0.901961
0
0.00392157
0.772549
0.223529
0
0
0
0
0
0
0
0
0
0
0
0
0
0
0
0.905882
0.427451
0.619608
0.658824
0
0
0
0
0
0
0
0
0
0
0
0
0
0
0
0
0.239216
0.490196
0.454902
0.0627451
0
0
0
0
0
0
0
0
0
0
0
0
0
0
0
0
0
0
0
0
0
0
0
0
0
0
0
0
0
0
0
0
0
0
0
0
0
0
0
0
0
0
0
0
0
0
0
