0
0
0
0
0
0
0
0
0
0
0
0
0
0
0
0
0
0
0
0
0
0
0
0
0
0
0
0
0
0
0
0
0
0
0
0
0
0
0
0
0
0
0
0
0
0
0
0
0
0
0
0
0
0
0
0
0
0
0
0
0
0
0
0
0
0
0
0
0
0
0
0
0
0
0
0
0
0
0
0
0
0
0
0
0
0
0
0
0
0
0
0
0
0
0
0
0
0
0
0
0
0
0
0
0
0
0
0
0
0
0.164706
0.654902
0
0
0
0
0
0
0
0
0
0
0
0
0
0
0
0
0
0
0.607843
0.298039
0
0
0
0
0
0
0
0
0
0
0
0
0
0
0
0
0
0.0980392
0.803922
0.0352941
0
0
0
0
0
0
0
0
0
0
0
0
0
0
0
0
0
0.407843
0.254902
0
0
0
0
0
0
0
0
0
0
0
0
0
0
0
0
0
0
0.631373
0.0313726
0
0
0.298039
0
0
0
0
0
0
0
0
0
0
0
0
0
0
0.0705882
0.647059
0
0
0
0.945098
0
0
0
0
0
0
0
0
0
0
0
0
0
0
0.266667
0.647059
0
0
0.00392157
0.929412
0
0
0
0
0
0
0
0
0
0
0
0
0
0
0.121569
0.823529
0.403922
0.298039
0.32549
0.941176
0
0
0
0
0
0
0
0
0
0
0
0
0
0
0
0.054902
0.439216
0.498039
0.596078
0.92549
0
0
0
0
0
0
0
0
0
0
0
0
0
0
0
0
0
0
0
0.858824
0
0
0
0
0
0
0
0
0
0
0
0
0
0
0
0
0
0
0
0.72549
0.00392157
0
0
0
0
0
0
0
0
0
0
0
0
0
0
0
0
0
0
0.862745
0.0352941
0
0
0
0
0
0
0
0
0
0
0
0
0
0
0
0
0
0
0.290196
0.0117647
0
0
0
0
0
0
0
0
0
0
0
0
0
0
0
0
0
0
0
0
0
0
0
0
0
0
0
0
0
0
0
0
0
0
0
0
0
0
0
0
0
0
0
0
0
