0
0
0
0
0
0
0
0
0
0
0
0
0
0
0
0
0
0
0
0
0
0
0
0
0
0
0
0
0
0
0
0
0
0
0
0
0
0
0
0
0
0
0
0
0
0
0
0
0
0
0
0
0
0
0
0
0
0
0
0
0
0
0
0
0
0
0
0
0
0.211765
0.270588
0
0
0
0
0
0
0
0
0
0
0
0
0
0
0
0
0
0.0588235
0.866667
0.176471
0
0
0
0
0
0
0
0
0
0
0
0
0
0
0
0
0
0.564706
0.435294
0
0
0
0
0
0
0
0
0
0
0
0
0
0
0
0
0
0.294118
0.509804
0.0313726
0
0
0
0
0
0
0
0
0
0
0
0
0
0
0
0
0.0627451
0.490196
0.054902
0
0
0
0
0
0
0
0
0
0
0
0
0
0
0
0
0
0.564706
0.458824
0
0
0
0
0
0
0
0
0
0
0
0
0
0
0
0
0
0.0901961
0.745098
0.00392157
0
0
0
0
0
0
0.105882
0.133333
0
0
0
0
0
0
0
0
0
0.698039
0.227451
0
0
0
0
0
0
0
0.392157
0.458824
0
0
0
0
0
0
0
0
0.286275
0.733333
0.00392157
0.0235294
0.054902
0.0627451
0.137255
0.27451
0.501961
0.501961
0.686275
0.67451
0.231373
0
0
0
0
0
0
0
0.6
0.486275
0.580392
0.294118
0.368627
0.419608
0.737255
0.580392
0.396078
0.301961
0.580392
0.686275
0.192157
0
0
0
0
0
0
0
0
0
0
0
0
0
0
0
0
0
0.392157
0.407843
0
0
0
0
0
0
0
0
0
0
0
0
0
0
0
0
0
0
0.447059
0.380392
0
0
0
0
0
0
0
0
0
0
0
0
0
0
0
0
0
0
0.47451
0.407843
0
0
0
0
0
0
0
0
0
0
0
0
0
0
0
0
0
0
0.470588
0.403922
0
0
0
0
0
0
0
0
0
0
0
0
0
0
0
0
0
0
0.47451
0.407843
0
0
0
0
0
0
0
0
0
0
0
0
0
0
0
0
0
0
0.427451
0.494118
0
0
0
0
0
0
0
0
0
0
0
0
0
0
0
0
0
0
0.207843
0.345098
0
0
0
0
