0
0
0
0
0
0
0
0
0
0
0
0
0
0
0
0
0
0
0
0
0
0
0
0
0
0
0
0
0
0
0
0
0
0
0
0
0
0
0
0
0
0
0
0
0
0
0
0
0
0
0
0
0
0
0
0
0
0
0
0
0
0
0
0
0
0
0
0
0
0
0
0
0
0
0
0
0
0
0
0
0
0
0
0
0
0
0
0
0
0
0
0
0
0
0
0
0
0
0
0
0
0
0
0
0
0
0
0
0
0.129412
0.6
0
0
0
0
0
0
0
0
0
0
0
0
0
0
0
0
0
0
0.196078
0.431373
0
0
0
0
0
0
0
0
0
0
0
0
0
0
0
0
0
0
0.396078
0.231373
0
0
0
0
0
0
0
0
0
0
0
0
0
0
0
0
0
0
0.654902
0.00392157
0
0
0
0
0
0
0
0
0
0
0
0
0
0
0
0
0
0.00392157
0.662745
0.00392157
0
0.341176
0.0235294
0
0
0
0
0
0
0
0
0
0
0
0
0
0
0.227451
0.737255
0.0352941
0.00392157
0.776471
0.0627451
0
0
0
0
0
0
0
0
0
0
0
0
0
0
0.156863
0.72549
0.835294
0.792157
0.905882
0.796078
0.839216
0.490196
0
0
0
0
0
0
0
0
0
0
0
0
0
0
0
0
0.658824
0.121569
0
0
0
0
0
0
0
0
0
0
0
0
0
0
0
0
0
0
0.541176
0.266667
0
0
0
0
0
0
0
0
0
0
0
0
0
0
0
0
0
0
0.376471
0.533333
0
0
0
0
0
0
0
0
0
0
0
0
0
0
0
0
0
0
0.105882
0.870588
0
0
0
0
0
0
0
0
0
0
0
0
0
0
0
0
0
0
0
0.141176
0
0
0
0
0
0
0
0
0
0
0
0
0
0
0
0
0
0
0
0
0
0
0
0
0
0
0
0
0
0
0
0
0
0
0
0
0
0
0
0
0
0
0
0
0
0
0
0
0
0
0
0
0
0
0
0
0
0
0
0
0
0
0
0
0
0
