0
0
0
0
0
0
0
0
0
0
0
0
0
0
0
0
0
0
0
0
0
0
0
0
0
0
0
0
0
0
0
0
0
0
0
0
0
0
0
0
0
0
0
0
0
0
0
0
0
0
0
0
0
0
0
0
0
0
0
0
0
0
0
0
0
0
0
0
0
0
0
0
0
0
0
0
0
0
0
0
0
0
0
0
0
0
0
0
0
0
0
0
0
0
0
0
0
0
0
0
0
0
0
0
0
0
0
0
0
0
0
0
0
0
0
0
0
0
0
0
0
0
0
0
0
0
0
0
0.054902
0.0235294
0
0
0
0
0
0
0
0
0
0
0
0
0
0
0
0
0
0
0.541176
0.341176
0
0
0
0
0
0
0
0
0
0
0
0
0
0
0
0
0
0
0.537255
0.337255
0
0
0
0
0
0
0
0
0
0
0
0
0
0
0
0
0
0
0.639216
0.243137
0
0
0.407843
0.054902
0
0
0
0
0
0
0
0
0
0
0
0
0
0
0.764706
0.00392157
0
0
0.443137
0.141176
0
0
0
0
0
0
0
0
0
0
0
0
0
0
0.654902
0.305882
0
0.227451
0.980392
0.505882
0
0
0
0
0
0
0
0
0
0
0
0
0
0
0
0.364706
0
0.298039
0.764706
0
0
0
0
0
0
0
0
0
0
0
0
0
0
0
0
0
0
0.0666667
0.8
0
0
0
0
0
0
0
0
0
0
0
0
0
0
0
0
0
0
0.0784314
0.811765
0
0
0
0
0
0
0
0
0
0
0
0
0
0
0
0
0
0
0.0784314
0.803922
0
0
0
0
0
0
0
0
0
0
0
0
0
0
0
0
0
0
0
0.0352941
0
0
0
0
0
0
0
0
0
0
0
0
0
0
0
0
0
0
0
0
0
0
0
0
0
0
0
0
0
0
0
0
0
0
0
0
0
0
0
0
0
0
0
0
0
0
0
0
0
0
0
0
0
0
0
0
0
0
0
0
0
0
0
0
0
0
0
