0
0
0
0
0
0
0
0
0
0
0
0
0
0
0
0
0
0
0
0
0
0
0
0
0
0
0
0
0
0
0
0
0
0
0
0
0
0
0
0
0
0
0
0
0
0
0
0
0
0
0
0
0
0
0
0
0
0
0
0
0
0
0
0
0
0
0
0
0
0
0
0
0
0
0
0
0
0
0
0
0
0
0
0
0
0
0
0
0
0
0
0
0
0
0
0
0
0
0
0
0
0
0
0
0
0
0
0
0
0
0.360784
0.0431373
0
0
0
0
0
0
0
0
0
0
0
0
0
0
0
0
0
0.164706
0.619608
0.0313726
0
0
0
0
0
0
0
0
0
0
0
0
0
0
0
0
0.0117647
0.243137
0.164706
0
0
0
0
0
0
0
0
0
0
0
0
0
0
0
0
0
0.109804
0.427451
0
0
0
0
0
0
0
0
0
0
0
0
0
0
0
0
0
0.00392157
0.694118
0
0
0
0
0
0
0
0
0
0
0
0
0
0
0
0
0
0
0.262745
0.556863
0
0
0.12549
0.533333
0
0
0
0
0
0
0
0
0
0
0
0
0
0
0.207843
0.709804
0.247059
0.164706
0.188235
0.596078
0.470588
0
0
0
0
0
0
0
0
0
0
0
0
0
0
0.164706
0.596078
0.631373
0.545098
0.827451
0.286275
0
0
0
0
0
0
0
0
0
0
0
0
0
0
0
0
0
0.109804
0.431373
0
0
0
0
0
0
0
0
0
0
0
0
0
0
0
0
0
0
0.0862745
0.403922
0
0
0
0
0
0
0
0
0
0
0
0
0
0
0
0
0
0
0.219608
0.686275
0
0
0
0
0
0
0
0
0
0
0
0
0
0
0
0
0
0
0.0901961
0.341176
0
0
0
0
0
0
0
0
0
0
0
0
0
0
0
0
0
0
0
0
0
0
0
0
0
0
0
0
0
0
0
0
0
0
0
0
0
0
0
0
0
0
0
0
0
0
0
0
0
0
0
0
0
0
0
0
0
0
0
0
0
0
0
0
0
0
0
