0
0
0
0
0
0
0
0
0
0
0
0
0
0
0
0
0
0
0
0
0
0
0
0
0
0
0
0
0
0
0
0
0
0
0
0
0
0
0
0
0
0
0
0
0
0
0
0
0
0
0
0
0
0
0
0
0
0
0
0
0
0
0
0
0
0
0
0
0
0
0
0
0
0
0
0
0
0
0
0
0
0
0
0
0
0
0
0
0
0
0.341176
0.0901961
0
0
0
0
0
0
0
0
0
0
0
0
0
0
0
0
0
0.0470588
0.866667
0.0745098
0
0
0
0
0
0
0
0
0
0
0
0
0
0
0
0
0
0.392157
0.560784
0
0
0
0
0
0
0
0
0
0
0
0
0
0
0
0
0
0.101961
0.8
0.0588235
0
0
0
0
0
0
0
0
0
0
0
0
0
0
0
0
0
0.443137
0.219608
0
0
0.376471
0.0862745
0
0
0
0
0
0
0
0
0
0
0
0
0
0.32549
0.67451
0
0
0
0.745098
0.152941
0
0
0
0
0
0
0
0
0
0
0
0
0.113725
0.666667
0.0862745
0
0
0
0.694118
0.0901961
0
0
0
0
0
0
0
0
0
0
0
0.027451
0.764706
0.501961
0.298039
0.133333
0.219608
0.423529
0.898039
0.505882
0.0235294
0
0
0
0
0
0
0
0
0
0
0.113725
0.631373
0.301961
0.364706
0.164706
0.270588
0.470588
0.886275
0.407843
0.0117647
0
0
0
0
0
0
0
0
0
0
0
0
0
0
0
0
0
0.180392
0
0
0
0
0
0
0
0
0
0
0
0
0
0
0
0
0
0
0
0.623529
0.00392157
0
0
0
0
0
0
0
0
0
0
0
0
0
0
0
0
0
0
0.27451
0
0
0
0
0
0
0
0
0
0
0
0
0
0
0
0
0
0
0
0.419608
0.00392157
0
0
0
0
0
0
0
0
0
0
0
0
0
0
0
0
0
0
0.686275
0.00392157
0
0
0
0
0
0
0
0
0
0
0
0
0
0
0
0
0
0
0.729412
0.129412
0
0
0
0
0
0
0
0
0
0
0
0
0
0
0
0
0
0
0.513726
0.0784314
0
0
0
0
0
0
