0
0
0
0
0
0
0
0
0
0
0
0
0
0
0
0
0
0
0
0
0
0
0
0
0
0
0
0
0
0
0
0
0
0
0
0
0
0
0
0
0
0
0
0
0
0
0
0
0
0
0
0
0
0
0
0
0
0
0
0
0
0
0
0
0
0
0
0
0
0
0
0
0
0
0
0
0
0
0
0
0
0
0
0
0
0
0
0
0
0.239216
0
0
0
0
0
0
0
0
0
0
0
0
0
0
0
0
0
0
0.0470588
0.878431
0
0
0
0
0
0
0
0
0
0
0
0
0
0
0
0
0
0
0.0980392
0.788235
0
0
0
0
0
0
0
0
0
0
0
0
0
0
0
0
0
0
0.329412
0.533333
0
0
0
0
0
0
0
0
0
0
0
0
0
0
0
0
0
0
0.47451
0.407843
0
0
0
0
0
0
0
0
0
0
0
0
0
0
0
0
0
0
0.478431
0.411765
0
0
0
0
0
0
0
0
0
0
0
0
0
0
0
0
0
0
0.498039
0.537255
0.0313726
0
0.337255
0.286275
0
0
0
0
0
0
0
0
0
0
0
0
0
0
0.121569
0.670588
0.733333
0.643137
0.698039
0.494118
0
0
0
0
0
0
0
0
0
0
0
0
0
0
0
0
0.0117647
0.266667
0.701961
0.403922
0
0
0
0
0
0
0
0
0
0
0
0
0
0
0
0
0
0
0.470588
0.403922
0
0
0
0
0
0
0
0
0
0
0
0
0
0
0
0
0
0
0.47451
0.407843
0
0
0
0
0
0
0
0
0
0
0
0
0
0
0
0
0
0
0.470588
0.403922
0
0
0
0
0
0
0
0
0
0
0
0
0
0
0
0
0
0
0.439216
0.372549
0
0
0
0
0
0
0
0
0
0
0
0
0
0
0
0
0
0
0
0
0
0
0
0
0
0
0
0
0
0
0
0
0
0
0
0
0
0
0
0
0
0
0
0
0
0
0
0
0
0
0
0
0
0
0
0
0
0
0
0
0
0
0
0
0
0
