0
0
0
0
0
0
0
0
0
0
0
0
0
0
0
0
0
0
0
0
0
0
0
0
0
0
0
0
0
0
0
0
0
0
0
0
0
0
0
0
0
0
0
0
0
0
0
0
0
0
0
0
0
0
0
0
0
0
0
0
0
0
0
0
0
0
0
0
0
0
0
0
0
0
0
0
0
0
0
0
0
0
0
0
0
0
0
0
0
0
0
0
0
0
0
0
0
0
0
0
0
0
0
0
0
0
0
0
0
0.156863
0.192157
0
0
0
0
0
0
0
0
0
0
0
0
0
0
0
0
0
0.027451
0.831373
0.247059
0
0
0
0
0
0
0
0
0
0
0
0
0
0
0
0
0
0.423529
0.490196
0
0
0
0
0
0
0
0
0
0
0
0
0
0
0
0
0
0.0313726
0.843137
0
0
0
0
0
0
0
0
0
0
0
0
0
0
0
0
0
0
0.121569
0.890196
0.113725
0
0
0.12549
0.498039
0.027451
0
0
0
0
0
0
0
0
0
0
0
0
0
0.309804
0.713726
0.0745098
0.0980392
0.760784
0.960784
0.278431
0
0
0
0
0
0
0
0
0
0
0
0
0
0
0
0
0.027451
0.623529
0.152941
0.0117647
0
0
0
0
0
0
0
0
0
0
0
0
0
0
0
0
0
0.694118
0.00392157
0
0
0
0
0
0
0
0
0
0
0
0
0
0
0
0
0
0
0.619608
0.00392157
0
0
0
0
0
0
0
0
0
0
0
0
0
0
0
0
0
0
0.847059
0.00784314
0
0
0
0
0
0
0
0
0
0
0
0
0
0
0
0
0
0
0.866667
0.00784314
0
0
0
0
0
0
0
0
0
0
0
0
0
0
0
0
0
0
0.780392
0.0235294
0
0
0
0
0
0
0
0
0
0
0
0
0
0
0
0
0
0
0
0
0
0
0
0
0
0
0
0
0
0
0
0
0
0
0
0
0
0
0
0
0
0
0
0
0
0
0
0
0
0
0
0
0
0
0
0
0
0
0
0
0
0
0
0
0
0
