0
0
0
0
0
0
0
0
0
0
0
0
0
0
0
0
0
0
0
0
0
0
0
0
0
0
0
0
0
0
0
0
0
0
0
0
0
0
0
0
0
0
0
0
0
0
0
0
0
0
0
0
0
0
0
0
0
0
0
0
0
0
0
0
0
0
0
0
0
0
0
0
0
0
0
0
0
0
0
0
0
0
0
0
0
0
0
0
0
0.0352941
0.764706
0.0352941
0
0
0
0
0
0
0
0
0
0
0
0
0
0
0
0
0
0.490196
0.52549
0
0
0
0
0
0
0
0
0
0
0
0
0
0
0
0
0
0.0313726
0.847059
0.0431373
0
0
0
0
0
0
0
0
0
0
0
0
0
0
0
0
0
0.478431
0.529412
0
0
0
0
0
0
0
0
0
0
0
0
0
0
0
0
0
0.0470588
0.862745
0.0627451
0
0
0
0
0
0
0
0
0
0
0
0
0
0
0
0
0
0.403922
0.403922
0
0
0.407843
0.156863
0
0
0
0
0
0
0
0
0
0
0
0
0
0
0.486275
0.678431
0.0627451
0
0.752941
0.113725
0
0
0
0
0
0
0
0
0
0
0
0
0
0
0.0313726
0.407843
0.792157
0.576471
0.909804
0.32549
0.313726
0.301961
0
0
0
0
0
0
0
0
0
0
0
0
0
0
0.0392157
0.301961
0.854902
0.47451
0.513726
0.380392
0
0
0
0
0
0
0
0
0
0
0
0
0
0
0
0.211765
0.596078
0
0
0
0
0
0
0
0
0
0
0
0
0
0
0
0
0
0
0.203922
0.670588
0
0
0
0
0
0
0
0
0
0
0
0
0
0
0
0
0
0
0.133333
0.768627
0
0
0
0
0
0
0
0
0
0
0
0
0
0
0
0
0
0
0.00392157
0.933333
0.0627451
0
0
0
0
0
0
0
0
0
0
0
0
0
0
0
0
0
0
0.0745098
0
0
0
0
0
0
0
0
0
0
0
0
0
0
0
0
0
0
0
0
0
0
0
0
0
0
0
0
0
0
0
0
0
0
0
0
0
0
0
0
0
0
0
0
0
0
0
0
