0
0
0
0
0
0
0
0
0
0
0
0
0
0
0
0
0
0
0
0
0
0
0
0
0
0
0
0
0
0
0
0
0
0
0
0
0
0
0
0
0
0
0
0
0
0
0
0
0
0
0
0
0
0
0
0
0
0
0
0
0
0
0
0
0
0
0
0
0
0
0
0
0
0
0
0
0
0
0
0
0
0
0
0
0
0
0
0
0
0
0
0
0
0
0
0
0
0
0
0
0
0
0
0
0
0
0
0
0
0.619608
0.141176
0
0
0
0
0
0
0
0
0
0
0
0
0
0
0
0
0
0.0392157
0.886275
0.00392157
0
0
0
0
0
0
0
0
0
0
0
0
0
0
0
0
0
0.372549
0.560784
0
0
0
0
0
0
0
0
0
0
0
0
0
0
0
0
0
0
0.380392
0.113725
0
0
0
0
0
0
0
0
0
0
0
0
0
0
0
0
0
0.027451
0.862745
0.0392157
0
0
0
0
0
0
0
0
0
0
0
0
0
0
0
0
0
0.341176
0.6
0
0
0
0
0.329412
0.27451
0
0
0
0
0
0
0
0
0
0
0
0
0.705882
0.32549
0.156863
0.105882
0.133333
0.4
0.729412
0.396078
0
0
0
0
0
0
0
0
0
0
0
0
0.403922
0.27451
0.380392
0.192157
0.235294
0.427451
0.741176
0.133333
0
0
0
0
0
0
0
0
0
0
0
0
0
0
0
0
0
0
0.737255
0.0666667
0
0
0
0
0
0
0
0
0
0
0
0
0
0
0
0
0
0
0.823529
0.00784314
0
0
0
0
0
0
0
0
0
0
0
0
0
0
0
0
0
0
0.894118
0
0
0
0
0
0
0
0
0
0
0
0
0
0
0
0
0
0
0.00784314
0.937255
0
0
0
0
0
0
0
0
0
0
0
0
0
0
0
0
0
0
0
0.203922
0
0
0
0
0
0
0
0
0
0
0
0
0
0
0
0
0
0
0
0
0
0
0
0
0
0
0
0
0
0
0
0
0
0
0
0
0
0
0
0
0
0
0
0
0
0
