0
0
0
0
0
0
0
0
0
0
0
0
0
0
0
0
0
0
0
0
0
0
0
0
0
0
0
0
0
0
0
0
0
0
0
0
0
0
0
0
0
0
0
0
0
0
0
0
0
0
0
0
0
0
0
0
0
0
0
0
0
0
0
0
0
0
0
0
0
0
0
0.380392
0.231373
0
0
0
0
0
0
0
0
0
0
0
0
0
0
0
0
0
0
0.631373
0.254902
0
0
0
0
0
0
0
0
0
0
0
0
0
0
0
0
0
0.00392157
0.866667
0.0392157
0
0
0
0
0
0
0
0
0
0
0
0
0
0
0
0
0
0.337255
0.141176
0.341176
0
0
0
0
0
0
0
0
0
0
0
0
0
0
0
0
0.105882
0.333333
0.188235
0.764706
0
0
0
0
0
0
0
0
0
0
0
0
0
0
0
0
0.313726
0.231373
0.176471
0.686275
0
0
0
0
0
0
0
0
0
0
0
0
0
0
0
0.192157
0.713726
0
0.211765
0.678431
0
0
0
0
0
0
0
0
0
0
0
0
0
0
0
0.713726
0.266667
0
0.203922
0.670588
0
0
0
0
0
0
0
0
0
0
0
0
0
0
0.270588
0.741176
0
0
0.211765
0.678431
0
0
0
0
0
0
0
0
0
0
0
0
0
0.00392157
0.890196
0.705882
0.596078
0.588235
0.678431
0.937255
0.886275
0.886275
0.580392
0
0
0
0
0
0
0
0
0
0
0
0.254902
0.266667
0.262745
0.254902
0.419608
0.72549
0.0313726
0.0196078
0.0196078
0
0
0
0
0
0
0
0
0
0
0
0
0
0
0
0.207843
0.67451
0
0
0
0
0
0
0
0
0
0
0
0
0
0
0
0
0
0
0.196078
0.713726
0
0
0
0
0
0
0
0
0
0
0
0
0
0
0
0
0
0
0.145098
0.745098
0
0
0
0
0
0
0
0
0
0
0
0
0
0
0
0
0
0
0.164706
0.764706
0
0
0
0
0
0
0
0
0
0
0
0
0
0
0
0
0
0
0.0588235
0.372549
0
0
0
0
0
0
0
0
0
0
0
0
0
0
0
0
0
0
0
0
0
0
0
0
0
0
0
