0
0
0
0
0
0
0
0
0
0
0
0
0
0
0
0
0
0
0
0
0
0
0
0
0
0
0
0
0
0
0
0
0
0
0
0
0
0
0
0
0
0
0
0
0
0
0
0
0
0
0.105882
0.192157
0
0
0
0
0
0
0
0
0
0
0
0
0
0
0
0
0
0
0.545098
0.435294
0
0
0
0
0
0
0
0
0
0
0
0
0
0
0
0
0
0.0431373
0.827451
0.0588235
0
0
0
0
0
0
0
0
0
0
0
0
0
0
0
0
0
0.423529
0.356863
0
0
0
0
0
0
0
0
0
0
0
0
0
0
0
0
0
0.133333
0.505882
0.0235294
0
0
0
0
0
0
0
0
0
0
0
0
0
0
0
0
0.0117647
0.333333
0.2
0
0
0.0588235
0.243137
0
0
0
0
0
0
0
0
0
0
0
0
0
0.243137
0.419608
0
0
0
0.247059
0.576471
0
0
0
0
0
0
0
0
0
0
0
0
0.266667
0.576471
0
0
0
0
0.298039
0.498039
0
0
0
0
0
0
0
0
0
0
0
0.129412
0.847059
0.0784314
0
0
0
0
0.235294
0.309804
0
0
0
0
0
0
0
0
0
0
0.00392157
0.709804
0.309804
0
0
0
0
0
0.333333
0.356863
0.372549
0.427451
0.294118
0
0
0
0
0
0
0
0.227451
0.976471
0.788235
0.47451
0.533333
0.2
0.580392
0.635294
0.92549
0.870588
0.572549
0.509804
0.345098
0
0
0
0
0
0
0
0
0.0588235
0.0470588
0.00392157
0.00392157
0
0.00392157
0
0.462745
0.396078
0
0
0
0
0
0
0
0
0
0
0
0
0
0
0
0
0
0
0.243137
0.196078
0
0
0
0
0
0
0
0
0
0
0
0
0
0
0
0
0
0
0.431373
0.364706
0
0
0
0
0
0
0
0
0
0
0
0
0
0
0
0
0
0.027451
0.756863
0.337255
0
0
0
0
0
0
0
0
0
0
0
0
0
0
0
0
0
0.00784314
0.929412
0.333333
0
0
0
0
0
0
0
0
0
0
0
0
0
0
0
0
0
0
0.364706
0.0705882
0
0
0
0
0
0
0
0
0
0
0
0
0
0
0
0
0
0
0
0
0
0
0
0
0
0
