0
0
0
0
0
0
0
0
0
0
0
0
0
0
0
0
0
0
0
0
0
0
0
0
0
0
0
0
0
0
0
0
0
0
0
0
0
0
0
0
0
0
0
0
0
0
0
0
0
0
0
0
0
0
0
0
0
0
0
0
0
0
0
0
0
0
0
0
0
0.00784314
0
0
0
0
0
0
0
0
0
0
0
0
0
0
0
0
0
0
0.196078
0.839216
0
0
0
0
0
0
0
0
0
0
0
0
0
0
0
0
0
0.0627451
0.823529
0.196078
0
0
0
0
0
0
0
0
0
0
0
0
0
0
0
0
0
0.403922
0.490196
0
0
0
0.0705882
0.294118
0
0
0
0
0
0
0
0
0
0
0
0
0
0.752941
0.133333
0
0
0
0.207843
0.466667
0
0
0
0
0
0
0
0
0
0
0
0
0.156863
0.776471
0
0
0
0
0.313726
0.345098
0
0
0
0
0
0
0
0
0
0
0
0
0.439216
0.490196
0
0
0
0
0.466667
0.545098
0
0
0
0
0
0
0
0
0
0
0
0
0.458824
0.392157
0
0
0
0
0.462745
0.447059
0
0
0
0
0
0
0
0
0
0
0
0
0.372549
0.529412
0
0
0
0.0313726
0.803922
0.356863
0
0
0
0
0
0
0
0
0
0
0
0
0.101961
0.87451
0.145098
0.027451
0.223529
0.623529
0.596078
0.388235
0
0
0
0
0
0
0
0
0
0
0
0
0
0.407843
0.776471
0.886275
0.698039
0.211765
0.364706
0.356863
0
0
0
0
0
0
0
0
0
0
0
0
0
0
0
0
0
0
0.333333
0.47451
0
0
0
0
0
0
0
0
0
0
0
0
0
0
0
0
0
0
0.309804
0.560784
0
0
0
0
0
0
0
0
0
0
0
0
0
0
0
0
0
0
0.219608
0.662745
0
0
0
0
0
0
0
0
0
0
0
0
0
0
0
0
0
0
0.172549
0.741176
0
0
0
0
0
0
0
0
0
0
0
0
0
0
0
0
0
0
0.156863
0.8
0
0
0
0
0
0
0
0
0
0
0
0
0
0
0
0
0
0
0.0588235
0.447059
0
0
0
0
0
0
