0
0
0
0
0
0
0
0
0
0
0
0
0
0
0
0
0
0
0
0
0
0
0
0
0
0
0
0
0
0
0
0
0
0
0
0
0
0
0
0
0
0
0
0
0
0
0
0
0
0
0
0
0
0
0
0
0
0
0
0
0
0
0
0
0
0
0
0
0
0
0
0
0
0
0
0
0
0
0
0
0
0
0
0
0
0
0
0
0
0
0
0
0
0
0
0
0
0
0
0
0
0
0
0
0
0
0
0
0
0
0
0
0
0
0
0
0
0
0
0
0
0
0
0
0
0
0
0
0
0
0
0.0117647
0.290196
0.32549
0.0117647
0
0
0
0
0
0
0
0
0
0
0
0
0
0
0
0
0.647059
0.568627
0.619608
0.0745098
0
0
0
0
0
0
0
0
0
0
0
0
0
0
0
0.588235
0.152941
0
0
0
0
0
0
0
0
0
0
0
0
0
0
0
0
0
0.509804
0.0745098
0
0
0
0
0
0
0
0
0
0
0
0
0
0
0
0
0
0.466667
0.678431
0.592157
0.619608
0.176471
0
0
0
0
0
0
0
0
0
0
0
0
0
0
0
0.478431
0.776471
0.411765
0.286275
0.0627451
0
0
0
0
0
0
0
0
0
0
0
0
0
0
0
0.611765
0.768627
0.564706
0
0
0
0
0
0
0
0
0
0
0
0
0
0
0
0
0
0.278431
0.764706
0.0666667
0
0
0
0
0
0
0
0
0
0
0
0
0
0
0
0
0
0
0.32549
0.854902
0.611765
0.192157
0
0
0
0
0
0
0
0
0
0
0
0
0
0
0
0
0
0.0666667
0.341176
0.105882
0
0
0
0
0
0
0
0
0
0
0
0
0
0
0
0
0
0
0
0
0
0
0
0
0
0
0
0
0
0
0
0
0
0
0
0
0
0
0
0
0
0
0
0
0
0
0
0
0
0
0
0
0
0
0
0
0
0
0
0
0
0
0
0
0
0
0
0
0
0
0
0
0
0
0
0
0
0
0
0
0
0
0
0
0
0
0
