0
0
0
0
0
0
0
0
0
0
0
0
0
0
0
0
0
0
0
0
0
0
0
0
0
0
0
0
0
0
0
0
0
0
0
0
0
0
0
0
0
0
0
0
0
0
0
0
0
0
0
0
0
0
0
0
0
0
0
0
0
0
0
0
0
0
0
0
0
0
0
0
0
0
0
0
0
0
0
0
0
0
0
0
0
0
0
0
0
0
0
0
0
0
0
0
0
0
0
0
0
0
0
0
0
0
0
0
0
0
0
0
0.0745098
0.396078
0.498039
0.00392157
0
0
0
0
0
0
0
0
0
0
0
0
0
0
0.00392157
0.439216
0.847059
0.388235
0.364706
0
0
0
0
0
0
0
0
0
0
0
0
0
0
0.054902
0.603922
0.541176
0.00392157
0
0
0
0
0
0
0
0
0
0
0
0
0
0
0
0
0.52549
0.458824
0
0
0
0
0
0
0
0
0
0
0
0
0
0
0
0
0
0.141176
0.796078
0.0235294
0
0
0
0
0
0
0
0
0
0
0
0
0
0
0
0
0
0.541176
0.635294
0.690196
0.286275
0
0
0
0
0
0
0
0
0
0
0
0
0
0
0
0.00392157
0.901961
0.556863
0.258824
0.0196078
0
0
0
0
0
0
0
0
0
0
0
0
0
0
0
0
0.607843
0.913725
0.843137
0.0745098
0
0
0
0
0
0
0
0
0
0
0
0
0
0
0
0
0.0745098
0.760784
0.137255
0
0
0
0
0
0
0
0
0
0
0
0
0
0
0
0
0
0
0.294118
0.368627
0
0
0
0
0
0
0
0
0
0
0
0
0
0
0
0
0
0
0.00392157
0.360784
0.219608
0.0235294
0
0
0
0
0
0
0
0
0
0
0
0
0
0
0
0
0
0
0.368627
0.635294
0.521569
0.494118
0
0
0
0
0
0
0
0
0
0
0
0
0
0
0
0
0
0.00392157
0.266667
0.301961
0
0
0
0
0
0
0
0
0
0
0
0
0
0
0
0
0
0
0
0
0
0
0
0
0
0
0
0
0
0
0
0
0
0
0
0
0
0
0
0
0
0
0
0
0
