0
0
0
0
0
0
0
0
0
0
0
0
0
0
0
0
0
0
0
0
0
0
0
0
0
0
0
0
0
0
0
0
0
0
0
0
0
0
0
0
0
0
0
0
0
0
0
0
0
0
0
0
0
0
0
0
0
0
0
0
0
0
0
0
0
0
0
0
0
0
0
0
0
0
0
0
0
0
0
0
0
0
0
0
0
0
0
0
0
0
0
0
0
0
0
0
0
0
0
0
0
0
0
0
0
0
0
0
0
0
0
0
0
0
0
0
0
0
0
0
0
0
0
0
0
0
0
0
0
0
0
0
0
0
0
0
0
0
0
0
0
0
0
0
0
0
0
0
0
0
0
0.0901961
0.619608
0.905882
0.780392
0.0392157
0
0
0
0
0
0
0
0
0
0
0
0
0
0
0.0588235
0.811765
0.396078
0.0117647
0.533333
0.0862745
0
0
0
0
0
0
0
0
0
0
0.121569
0.552941
0.498039
0.513726
0.764706
0.32549
0
0
0
0
0
0
0
0
0
0
0
0
0
0
0.0627451
0.352941
0.443137
0.898039
0.341176
0
0
0
0
0
0
0
0
0
0
0
0
0
0
0
0
0
0.407843
0.545098
0
0
0
0
0
0
0
0
0
0
0
0
0
0
0
0
0
0
0.780392
0.929412
0.239216
0
0
0
0
0
0
0
0
0
0
0
0
0
0
0
0
0
0.329412
0.494118
0
0
0
0
0
0
0
0
0
0
0
0
0
0
0
0
0
0
0.0313726
0.678431
0.858824
0.811765
0.00784314
0
0
0
0
0
0
0
0
0
0
0
0
0
0
0
0
0
0.0627451
0.0705882
0
0
0
0
0
0
0
0
0
0
0
0
0
0
0
0
0
0
0
0
0
0
0
0
0
0
0
0
0
0
0
0
0
0
0
0
0
0
0
0
0
0
0
0
0
0
0
0
0
0
0
0
0
0
0
0
0
0
0
0
0
0
0
0
0
0
0
0
0
0
0
0
0
0
0
0
0
0
0
0
0
0
0
0
0
0
0
0
