0
0
0
0
0
0
0
0
0
0
0
0
0
0
0
0
0
0
0
0
0
0
0
0
0
0
0
0
0
0
0
0
0
0
0
0
0
0
0
0
0
0
0
0
0
0
0
0
0
0
0
0
0
0
0
0
0
0
0
0
0
0
0
0
0
0
0
0
0
0
0
0
0
0
0
0
0
0
0
0
0
0
0
0
0
0
0
0
0
0
0
0
0
0
0
0
0
0
0
0
0
0
0
0
0
0
0
0
0
0
0
0
0
0
0
0
0
0
0
0
0
0
0
0
0
0
0
0
0
0
0.027451
0.407843
0.796078
0.858824
0.0745098
0
0
0
0
0
0
0
0
0
0
0
0
0
0
0.180392
0.780392
0.505882
0.105882
0.054902
0
0
0
0
0
0
0
0
0
0
0
0
0
0
0.196078
0.819608
0.196078
0
0
0
0
0
0
0
0
0
0
0
0
0
0
0
0
0
0.72549
0.427451
0.0352941
0
0
0
0
0
0
0
0
0
0
0
0
0
0
0
0
0.301961
0.972549
0.721569
0.494118
0
0
0
0
0
0
0
0
0
0
0
0
0
0
0
0
0.235294
0.933333
0.294118
0.301961
0
0
0
0
0
0
0
0
0
0
0
0
0
0
0
0
0.619608
0.980392
0.858824
0.160784
0
0
0
0
0
0
0
0
0
0
0
0
0
0
0
0
0
0.113725
0.72549
0.00392157
0
0
0
0.129412
0.301961
0
0
0
0
0
0
0
0
0
0
0
0
0
0.12549
0.654902
0.435294
0.333333
0.380392
0.776471
0.4
0
0
0
0
0
0
0
0
0
0
0
0
0
0
0.0627451
0.435294
0.533333
0.505882
0.286275
0
0
0
0
0
0
0
0
0
0
0
0
0
0
0
0
0
0
0
0
0
0
0
0
0
0
0
0
0
0
0
0
0
0
0
0
0
0
0
0
0
0
0
0
0
0
0
0
0
0
0
0
0
0
0
0
0
0
0
0
0
0
0
0
0
0
0
0
0
0
0
0
0
0
0
0
0
0
0
0
0
0
0
0
0
