0
0
0
0
0
0
0
0
0
0
0
0
0
0
0
0
0
0
0
0
0
0
0
0
0
0
0
0
0
0
0
0
0
0
0
0
0
0
0
0
0
0
0
0
0
0
0
0
0
0
0
0
0
0
0
0
0
0
0
0
0
0
0
0
0
0
0
0
0
0
0
0
0
0
0
0
0
0
0
0
0
0
0
0
0
0
0
0
0
0
0
0
0
0
0
0
0
0
0
0
0
0
0
0
0
0
0
0
0
0
0
0
0
0
0
0
0
0
0
0
0
0
0
0
0
0
0
0
0
0
0
0
0
0.00392157
0.054902
0
0
0
0
0
0
0
0
0
0
0
0
0
0
0
0.0745098
0.368627
0.654902
0.831373
0.619608
0
0
0
0
0
0
0
0
0
0
0
0
0
0
0.192157
0.870588
0.533333
0.231373
0.0313726
0
0
0
0
0
0
0
0
0
0
0
0
0
0
0
0.737255
0.188235
0
0
0
0
0
0
0
0
0
0
0
0
0
0
0
0
0
0.164706
0.92549
0.352941
0.270588
0
0
0
0
0
0
0
0
0
0
0
0
0
0
0
0
0.356863
0.913725
0.572549
0.447059
0
0
0
0
0
0
0
0
0
0
0
0
0
0
0
0.00392157
0.862745
0.996078
0.909804
0.180392
0
0
0
0
0
0
0
0
0
0
0
0
0
0
0
0
0.0117647
0.501961
0.737255
0.309804
0.27451
0.243137
0
0
0
0
0
0
0
0
0
0
0
0
0
0
0
0
0.352941
0.6
0.607843
0.560784
0
0
0
0
0
0
0
0
0
0
0
0
0
0
0
0
0
0
0
0
0
0
0
0
0
0
0
0
0
0
0
0
0
0
0
0
0
0
0
0
0
0
0
0
0
0
0
0
0
0
0
0
0
0
0
0
0
0
0
0
0
0
0
0
0
0
0
0
0
0
0
0
0
0
0
0
0
0
0
0
0
0
0
0
0
0
0
0
0
0
0
0
0
0
0
0
0
0
0
0
0
0
0
0
0
0
