0
0
0
0
0
0
0
0
0
0
0
0
0
0
0
0
0
0
0
0
0
0
0
0
0
0
0
0
0
0
0
0
0
0
0
0
0
0
0
0
0
0
0
0
0
0
0
0
0
0
0
0
0
0
0
0
0
0
0
0
0
0
0
0
0
0
0
0
0
0
0
0
0
0
0
0
0
0
0
0
0
0
0
0
0
0
0
0
0
0
0
0
0
0
0
0
0
0
0
0
0
0
0
0
0
0
0
0
0
0
0
0.0313726
0.407843
0.447059
0.313726
0
0
0
0
0
0
0
0
0
0
0
0
0
0
0
0.219608
0.827451
0.552941
0.380392
0.4
0
0
0
0
0
0
0
0
0
0
0
0
0
0
0.298039
0.819608
0.192157
0
0
0
0
0
0
0
0
0
0
0
0
0
0
0
0
0.0313726
0.603922
0.12549
0
0
0
0
0
0
0
0
0
0
0
0
0
0
0
0
0
0.0666667
0.462745
0.054902
0.0705882
0.054902
0
0
0
0
0
0
0
0
0
0
0
0
0
0
0
0.529412
0.980392
0.937255
0.894118
0.619608
0
0
0
0
0
0
0
0
0
0
0
0
0
0
0
0.301961
0.92549
0.662745
0.380392
0
0
0
0
0
0
0
0
0
0
0
0
0
0
0
0
0
0.278431
0.352941
0
0
0
0
0
0
0
0
0
0
0
0
0
0
0
0
0
0
0.0784314
0.878431
0.258824
0
0
0
0
0
0
0
0
0
0
0
0
0
0
0
0
0
0
0.141176
0.741176
0.698039
0.388235
0.403922
0.101961
0
0
0
0
0
0
0
0
0
0
0
0
0
0
0
0
0.203922
0.505882
0.556863
0.12549
0
0
0
0
0
0
0
0
0
0
0
0
0
0
0
0
0
0
0
0
0
0
0
0
0
0
0
0
0
0
0
0
0
0
0
0
0
0
0
0
0
0
0
0
0
0
0
0
0
0
0
0
0
0
0
0
0
0
0
0
0
0
0
0
0
0
0
0
0
0
0
0
0
0
0
0
0
0
0
0
0
0
0
0
