0
0
0
0
0
0
0
0
0
0
0
0
0
0
0
0
0
0
0
0
0
0
0
0
0
0
0
0
0
0
0
0
0
0
0
0
0
0
0
0
0
0
0
0
0
0
0
0
0
0
0
0
0
0
0
0
0
0
0
0
0
0
0
0
0
0
0
0
0
0
0
0
0
0
0
0
0
0
0
0
0
0
0
0
0
0
0
0
0
0
0
0
0
0
0
0
0
0
0
0
0
0
0
0
0
0
0
0
0
0
0
0
0
0
0
0
0
0
0
0
0
0
0
0
0
0
0
0
0
0
0
0.12549
0.737255
0.890196
0.803922
0.435294
0
0
0
0
0
0
0
0
0
0
0
0
0
0
0.258824
0.854902
0.32549
0.00392157
0.0901961
0.121569
0
0
0
0
0
0
0
0
0
0
0
0
0
0.00392157
0.819608
0.0980392
0
0
0
0
0
0
0
0
0
0
0
0
0
0
0
0.133333
0.352941
0.364706
0.286275
0
0
0
0
0
0
0
0
0
0
0
0
0
0
0
0
0.231373
0.592157
0.643137
0.309804
0
0
0
0
0
0
0
0
0
0
0
0
0
0
0
0
0.101961
0.678431
0.721569
0.419608
0.196078
0
0
0
0
0
0
0
0
0
0
0
0
0
0
0
0.0784314
0.545098
0.67451
0.486275
0.235294
0
0
0
0
0
0
0
0
0
0
0
0
0
0
0
0
0.0705882
0.6
0.105882
0
0
0
0
0
0
0
0
0
0
0
0
0
0
0
0
0
0
0.231373
0.8
0.2
0
0
0
0
0
0
0
0
0
0
0
0
0
0
0
0
0
0
0.160784
0.168627
0.768627
0.690196
0.647059
0.698039
0.00392157
0
0
0
0
0
0
0
0
0
0
0
0
0
0
0
0.027451
0.164706
0.180392
0.164706
0
0
0
0
0
0
0
0
0
0
0
0
0
0
0
0
0
0
0
0
0
0
0
0
0
0
0
0
0
0
0
0
0
0
0
0
0
0
0
0
0
0
0
0
0
0
0
0
0
0
0
0
0
0
0
0
0
0
0
0
0
0
0
0
