0
0
0
0
0
0
0
0
0
0
0
0
0
0
0
0
0
0
0
0
0
0
0
0
0
0
0
0
0
0
0
0
0
0
0
0
0
0
0
0
0
0
0
0
0
0
0
0
0
0
0
0
0
0
0
0
0
0
0
0
0
0
0
0
0
0
0
0
0
0
0
0
0
0
0
0
0
0
0
0
0
0
0
0
0
0
0
0
0
0
0
0
0
0
0
0
0
0
0
0
0
0
0
0
0
0
0
0
0
0
0
0.223529
0.709804
0.423529
0
0
0
0
0
0
0
0
0
0
0
0
0
0
0
0
0.4
0.780392
0.168627
0.00784314
0
0
0
0
0
0
0
0
0
0
0
0
0
0
0
0.380392
0.67451
0.0392157
0
0
0
0
0
0
0
0
0
0
0
0
0
0
0
0
0.192157
0.709804
0.0313726
0
0
0
0
0
0
0
0
0
0
0
0
0
0
0
0.121569
0.52549
0.811765
0.705882
0.6
0.623529
0.219608
0
0
0
0
0
0
0
0
0
0
0
0
0
0.0627451
0.447059
0.513726
0.219608
0.270588
0.290196
0.0784314
0
0
0
0
0
0
0
0
0
0
0
0
0
0
0.00392157
0.8
0.333333
0.764706
0.309804
0
0
0
0
0
0
0
0
0
0
0
0
0
0
0
0.337255
0.980392
0.780392
0.243137
0
0
0
0
0
0
0
0
0
0
0
0
0
0
0
0
0
0.0431373
0.576471
0.356863
0
0
0
0
0
0
0
0
0
0
0
0
0
0
0
0
0
0
0.0431373
0.607843
0.741176
0.305882
0.0313726
0.00784314
0.0392157
0
0
0
0
0
0
0
0
0
0
0
0
0
0
0
0.160784
0.568627
0.266667
0.709804
0.741176
0
0
0
0
0
0
0
0
0
0
0
0
0
0
0
0
0
0
0
0
0
0
0
0
0
0
0
0
0
0
0
0
0
0
0
0
0
0
0
0
0
0
0
0
0
0
0
0
0
0
0
0
0
0
0
0
0
0
0
0
0
0
0
0
0
0
0
0
0
0
0
0
0
0
0
0
0
0
0
0
0
0
0
0
