0
0
0
0
0
0
0
0
0
0
0
0
0
0
0
0
0
0
0
0
0
0
0
0
0
0
0
0
0
0
0
0
0
0
0
0
0
0
0
0
0
0
0
0
0
0
0
0
0
0
0
0
0
0
0
0
0
0
0
0
0
0
0
0
0
0
0
0
0
0
0
0
0
0
0
0
0
0
0
0
0
0
0
0
0
0
0
0
0
0
0
0
0
0
0
0
0
0
0
0
0
0
0
0
0
0
0
0
0
0
0
0
0
0
0
0
0
0
0
0
0
0
0
0
0
0
0
0
0
0
0
0
0
0
0
0
0
0
0
0
0
0
0
0
0
0
0
0
0
0
0
0
0
0
0
0
0
0
0
0
0
0
0
0
0
0
0
0
0
0.0117647
0.0901961
0
0
0
0
0.631373
0
0
0
0
0
0
0
0
0
0
0
0
0
0.498039
0.898039
0.0431373
0.00392157
0.321569
0.635294
0.737255
0
0
0
0
0
0
0
0
0
0
0
0
0.231373
0.8
0.635294
0.376471
0.701961
0.690196
0.411765
0.0627451
0
0
0
0
0
0
0
0
0
0
0
0.0705882
0.847059
0.196078
0.145098
0.839216
0.913725
0
0
0
0
0
0
0
0
0
0
0
0
0
0
0.588235
0.454902
0
0
0.568627
0.945098
0
0
0
0
0
0
0
0
0
0
0
0
0
0
0.380392
0.0862745
0
0
0.0431373
0.937255
0.0862745
0
0
0
0
0
0
0
0
0
0
0
0
0
0
0
0
0
0
0.435294
0.0705882
0
0
0
0
0
0
0
0
0
0
0
0
0
0
0
0
0
0
0
0
0
0
0
0
0
0
0
0
0
0
0
0
0
0
0
0
0
0
0
0
0
0
0
0
0
0
0
0
0
0
0
0
0
0
0
0
0
0
0
0
0
0
0
0
0
0
0
0
0
0
0
0
0
0
0
0
0
0
0
0
0
0
0
0
0
0
0
0
0
0
0
0
0
0
0
0
0
0
0
0
0
0
0
0
0
0
