0
0
0
0
0
0
0
0
0
0
0
0
0
0
0
0
0
0
0
0
0
0
0
0
0
0
0
0
0
0
0
0
0
0
0
0
0
0
0
0
0
0
0
0
0
0
0
0
0
0
0
0
0
0
0
0
0
0
0
0
0
0
0
0
0
0
0
0
0
0
0
0
0
0
0
0
0
0
0
0
0
0
0
0
0
0
0
0
0
0
0
0
0
0
0
0
0
0
0
0
0
0
0
0
0
0
0
0
0
0
0
0
0
0
0
0
0
0
0
0
0
0
0
0
0
0
0
0
0
0
0
0
0
0
0
0
0
0
0
0
0
0
0
0
0
0
0
0
0
0
0
0
0
0.0117647
0.109804
0
0
0
0
0
0
0
0
0
0
0
0
0
0
0
0
0
0
0.411765
0.627451
0
0
0
0
0
0
0
0
0
0
0
0
0
0.0117647
0.654902
0.458824
0
0.235294
0.878431
0.101961
0
0
0
0
0
0
0
0
0
0
0
0
0.00392157
0.541176
0.788235
0.737255
0.486275
0.886275
0.2
0
0
0
0
0
0
0
0
0
0
0
0
0
0.537255
0.666667
0.0862745
0.992157
0.596078
0.0901961
0
0
0
0
0
0
0
0
0
0
0
0
0
0.156863
0.823529
0.0117647
0.00392157
0.898039
0.192157
0
0
0
0
0
0
0
0
0
0
0
0
0
0
0.00392157
0.0862745
0
0
0.623529
0.321569
0
0
0
0
0
0
0
0
0
0
0
0
0
0
0
0
0
0
0.392157
0.627451
0
0
0
0
0
0
0
0
0
0
0
0
0
0
0
0
0
0
0.0392157
0.494118
0
0
0
0
0
0
0
0
0
0
0
0
0
0
0
0
0
0
0
0
0
0
0
0
0
0
0
0
0
0
0
0
0
0
0
0
0
0
0
0
0
0
0
0
0
0
0
0
0
0
0
0
0
0
0
0
0
0
0
0
0
0
0
0
0
0
0
0
0
0
0
0
0
0
0
0
0
0
0
0
0
0
0
0
0
0
0
0
