0
0
0
0
0
0
0
0
0
0
0
0
0
0
0
0
0
0
0
0
0
0
0
0
0
0
0
0
0
0
0
0
0
0
0
0
0
0
0
0
0
0
0
0
0
0
0
0
0
0
0
0
0
0
0
0
0
0
0
0
0
0
0
0
0
0
0
0
0
0
0
0
0
0
0
0
0
0
0
0
0
0
0
0
0
0
0
0
0
0
0
0
0
0
0
0
0
0
0
0
0
0
0
0
0
0
0
0
0
0
0
0
0
0
0
0
0
0
0
0
0
0
0
0
0
0
0
0
0
0
0
0
0
0
0
0
0
0
0
0
0
0
0
0
0
0
0
0
0
0
0
0
0
0
0
0
0
0
0
0
0
0
0
0
0
0
0
0
0
0
0
0
0
0.0392157
0.101961
0
0
0
0
0
0
0
0
0
0
0
0
0
0.286275
0.0117647
0
0
0
0.52549
0.490196
0
0
0
0
0
0
0
0
0
0
0
0
0
0.698039
0.305882
0
0
0.0901961
0.819608
0.0431373
0
0
0
0
0
0
0
0
0
0
0
0
0
0.211765
0.792157
0.0235294
0.0588235
0.807843
0.243137
0
0
0
0
0
0
0
0
0
0
0
0
0
0
0
0.572549
0.572549
0.862745
0.309804
0
0
0
0
0
0
0
0
0
0
0
0
0
0
0
0
0.0431373
0.733333
0.243137
0
0
0
0
0
0
0
0
0
0
0
0
0
0
0
0
0
0
0
0
0
0
0
0
0
0
0
0
0
0
0
0
0
0
0
0
0
0
0
0
0
0
0
0
0
0
0
0
0
0
0
0
0
0
0
0
0
0
0
0
0
0
0
0
0
0
0
0
0
0
0
0
0
0
0
0
0
0
0
0
0
0
0
0
0
0
0
0
0
0
0
0
0
0
0
0
0
0
0
0
0
0
0
0
0
0
0
0
0
0
0
0
0
0
0
0
0
0
0
0
0
0
0
0
0
0
0
0
