0
0
0
0
0
0
0
0
0
0
0
0
0
0
0
0
0
0
0
0
0
0
0
0
0
0
0
0
0
0
0
0
0
0
0
0
0
0
0
0
0
0
0
0
0
0
0
0
0
0
0
0
0
0
0
0
0
0
0
0
0
0
0
0
0
0
0
0
0
0
0
0
0
0
0
0
0
0
0
0
0
0
0
0
0
0
0
0
0
0
0
0
0
0
0
0
0
0
0
0
0
0
0
0
0
0
0
0
0
0
0
0
0
0
0
0
0
0
0
0
0
0
0
0
0
0
0
0
0
0
0
0
0
0
0
0
0
0
0
0
0
0
0
0
0
0
0
0
0
0
0
0
0
0
0
0
0
0
0
0
0
0
0
0
0
0
0
0
0.164706
0.133333
0
0
0
0.027451
0.156863
0
0
0
0
0
0
0
0
0
0
0
0
0
0.466667
0.443137
0
0
0
0.435294
0.556863
0
0
0
0
0
0
0
0
0
0
0
0
0
0.207843
0.709804
0
0
0.262745
0.780392
0.0784314
0
0
0
0
0
0
0
0
0
0
0
0
0
0
0.505882
0.180392
0.235294
0.823529
0.0941176
0
0
0
0
0
0
0
0
0
0
0
0
0
0
0
0.247059
0.839216
0.827451
0.0666667
0
0
0
0
0
0
0
0
0
0
0
0
0
0
0
0
0
0.533333
0.137255
0
0
0
0
0
0
0
0
0
0
0
0
0
0
0
0
0
0
0
0
0
0
0
0
0
0
0
0
0
0
0
0
0
0
0
0
0
0
0
0
0
0
0
0
0
0
0
0
0
0
0
0
0
0
0
0
0
0
0
0
0
0
0
0
0
0
0
0
0
0
0
0
0
0
0
0
0
0
0
0
0
0
0
0
0
0
0
0
0
0
0
0
0
0
0
0
0
0
0
0
0
0
0
0
0
0
0
0
0
0
0
0
0
0
0
0
0
0
0
0
0
0
0
0
0
0
0
0
