0
0
0
0
0
0
0
0
0
0
0
0
0
0
0
0
0
0
0
0
0
0
0
0
0
0
0
0
0
0
0
0
0
0
0
0
0
0
0
0
0
0
0
0
0
0
0
0
0
0
0
0
0
0
0
0
0
0
0
0
0
0
0
0
0
0
0
0
0
0
0
0
0
0
0
0
0
0
0
0
0
0
0
0
0
0
0
0
0
0
0
0
0
0
0
0
0
0
0
0
0
0
0
0
0
0
0
0
0
0
0
0.278431
0.192157
0
0
0
0
0
0
0
0
0
0
0
0
0
0
0
0
0
0.0352941
0.827451
0.137255
0
0
0
0
0
0
0
0
0
0
0
0
0
0
0
0
0
0.4
0.521569
0
0
0
0
0
0
0
0
0
0
0
0
0
0
0
0
0
0
0.705882
0.172549
0
0
0
0
0
0
0
0
0
0
0
0
0
0
0
0
0
0
0.803922
0.0196078
0
0
0
0
0
0
0
0
0
0
0
0
0
0
0
0
0
0.00392157
0.862745
0
0.0470588
0.0431373
0
0
0
0
0
0
0
0
0
0
0
0
0
0
0
0.160784
0.694118
0.552941
0.894118
0.494118
0
0
0
0
0
0
0
0
0
0
0
0
0
0
0
0.356863
0.933333
0.490196
0.454902
0.486275
0
0
0
0
0
0
0
0
0
0
0
0
0
0
0
0.780392
0.27451
0
0.423529
0.490196
0
0
0
0
0
0
0
0
0
0
0
0
0
0
0
0.929412
0.0431373
0
0.4
0.360784
0
0
0
0
0
0
0
0
0
0
0
0
0
0
0
0.952941
0.0431373
0
0
0
0
0
0
0
0
0
0
0
0
0
0
0
0
0
0
0.439216
0.00392157
0
0
0
0
0
0
0
0
0
0
0
0
0
0
0
0
0
0
0
0
0
0
0
0
0
0
0
0
0
0
0
0
0
0
0
0
0
0
0
0
0
0
0
0
0
0
0
0
0
0
0
0
0
0
0
0
0
0
0
0
0
0
0
0
0
0
0
0
0
