0
0
0
0
0
0
0
0
0
0
0
0
0
0
0
0
0
0
0
0
0
0
0
0
0
0
0
0
0
0
0
0
0
0
0
0
0
0
0
0
0
0
0
0
0
0
0
0
0
0
0
0
0
0
0
0
0
0
0
0
0
0
0
0
0
0
0
0
0
0
0
0
0
0
0
0
0
0
0
0
0
0
0
0
0
0
0
0
0
0.219608
0.0235294
0
0
0
0
0
0
0
0
0
0
0
0
0
0
0
0
0
0
0.866667
0.0901961
0
0
0
0
0
0
0
0
0
0
0
0
0
0
0
0
0
0.0117647
0.878431
0
0
0
0
0
0
0
0
0
0
0
0
0
0
0
0
0
0
0.00784314
0.866667
0
0
0
0
0
0
0
0
0
0
0
0
0
0
0
0
0
0
0.00392157
0.780392
0
0
0
0
0
0
0
0
0
0
0
0
0
0
0
0
0
0
0.00784314
0.831373
0
0
0
0
0
0
0
0
0
0
0
0
0
0
0
0
0
0
0.00392157
0.764706
0.0235294
0.0627451
0
0
0
0
0
0
0
0
0
0
0
0
0
0
0
0
0.00392157
0.819608
0.776471
0.898039
0.454902
0.0117647
0
0
0
0
0
0
0
0
0
0
0
0
0
0
0.00784314
0.992157
0.478431
0.0627451
0.658824
0.505882
0
0
0
0
0
0
0
0
0
0
0
0
0
0
0.168627
0.901961
0.0313726
0
0.2
0.729412
0
0
0
0
0
0
0
0
0
0
0
0
0
0
0.345098
0.803922
0
0
0.121569
0.776471
0
0
0
0
0
0
0
0
0
0
0
0
0
0
0.298039
0.407843
0
0
0.054902
0.894118
0.00392157
0
0
0
0
0
0
0
0
0
0
0
0
0
0
0
0
0
0
0.266667
0
0
0
0
0
0
0
0
0
0
0
0
0
0
0
0
0
0
0
0
0
0
0
0
0
0
0
0
0
0
0
0
0
0
0
0
0
0
0
0
0
0
0
0
0
0
0
0
0
0
0
0
0
0
0
0
0
0
0
0
0
0
0
0
0
0
