0
0
0
0
0
0
0
0
0
0
0
0
0
0
0
0
0
0
0
0
0
0
0
0
0
0
0
0
0
0
0
0
0
0
0
0
0
0
0
0
0
0
0
0
0
0
0
0
0
0
0
0
0
0
0
0
0
0
0
0
0
0
0
0
0
0
0
0
0
0
0
0
0
0
0
0
0
0
0
0
0
0
0
0
0
0
0
0
0
0
0.141176
0.0352941
0
0
0
0
0
0
0
0
0
0
0
0
0
0
0
0
0
0.12549
0.929412
0.662745
0
0
0
0
0
0
0
0
0
0
0
0
0
0
0
0
0
0.509804
0.231373
0.890196
0
0
0
0
0
0
0
0
0
0
0
0
0
0
0
0
0.0745098
0.721569
0.00392157
0.886275
0
0
0
0
0
0
0
0
0
0
0
0
0
0
0
0
0.0627451
0.211765
0.109804
0.780392
0
0
0
0
0
0
0
0
0
0
0
0
0
0
0
0
0.121569
0.301961
0.572549
0.294118
0
0
0
0
0
0
0
0
0
0
0
0
0
0
0
0
0.239216
0.67451
0.807843
0.0235294
0
0
0
0
0
0
0
0
0
0
0
0
0
0
0
0
0.262745
0.568627
0.192157
0.254902
0.752941
0.145098
0
0
0
0
0
0
0
0
0
0
0
0
0
0
0.305882
0.505882
0.337255
0.819608
0.556863
0.52549
0
0
0
0
0
0
0
0
0
0
0
0
0
0
0.290196
0.709804
0.556863
0.0784314
0.0941176
0.780392
0
0
0
0
0
0
0
0
0
0
0
0
0
0
0.239216
0.921569
0.160784
0
0
0.854902
0.109804
0
0
0
0
0
0
0
0
0
0
0
0
0
0.266667
0.623529
0
0
0
0.368627
0.137255
0
0
0
0
0
0
0
0
0
0
0
0
0
0.286275
0.678431
0
0
0
0
0
0
0
0
0
0
0
0
0
0
0
0
0
0
0.0784314
0.368627
0
0
0
0
0
0
0
0
0
0
0
0
0
0
0
0
0
0
0
0
0
0
0
0
0
0
0
0
0
0
0
0
0
0
0
0
0
0
0
0
0
0
0
0
0
0
0
0
0
0
