0
0
0
0
0
0
0
0
0
0
0
0
0
0
0
0
0
0
0
0
0
0
0
0
0
0
0
0
0
0
0
0
0
0
0
0
0
0
0
0
0
0
0
0
0
0
0
0
0
0
0
0
0
0
0
0
0
0
0
0
0
0
0
0
0
0
0
0
0
0
0
0
0
0
0
0
0
0
0
0
0
0
0
0
0
0
0
0
0
0
0
0
0
0
0
0
0
0
0
0
0
0
0
0
0
0
0
0
0.105882
0.623529
0
0
0
0
0
0
0
0
0
0
0
0
0
0
0
0
0
0
0.0784314
0.803922
0
0
0
0
0
0
0
0
0
0
0
0
0
0
0
0
0
0
0.0431373
0.760784
0
0
0
0
0
0
0
0
0
0
0
0
0
0
0
0
0
0
0.0627451
0.788235
0
0
0
0
0
0
0
0
0
0
0
0
0
0
0
0
0
0
0.0392157
0.819608
0
0
0
0
0
0
0
0
0
0
0
0
0
0
0
0
0
0
0
0.745098
0.00392157
0.341176
0.654902
0.133333
0
0
0
0
0
0
0
0
0
0
0
0
0
0
0
0.203922
0.403922
0.768627
0.470588
0.72549
0
0
0
0
0
0
0
0
0
0
0
0
0
0
0
0.580392
0.87451
0.0705882
0
0.788235
0.188235
0
0
0
0
0
0
0
0
0
0
0
0
0
0
0.478431
0.494118
0
0
0.486275
0.470588
0
0
0
0
0
0
0
0
0
0
0
0
0
0
0.498039
0.431373
0
0
0.156863
0.701961
0
0
0
0
0
0
0
0
0
0
0
0
0
0
0.133333
0.105882
0
0
0
0
0
0
0
0
0
0
0
0
0
0
0
0
0
0
0
0
0
0
0
0
0
0
0
0
0
0
0
0
0
0
0
0
0
0
0
0
0
0
0
0
0
0
0
0
0
0
0
0
0
0
0
0
0
0
0
0
0
0
0
0
0
0
0
0
0
0
0
0
0
0
0
0
0
0
0
0
0
0
0
0
0
0
0
0
0
