0
0
0
0
0
0
0
0
0
0
0
0
0
0
0
0
0
0
0
0
0
0
0
0
0
0
0
0
0
0
0
0
0
0
0
0
0
0
0
0
0
0
0
0
0
0
0
0
0
0
0
0
0
0
0
0
0
0
0
0
0
0
0
0
0
0
0
0
0
0
0
0
0
0
0
0
0
0
0
0
0
0
0
0
0
0
0
0
0
0
0
0
0
0
0
0
0
0
0
0
0
0
0
0
0
0
0
0
0
0.470588
0.0745098
0
0
0
0
0
0
0
0
0
0
0
0
0
0
0
0
0
0
0.752941
0.152941
0
0
0
0
0
0
0
0
0
0
0
0
0
0
0
0
0
0
0.670588
0.0470588
0
0
0
0
0
0
0
0
0
0
0
0
0
0
0
0
0
0
0.67451
0.0392157
0
0
0
0
0
0
0
0
0
0
0
0
0
0
0
0
0
0
0.772549
0.12549
0.639216
0.329412
0
0
0
0
0
0
0
0
0
0
0
0
0
0
0
0
0.811765
0.831373
0.501961
0.843137
0.027451
0
0
0
0
0
0
0
0
0
0
0
0
0
0
0
0.764706
0.572549
0
0.411765
0.560784
0
0
0
0
0
0
0
0
0
0
0
0
0
0
0
0.835294
0.105882
0
0.0470588
0.87451
0.027451
0
0
0
0
0
0
0
0
0
0
0
0
0
0
0.878431
0.0784314
0
0
0.662745
0.305882
0
0
0
0
0
0
0
0
0
0
0
0
0
0
0.901961
0.0352941
0
0
0.396078
0.560784
0
0
0
0
0
0
0
0
0
0
0
0
0
0
0.890196
0.0313726
0
0
0.0627451
0.121569
0
0
0
0
0
0
0
0
0
0
0
0
0
0
0.0745098
0
0
0
0
0
0
0
0
0
0
0
0
0
0
0
0
0
0
0
0
0
0
0
0
0
0
0
0
0
0
0
0
0
0
0
0
0
0
0
0
0
0
0
0
0
0
0
0
0
0
0
0
0
0
0
0
0
0
0
0
0
0
0
0
0
0
0
0
0
0
