0
0
0
0
0
0
0
0
0
0
0
0
0
0
0
0
0
0
0
0
0
0
0
0
0
0
0
0
0
0
0
0
0
0
0
0
0
0
0
0
0
0
0
0
0
0
0
0
0
0
0
0
0
0
0
0
0
0
0
0
0
0
0
0
0
0
0
0
0
0
0
0
0
0
0
0
0
0
0
0
0
0
0
0
0
0
0
0
0
0.458824
0.0627451
0
0
0
0
0
0
0
0
0
0
0
0
0
0
0
0
0
0
0.886275
0.027451
0
0
0
0
0
0
0
0
0
0
0
0
0
0
0
0
0
0
0.87451
0
0
0
0
0
0
0
0
0
0
0
0
0
0
0
0
0
0
0
0.87451
0
0
0
0
0
0
0
0
0
0
0
0
0
0
0
0
0
0
0
0.603922
0
0
0
0
0
0
0
0
0
0
0
0
0
0
0
0
0
0
0
0.580392
0.0117647
0
0
0
0
0
0
0
0
0
0
0
0
0
0
0
0
0
0
0.764706
0.929412
0.901961
0.631373
0.027451
0
0
0
0
0
0
0
0
0
0
0
0
0
0
0
0.764706
0.223529
0.0117647
0.631373
0.494118
0
0
0
0
0
0
0
0
0
0
0
0
0
0
0
0.764706
0.164706
0
0.109804
0.823529
0
0
0
0
0
0
0
0
0
0
0
0
0
0
0
0.756863
0.156863
0
0
0.921569
0
0
0
0
0
0
0
0
0
0
0
0
0
0
0
0.827451
0.168627
0
0
0.933333
0.0196078
0
0
0
0
0
0
0
0
0
0
0
0
0
0
0.427451
0.0705882
0
0
0.141176
0
0
0
0
0
0
0
0
0
0
0
0
0
0
0
0
0
0
0
0
0
0
0
0
0
0
0
0
0
0
0
0
0
0
0
0
0
0
0
0
0
0
0
0
0
0
0
0
0
0
0
0
0
0
0
0
0
0
0
0
0
0
0
0
0
0
0
0
0
0
0
0
0
0
0
0
0
0
0
0
0
0
0
0
0
0
