0
0
0
0
0
0
0
0
0
0
0
0
0
0
0
0
0
0
0
0
0
0
0
0
0
0
0
0
0
0
0
0
0
0
0
0
0
0
0
0
0
0
0
0
0
0
0
0
0
0
0
0
0
0
0
0
0
0
0
0
0
0
0
0
0
0
0
0
0
0
0
0
0
0
0
0
0
0
0
0
0
0
0
0
0
0
0
0
0
0
0
0
0
0
0
0
0
0
0
0
0
0
0
0
0
0
0
0
0
0
0.223529
0.00392157
0
0
0
0
0
0
0
0
0
0
0
0
0
0
0
0
0
0.133333
0.980392
0.490196
0
0
0
0
0
0
0
0
0
0
0
0
0
0
0
0
0
0.447059
0.568627
0.823529
0
0
0
0
0
0
0
0
0
0
0
0
0
0
0
0
0
0.647059
0.6
0.686275
0
0
0
0
0
0
0
0
0
0
0
0
0
0
0
0
0.00784314
0.823529
0.827451
0.105882
0
0
0
0
0
0
0
0
0
0
0
0
0
0
0
0
0.00392157
0.752941
0.137255
0.0196078
0.0235294
0
0
0
0
0
0
0
0
0
0
0
0
0
0
0
0
0.635294
0.827451
0.890196
0.937255
0.4
0
0
0
0
0
0
0
0
0
0
0
0
0
0
0
0.72549
0.6
0
0.0941176
0.909804
0.0117647
0
0
0
0
0
0
0
0
0
0
0
0
0
0
0.694118
0.278431
0
0
0.835294
0.101961
0
0
0
0
0
0
0
0
0
0
0
0
0
0
0.678431
0.278431
0
0
0.776471
0.0705882
0
0
0
0
0
0
0
0
0
0
0
0
0
0
0.203922
0.0627451
0
0
0.00392157
0
0
0
0
0
0
0
0
0
0
0
0
0
0
0
0
0
0
0
0
0
0
0
0
0
0
0
0
0
0
0
0
0
0
0
0
0
0
0
0
0
0
0
0
0
0
0
0
0
0
0
0
0
0
0
0
0
0
0
0
0
0
0
0
0
0
0
0
0
0
0
0
0
0
0
0
0
0
0
0
0
0
0
0
0
0
