0
0
0
0
0
0
0
0
0
0
0
0
0
0
0
0
0
0
0
0
0
0
0
0
0
0
0
0
0
0
0
0
0
0
0
0
0
0
0
0
0
0
0
0
0
0
0
0
0
0
0
0
0
0
0
0
0
0
0
0
0
0
0
0
0
0
0
0
0
0
0
0
0
0
0
0
0
0
0
0
0
0
0
0
0
0
0
0
0
0
0
0
0
0
0
0
0
0
0
0
0
0
0
0
0
0
0
0
0
0
0.0745098
0.2
0.00784314
0
0
0
0
0
0
0
0
0
0
0
0
0
0
0
0
0.00392157
0.796078
0.780392
0.588235
0
0
0
0
0
0
0
0
0
0
0
0
0
0
0
0
0.168627
0.756863
0.113725
0.713726
0
0
0
0
0
0
0
0
0
0
0
0
0
0
0
0
0.27451
0.607843
0.223529
0.647059
0
0
0
0
0
0
0
0
0
0
0
0
0
0
0
0
0.243137
0.360784
0.678431
0.313726
0
0
0
0
0
0
0
0
0
0
0
0
0
0
0
0
0.360784
0.835294
0.654902
0.0235294
0
0
0
0
0
0
0
0
0
0
0
0
0
0
0
0.0352941
0.827451
0.686275
0.603922
0.443137
0.0588235
0
0
0
0
0
0
0
0
0
0
0
0
0
0
0.0117647
0.643137
0.945098
0.376471
0.741176
0.427451
0
0
0
0
0
0
0
0
0
0
0
0
0
0
0
0.505882
0.466667
0
0.486275
0.431373
0.733333
0.180392
0
0
0
0
0
0
0
0
0
0
0
0
0
0.619608
0.411765
0
0.364706
0.960784
0.690196
0
0
0
0
0
0
0
0
0
0
0
0
0
0
0.592157
0.364706
0
0
0.109804
0.00784314
0
0
0
0
0
0
0
0
0
0
0
0
0
0
0.00784314
0
0
0
0
0
0
0
0
0
0
0
0
0
0
0
0
0
0
0
0
0
0
0
0
0
0
0
0
0
0
0
0
0
0
0
0
0
0
0
0
0
0
0
0
0
0
0
0
0
0
0
0
0
0
0
0
0
0
0
0
0
0
0
0
0
0
0
0
0
0
