0
0
0
0
0
0
0
0
0
0
0
0
0
0
0
0
0
0
0
0
0
0
0
0
0
0
0
0
0
0
0
0
0
0
0
0
0
0
0
0
0
0
0
0
0
0
0
0
0
0
0
0
0
0
0
0
0
0
0
0
0
0
0
0
0
0
0
0
0
0
0
0
0
0
0
0
0
0
0
0
0
0
0
0
0
0
0
0
0
0
0
0
0
0
0
0
0
0
0
0
0
0
0
0
0
0
0
0
0
0
0
0
0
0
0
0
0
0
0
0
0
0
0
0
0
0
0
0
0
0
0
0
0
0
0
0
0
0
0
0
0
0
0
0
0
0
0
0.196078
0.466667
0
0
0
0
0
0
0.239216
0
0
0
0
0
0
0
0
0
0
0
0.101961
0.262745
0
0
0
0
0
0
0.858824
0
0
0
0
0
0
0
0
0
0
0
0.180392
0.478431
0
0
0
0
0
0
0.796078
0
0
0
0
0
0
0
0
0
0
0
0.168627
0.419608
0
0.0705882
0.301961
0
0
0
0.847059
0
0
0
0
0
0
0
0
0
0
0
0.137255
0.564706
0
0.227451
0.952941
0.227451
0
0.00392157
0.764706
0
0
0
0
0
0
0
0
0
0
0
0
0.713726
0.137255
0.505882
0.67451
0.690196
0.356863
0.756863
0.627451
0
0
0
0
0
0
0
0
0
0
0
0
0.301961
0.819608
0.568627
0.0627451
0
0.00784314
0.0470588
0.0117647
0
0
0
0
0
0
0
0
0
0
0
0
0
0
0
0
0
0
0
0
0
0
0
0
0
0
0
0
0
0
0
0
0
0
0
0
0
0
0
0
0
0
0
0
0
0
0
0
0
0
0
0
0
0
0
0
0
0
0
0
0
0
0
0
0
0
0
0
0
0
0
0
0
0
0
0
0
0
0
0
0
0
0
0
0
0
0
0
0
0
0
0
0
0
0
0
0
0
0
0
0
0
0
0
0
0
0
0
0
0
0
0
0
0
0
0
0
0
0
0
0
0
0
0
