0
0
0
0
0
0
0
0
0
0
0
0
0
0
0
0
0
0
0
0
0
0
0
0
0
0
0
0
0
0
0
0
0
0
0
0
0
0
0
0
0
0
0
0
0
0
0
0
0
0
0
0
0
0
0
0
0
0
0
0
0
0
0
0
0
0
0
0
0
0
0
0
0
0
0
0
0
0
0
0
0
0
0
0
0
0
0
0
0
0
0
0
0
0
0
0
0
0
0
0
0
0
0
0
0
0
0
0
0
0
0
0
0
0
0
0
0
0
0
0
0
0
0
0
0
0
0
0
0
0
0
0
0
0
0
0
0
0
0
0
0
0
0
0
0
0
0
0
0
0
0
0
0
0
0
0
0
0
0
0
0
0
0
0
0
0
0.243137
0.0235294
0
0
0
0
0
0
0
0
0.0901961
0
0
0
0
0
0
0
0
0
0.772549
0.211765
0
0
0
0
0
0
0
0.160784
0.839216
0
0
0
0
0
0
0
0
0
0.423529
0.709804
0.0117647
0
0
0.376471
0.0392157
0
0.00392157
0.678431
0.254902
0
0
0
0
0
0
0
0
0
0.00392157
0.619608
0.458824
0
0.219608
0.952941
0.501961
0
0.560784
0.643137
0
0
0
0
0
0
0
0
0
0
0
0.0862745
0.862745
0.219608
0.870588
0.152941
0.847059
0.686275
0.607843
0.00392157
0
0
0
0
0
0
0
0
0
0
0
0
0.32549
0.956863
0.270588
0
0.12549
0.443137
0.00784314
0
0
0
0
0
0
0
0
0
0
0
0
0
0
0.0627451
0
0
0
0
0
0
0
0
0
0
0
0
0
0
0
0
0
0
0
0
0
0
0
0
0
0
0
0
0
0
0
0
0
0
0
0
0
0
0
0
0
0
0
0
0
0
0
0
0
0
0
0
0
0
0
0
0
0
0
0
0
0
0
0
0
0
0
0
0
0
0
0
0
0
0
0
0
0
0
0
0
0
0
0
0
0
0
0
0
0
0
0
0
0
0
0
0
0
0
0
0
0
0
0
0
0
0
0
0
0
