0
0
0
0
0
0
0
0
0
0
0
0
0
0
0
0
0
0
0
0
0
0
0
0
0
0
0
0
0
0
0
0
0
0
0
0
0
0
0
0
0
0
0
0
0
0
0
0
0
0
0
0
0
0
0
0
0
0
0
0
0
0
0
0
0
0
0
0
0
0
0
0
0
0
0
0
0
0
0
0
0
0
0
0
0
0
0
0
0
0
0
0
0
0
0
0
0
0
0
0
0
0
0
0
0
0
0
0
0
0
0
0
0
0
0
0
0
0
0
0
0
0
0
0
0
0
0
0
0
0
0
0
0
0
0
0
0
0
0
0
0
0
0
0
0
0
0
0
0
0
0
0
0
0
0
0
0
0
0
0
0
0
0
0
0
0.227451
0.396078
0
0
0
0
0
0
0
0.309804
0.12549
0
0
0
0
0
0
0
0
0
0.164706
0.741176
0
0
0
0.00392157
0.00784314
0
0.101961
0.870588
0.0784314
0
0
0
0
0
0
0
0
0
0
0.737255
0.203922
0
0
0.623529
0.564706
0
0.592157
0.376471
0
0
0
0
0
0
0
0
0
0
0
0.243137
0.776471
0.00392157
0.372549
0.768627
0.623529
0.0117647
0.854902
0.0941176
0
0
0
0
0
0
0
0
0
0
0
0
0.643137
0.752941
0.839216
0.0784314
0.545098
0.678431
0.603922
0
0
0
0
0
0
0
0
0
0
0
0
0
0.0235294
0.396078
0.0941176
0
0.054902
0.513726
0.109804
0
0
0
0
0
0
0
0
0
0
0
0
0
0
0
0
0
0
0
0
0
0
0
0
0
0
0
0
0
0
0
0
0
0
0
0
0
0
0
0
0
0
0
0
0
0
0
0
0
0
0
0
0
0
0
0
0
0
0
0
0
0
0
0
0
0
0
0
0
0
0
0
0
0
0
0
0
0
0
0
0
0
0
0
0
0
0
0
0
0
0
0
0
0
0
0
0
0
0
0
0
0
0
0
0
0
0
0
0
0
0
0
0
0
0
0
0
0
0
0
0
0
0
0
0
0
