0
0
0
0
0
0
0
0
0
0
0
0
0
0
0
0
0
0
0
0
0
0
0
0
0
0
0
0
0
0
0
0
0
0
0
0
0
0
0
0
0
0
0
0
0
0
0
0
0
0
0
0
0
0
0
0
0
0
0
0
0
0
0
0
0
0
0
0
0
0
0
0
0
0
0
0
0
0
0
0
0
0
0
0
0
0
0
0
0
0
0
0
0
0
0
0
0
0
0
0
0
0
0
0
0
0
0
0
0
0
0
0
0
0
0
0
0
0
0
0
0
0
0
0
0
0
0
0
0.164706
0.529412
0.478431
0.4
0.160784
0
0
0
0
0
0
0
0
0
0
0
0
0
0
0
0.596078
0.533333
0.180392
0.290196
0.788235
0
0
0
0
0
0
0
0
0
0
0
0
0
0
0
0.603922
0.564706
0
0.0313726
0.839216
0
0
0
0
0
0
0
0
0
0
0
0
0
0
0
0.568627
0.388235
0
0.435294
0.545098
0
0
0
0
0
0
0
0
0
0
0
0
0
0
0
0.556863
0.454902
0.305882
0.956863
0.576471
0.156863
0
0
0
0
0
0
0
0
0
0
0
0
0
0
0.545098
0.486275
0.811765
0.345098
0.513726
0.67451
0
0
0
0
0
0
0
0
0
0
0
0
0
0
0.478431
0.388235
0
0
0.270588
0.619608
0
0
0
0
0
0
0
0
0
0
0
0
0
0
0.439216
0.443137
0
0.0117647
0.709804
0.298039
0
0
0
0
0
0
0
0
0
0
0
0
0
0.0862745
0.756863
0.588235
0.294118
0.701961
0.564706
0
0
0
0
0
0
0
0
0
0
0
0
0
0
0.0705882
0.588235
0.607843
0.603922
0.352941
0
0
0
0
0
0
0
0
0
0
0
0
0
0
0
0
0
0
0
0
0
0
0
0
0
0
0
0
0
0
0
0
0
0
0
0
0
0
0
0
0
0
0
0
0
0
0
0
0
0
0
0
0
0
0
0
0
0
0
0
0
0
0
0
0
0
0
0
0
0
0
0
0
0
0
0
0
0
0
0
0
0
0
0
0
0
0
0
