0
0
0
0
0
0
0
0
0
0
0
0
0
0
0
0
0
0
0
0
0
0
0
0
0
0
0
0
0
0
0
0
0
0
0
0
0
0
0
0
0
0
0
0
0
0
0
0
0
0
0
0
0
0
0
0
0
0
0
0
0
0
0
0
0
0
0
0
0
0
0
0
0
0
0
0
0
0
0
0
0
0
0
0
0
0
0
0
0
0
0
0
0
0
0
0
0
0
0
0
0
0
0
0
0
0
0
0
0
0.231373
0.0745098
0.0470588
0
0
0
0
0
0
0
0
0
0
0
0
0
0
0
0
0.0117647
0.921569
0.866667
0.752941
0
0
0
0
0
0
0
0
0
0
0
0
0
0
0
0
0.0745098
0.890196
0.0196078
0.819608
0
0
0
0
0
0
0
0
0
0
0
0
0
0
0
0
0.0784314
0.87451
0.00784314
0.858824
0
0
0
0
0
0
0
0
0
0
0
0
0
0
0
0
0.0470588
0.866667
0.0862745
0.807843
0
0
0
0
0
0
0
0
0
0
0
0
0
0
0
0
0.0117647
0.870588
0.709804
0.435294
0
0
0
0
0
0
0
0
0
0
0
0
0
0
0
0
0.00784314
0.670588
0.454902
0.705882
0.0627451
0
0
0
0
0
0
0
0
0
0
0
0
0
0
0
0.0196078
0.886275
0
0.376471
0.776471
0.00392157
0
0
0
0
0
0
0
0
0
0
0
0
0
0
0.0313726
0.898039
0
0
0.901961
0.0235294
0
0
0
0
0
0
0
0
0
0
0
0
0
0
0
0.239216
0
0.333333
0.803922
0.00392157
0
0
0
0
0
0
0
0
0
0
0
0
0
0
0
0.529412
0.847059
0.705882
0.121569
0
0
0
0
0
0
0
0
0
0
0
0
0
0
0
0
0.145098
0.0470588
0
0
0
0
0
0
0
0
0
0
0
0
0
0
0
0
0
0
0
0
0
0
0
0
0
0
0
0
0
0
0
0
0
0
0
0
0
0
0
0
0
0
0
0
0
0
0
0
0
0
0
0
0
0
0
0
0
0
0
0
0
0
0
0
0
0
0
0
0
