0
0
0
0
0
0
0
0
0
0
0
0
0
0
0
0
0
0
0
0
0
0
0
0
0
0
0
0
0
0
0
0
0
0
0
0
0
0
0
0
0
0
0
0
0
0
0
0
0
0
0
0
0
0
0
0
0
0
0
0
0
0
0
0
0
0
0
0
0
0
0
0
0
0
0
0
0
0
0
0
0
0
0
0
0
0
0
0
0
0
0
0
0
0
0
0
0
0
0
0
0
0
0
0
0
0
0
0
0
0
0
0
0
0
0
0
0
0
0
0
0
0
0
0
0
0
0
0
0
0
0.0666667
0.145098
0.00392157
0
0
0
0
0
0
0
0
0
0
0
0
0
0
0
0
0.254902
0.901961
0.8
0.596078
0
0
0
0
0
0
0
0
0
0
0
0
0
0
0
0
0.341176
0.541176
0.0117647
0.831373
0.192157
0
0
0
0
0
0
0
0
0
0
0
0
0
0
0
0.341176
0.541176
0
0.568627
0.364706
0
0
0
0
0
0
0
0
0
0
0
0
0
0
0
0.345098
0.545098
0.129412
0.807843
0.258824
0
0
0
0
0
0
0
0
0
0
0
0
0
0
0
0.286275
0.878431
0.980392
0.486275
0
0
0
0
0
0
0
0
0
0
0
0
0
0
0
0
0.372549
0.470588
0.592157
0.654902
0
0
0
0
0
0
0
0
0
0
0
0
0
0
0
0
0.423529
0.490196
0.0352941
0.945098
0
0
0
0
0
0
0
0
0
0
0
0
0
0
0
0
0.329412
0.870588
0.894118
0.619608
0
0
0
0
0
0
0
0
0
0
0
0
0
0
0
0
0
0.145098
0.054902
0
0
0
0
0
0
0
0
0
0
0
0
0
0
0
0
0
0
0
0
0
0
0
0
0
0
0
0
0
0
0
0
0
0
0
0
0
0
0
0
0
0
0
0
0
0
0
0
0
0
0
0
0
0
0
0
0
0
0
0
0
0
0
0
0
0
0
0
0
0
0
0
0
0
0
0
0
0
0
0
0
0
0
0
0
0
0
0
