0
0
0
0
0
0
0
0
0
0
0
0
0
0
0
0
0
0
0
0
0
0
0
0
0
0
0
0
0
0
0
0
0
0
0
0
0
0
0
0
0
0
0
0
0
0
0
0
0
0
0
0
0
0
0
0
0
0
0
0
0
0
0
0
0
0
0
0
0
0
0
0
0
0
0
0
0
0
0
0
0
0
0
0
0
0
0
0
0
0
0
0
0
0
0
0
0
0
0
0
0
0
0
0
0
0
0
0
0
0
0
0
0
0
0
0
0
0
0
0
0
0
0
0
0
0
0
0
0.0941176
0.529412
0.678431
0.435294
0
0
0
0
0
0
0
0
0
0
0
0
0
0
0
0
0.427451
0.572549
0.235294
0.709804
0.345098
0
0
0
0
0
0
0
0
0
0
0
0
0
0
0
0
0
0
0.423529
0.490196
0
0
0
0
0
0
0
0
0
0
0
0
0
0
0
0
0
0
0.545098
0.419608
0
0
0
0
0
0
0
0
0
0
0
0
0
0
0
0
0
0.360784
0.823529
0.0627451
0
0
0
0
0
0
0
0
0
0
0
0
0
0
0
0
0.364706
0.796078
0.0705882
0
0
0
0
0
0
0
0
0
0
0
0
0
0
0
0.145098
0.843137
0.980392
0.67451
0.156863
0
0.00392157
0
0
0
0
0
0
0
0
0
0
0
0
0
0.207843
0.498039
0.0313726
0.396078
0.894118
0.886275
0.933333
0.054902
0
0
0
0
0
0
0
0
0
0
0
0
0
0
0
0
0.0117647
0.0196078
0.0196078
0
0
0
0
0
0
0
0
0
0
0
0
0
0
0
0
0
0
0
0
0
0
0
0
0
0
0
0
0
0
0
0
0
0
0
0
0
0
0
0
0
0
0
0
0
0
0
0
0
0
0
0
0
0
0
0
0
0
0
0
0
0
0
0
0
0
0
0
0
0
0
0
0
0
0
0
0
0
0
0
0
0
0
0
0
0
0
0
0
0
0
0
0
0
0
0
0
0
0
0
0
0
0
0
0
0
