0
0
0
0
0
0
0
0
0
0
0
0
0
0
0
0
0
0
0
0
0
0
0
0
0
0
0
0
0
0
0
0
0
0
0
0
0
0
0
0
0
0
0
0
0
0
0
0
0
0
0
0
0
0
0
0
0
0
0
0
0
0
0
0
0
0
0
0
0
0
0
0
0
0
0
0
0
0
0
0
0
0
0
0
0
0
0
0
0
0
0
0
0
0
0
0
0
0
0
0
0
0
0
0
0
0
0
0
0
0
0
0
0
0
0
0
0
0
0
0
0
0
0
0
0
0
0
0
0.101961
0.556863
0.658824
0.305882
0
0
0
0
0
0
0
0
0
0
0
0
0
0
0
0
0.380392
0.458824
0.27451
0.886275
0.156863
0
0
0
0
0
0
0
0
0
0
0
0
0
0
0
0
0
0
0.392157
0.513726
0
0
0
0
0
0
0
0
0
0
0
0
0
0
0
0
0
0
0.258824
0.592157
0
0
0
0
0
0
0
0
0
0
0
0
0
0
0
0
0
0
0.396078
0.572549
0
0
0
0
0
0
0
0
0
0
0
0
0
0
0
0
0
0.0941176
0.862745
0.156863
0
0
0
0
0
0
0
0
0
0
0
0
0
0
0.678431
0.866667
0.796078
0.909804
0.8
0.227451
0.027451
0
0
0
0
0
0
0
0
0
0
0
0
0
0.878431
0.764706
0.862745
0.380392
0.376471
0.701961
0.866667
0.894118
0.894118
0.443137
0
0
0
0
0
0
0
0
0
0
0.101961
0.156863
0.0588235
0
0
0
0
0.00392157
0.0431373
0.0666667
0
0
0
0
0
0
0
0
0
0
0
0
0
0
0
0
0
0
0
0
0
0
0
0
0
0
0
0
0
0
0
0
0
0
0
0
0
0
0
0
0
0
0
0
0
0
0
0
0
0
0
0
0
0
0
0
0
0
0
0
0
0
0
0
0
0
0
0
0
0
0
0
0
0
0
0
0
0
0
0
0
0
0
0
0
0
0
0
0
0
0
0
0
0
0
0
0
0
0
0
0
0
0
