0
0
0
0
0
0
0
0
0
0
0
0
0
0
0
0
0
0
0
0
0
0
0
0
0
0
0
0
0
0
0
0
0
0
0
0
0
0
0
0
0
0
0
0
0
0
0
0
0
0
0
0
0
0
0
0
0
0
0
0
0
0
0
0
0
0
0
0
0
0
0
0
0
0
0
0
0
0
0
0
0
0
0
0
0
0
0
0
0
0
0
0
0
0
0
0
0
0
0
0
0
0
0
0
0
0
0
0
0
0
0
0
0
0
0
0
0
0
0
0
0
0
0
0
0
0
0
0.00784314
0.027451
0
0
0
0
0
0
0
0
0
0
0
0
0
0
0
0
0
0
0.352941
0.807843
0.607843
0.223529
0.47451
0.505882
0.623529
0.266667
0
0
0
0
0
0
0
0
0
0
0
0
0.00784314
0.239216
0.27451
0.0784314
0.180392
0.196078
0.909804
0.247059
0
0
0
0
0
0
0
0
0
0
0
0
0
0
0
0
0
0.364706
0.588235
0
0
0
0
0
0
0
0
0
0
0
0
0
0
0
0
0
0.0705882
0.839216
0.101961
0
0
0
0
0
0
0
0
0
0
0
0
0
0
0
0.160784
0.345098
0.623529
0.662745
0.254902
0.356863
0
0
0
0
0
0
0
0
0
0
0
0
0
0
0.388235
0.627451
0.87451
0.513726
0.403922
0.337255
0
0
0
0
0
0
0
0
0
0
0
0
0
0
0
0.513726
0.376471
0
0
0
0
0
0
0
0
0
0
0
0
0
0
0
0
0
0.0901961
0.827451
0.00392157
0
0
0
0
0
0
0
0
0
0
0
0
0
0
0
0
0
0.556863
0.478431
0
0
0
0
0
0
0
0
0
0
0
0
0
0
0
0
0
0
0.113725
0.027451
0
0
0
0
0
0
0
0
0
0
0
0
0
0
0
0
0
0
0
0
0
0
0
0
0
0
0
0
0
0
0
0
0
0
0
0
0
0
0
0
0
0
0
0
0
0
0
0
0
0
0
0
0
0
0
0
0
0
0
0
0
0
0
0
0
0
0
0
0
