0
0
0
0
0
0
0
0
0
0
0
0
0
0
0
0
0
0
0
0
0
0
0
0
0
0
0
0
0
0
0
0
0
0
0
0
0
0
0
0
0
0
0
0
0
0
0
0
0
0
0
0
0
0
0
0
0
0
0
0
0
0
0
0
0
0
0
0
0
0
0
0
0
0
0
0
0
0
0
0
0
0
0
0
0
0
0
0
0
0
0
0
0
0
0
0
0
0
0
0
0
0
0
0
0
0
0
0
0
0
0
0
0
0
0
0
0
0
0
0
0
0
0
0
0
0
0
0
0
0
0
0
0
0
0
0
0
0
0
0
0
0
0
0
0
0
0
0.32549
0.223529
0.298039
0.313726
0.411765
0.407843
0.309804
0
0
0
0
0
0
0
0
0
0
0
0
0.0117647
0.611765
0.376471
0.360784
0.376471
0.478431
0.701961
0.67451
0
0
0
0
0
0
0
0
0
0
0
0
0
0
0
0
0
0.0392157
0.839216
0.0901961
0
0
0
0
0
0
0
0
0
0
0
0
0
0
0
0
0
0.427451
0.552941
0
0
0
0
0
0
0
0
0
0
0
0
0
0
0
0
0.521569
0.596078
0.937255
0.721569
0.623529
0.560784
0
0
0
0
0
0
0
0
0
0
0
0
0
0
0.141176
0.713726
0.501961
0.231373
0.152941
0.0980392
0
0
0
0
0
0
0
0
0
0
0
0
0
0
0.0784314
0.780392
0.00392157
0
0
0
0
0
0
0
0
0
0
0
0
0
0
0
0
0
0.678431
0.352941
0
0
0
0
0
0
0
0
0
0
0
0
0
0
0
0
0
0.227451
0.737255
0
0
0
0
0
0
0
0
0
0
0
0
0
0
0
0
0
0
0.658824
0.329412
0
0
0
0
0
0
0
0
0
0
0
0
0
0
0
0
0
0.00784314
0.823529
0.0352941
0
0
0
0
0
0
0
0
0
0
0
0
0
0
0
0
0
0
0
0
0
0
0
0
0
0
0
0
0
0
0
0
0
0
0
0
0
0
0
0
0
0
0
0
0
0
0
0
0
0
