0
0
0
0
0
0
0
0
0
0
0
0
0
0
0
0
0
0
0
0
0
0
0
0
0
0
0
0
0
0
0
0
0
0
0
0
0
0
0
0
0
0
0
0
0
0
0
0
0
0
0
0
0
0
0
0
0
0
0
0
0
0
0
0
0
0
0
0
0
0
0
0
0
0
0
0
0
0
0
0
0
0
0
0
0
0
0
0
0
0
0
0
0
0
0
0
0
0
0
0
0
0
0
0
0
0
0
0
0
0
0
0
0
0
0
0
0
0
0
0
0
0
0
0
0
0
0
0
0
0
0
0
0.0745098
0
0
0
0
0
0
0
0
0
0
0
0
0
0
0
0.760784
0.8
0.866667
0.603922
0.933333
0
0
0
0
0
0
0
0
0
0
0
0
0
0
0.219608
0.8
0.0666667
0.0196078
0.0392157
0.623529
0
0
0
0
0
0
0
0
0
0
0
0
0
0
0.219608
0.270588
0
0
0.0862745
0.337255
0
0
0
0
0
0
0
0
0
0
0
0
0
0
0
0
0
0
0.266667
0.321569
0
0
0
0
0
0
0
0
0
0
0
0
0
0
0
0
0.00392157
0.811765
0.921569
0.952941
0.486275
0
0
0
0
0
0
0
0
0
0
0
0
0
0
0
0
0.0627451
0.501961
0.2
0.00784314
0
0
0
0
0
0
0
0
0
0
0
0
0
0
0
0
0
0.286275
0.0117647
0
0
0
0
0
0
0
0
0
0
0
0
0
0
0
0
0
0
0.835294
0.0235294
0
0
0
0
0
0
0
0
0
0
0
0
0
0
0
0
0
0.0235294
0.909804
0
0
0
0
0
0
0
0
0
0
0
0
0
0
0
0
0
0
0
0.12549
0
0
0
0
0
0
0
0
0
0
0
0
0
0
0
0
0
0
0
0
0
0
0
0
0
0
0
0
0
0
0
0
0
0
0
0
0
0
0
0
0
0
0
0
0
0
0
0
0
0
0
0
0
0
0
0
0
0
0
0
0
0
0
0
0
0
0
0
