0
0
0
0
0
0
0
0
0
0
0
0
0
0
0
0
0
0
0
0
0
0
0
0
0
0
0
0
0
0
0
0
0
0
0
0
0
0
0
0
0
0
0
0
0
0
0
0
0
0
0
0
0
0
0
0
0
0
0
0
0
0
0
0
0
0
0
0
0
0
0
0
0
0
0
0
0
0
0
0
0
0
0
0
0
0
0
0
0
0
0
0
0
0
0
0
0
0
0
0
0
0
0
0
0
0
0
0
0
0
0
0
0
0
0
0
0
0
0
0
0
0
0
0
0
0
0
0
0
0
0
0
0
0
0
0
0
0
0
0
0
0
0
0
0
0
0
0
0.121569
0.0627451
0
0
0
0
0
0
0
0
0
0
0
0
0
0
0
0
0
0
0.670588
0.411765
0
0.0627451
0.368627
0.470588
0
0
0
0
0
0
0
0
0
0
0
0
0
0.270588
0.733333
0.87451
0.835294
0.819608
0.607843
0.729412
0
0
0
0
0
0
0
0
0
0
0
0
0
0.427451
0.196078
0.00392157
0.00392157
0.00392157
0.372549
0.388235
0
0
0
0
0
0
0
0
0
0
0
0
0
0
0
0
0
0
0.588235
0
0
0
0
0
0
0
0
0
0
0
0
0
0
0
0
0
0
0.298039
0.360784
0
0
0
0
0
0
0
0
0
0
0
0
0
0
0
0
0
0
0.478431
0.00392157
0
0
0
0
0
0
0
0
0
0
0
0
0
0
0
0
0
0.243137
0.47451
0
0
0
0
0
0
0
0
0
0
0
0
0
0
0
0
0
0
0.772549
0.207843
0
0
0
0
0
0
0
0
0
0
0
0
0
0
0
0
0
0.192157
0.788235
0
0
0
0
0
0
0
0
0
0
0
0
0
0
0
0
0
0
0.439216
0.431373
0
0
0
0
0
0
0
0
0
0
0
0
0
0
0
0
0
0
0
0
0
0
0
0
0
0
0
0
0
0
0
0
0
0
0
0
0
0
0
0
0
0
0
0
0
0
0
0
0
