0
0
0
0
0
0
0
0
0
0
0
0
0
0
0
0
0
0
0
0
0
0
0
0
0
0
0
0
0
0
0
0
0
0
0
0
0
0
0
0
0
0
0
0
0
0
0
0
0
0
0
0
0
0
0
0
0
0
0
0
0
0
0
0
0
0
0
0
0
0
0
0
0
0
0
0
0
0
0
0
0
0
0
0
0
0
0
0
0
0
0
0
0
0
0
0
0
0
0
0
0
0
0
0
0
0
0
0
0
0
0
0
0
0
0
0
0
0
0
0
0
0
0
0
0
0
0
0
0
0
0
0
0
0
0
0
0
0
0
0
0
0
0
0
0
0
0
0
0
0
0
0
0
0
0
0
0
0
0
0
0
0
0
0
0
0
0
0.403922
0.533333
0.537255
0.486275
0.541176
0.419608
0
0
0
0
0
0
0
0
0
0
0
0
0
0
0.239216
0.333333
0.337255
0.286275
0.564706
0.619608
0
0
0
0
0
0
0
0
0
0
0
0
0
0
0
0
0
0.219608
0.678431
0.592157
0
0
0
0
0
0
0
0
0
0
0
0
0
0
0
0
0
0.305882
0.937255
0.411765
0
0
0
0
0
0
0
0
0
0
0
0
0
0
0
0
0
0.0862745
0.792157
0
0
0
0
0
0
0
0
0
0
0
0
0
0
0
0
0
0
0.341176
0.552941
0
0
0
0
0
0
0
0
0
0
0
0
0
0
0
0
0
0
0.521569
0.380392
0
0
0
0
0
0
0
0
0
0
0
0
0
0
0
0
0
0
0.305882
0.180392
0
0
0
0
0
0
0
0
0
0
0
0
0
0
0
0
0
0
0
0
0
0
0
0
0
0
0
0
0
0
0
0
0
0
0
0
0
0
0
0
0
0
0
0
0
0
0
0
0
0
0
0
0
0
0
0
0
0
0
0
0
0
0
0
0
0
0
0
0
0
0
0
0
0
0
0
0
0
0
0
0
0
0
0
0
0
0
0
