0
0
0
0
0
0
0
0
0
0
0
0
0
0
0
0
0
0
0
0
0
0
0
0
0
0
0
0
0
0
0
0
0
0
0
0
0
0
0
0
0
0
0
0
0
0
0
0
0
0
0
0
0
0
0
0
0
0
0
0
0
0
0
0
0
0
0
0
0
0
0
0
0
0
0
0
0
0
0
0
0
0
0
0
0
0
0
0
0
0
0
0
0
0
0.00784314
0.0705882
0.290196
0
0
0
0
0
0
0
0
0
0.596078
0.862745
0.847059
0.8
0.627451
0.713726
0.72549
0.8
0.905882
0.870588
0.956863
0.0117647
0
0
0
0.678431
0.0784314
0
0.105882
0.654902
0.662745
0.0352941
0.0352941
0.0666667
0.0352941
0.0352941
0.0431373
0.0313726
0.00392157
0.356863
0.509804
0
0
0
0
0.47451
0.901961
0.890196
0.870588
0.396078
0.00392157
0
0
0
0
0
0
0
0
0.72549
0.192157
0
0
0
0
0
0.00392157
0.0196078
0
0
0
0
0
0
0
0
0
0
0.156863
0.823529
0.00392157
0
0
0
0
0
0
0
0
0
0
0
0
0
0
0
0
0
0.666667
0.364706
0
0
0
0
0
0
0
0
0
0
0
0
0
0
0
0
0
0.12549
0.831373
0
0
0
0
0
0
0
0
0
0
0
0
0
0
0
0
0
0.00784314
0.513726
0.388235
0
0
0
0
0
0
0
0
0
0
0
0
0
0
0
0
0
0.298039
0.552941
0
0
0
0
0
0
0
0
0
0
0
0
0
0
0
0
0
0.0862745
0.866667
0.105882
0
0
0
0
0
0
0
0
0
0
0
0
0
0
0
0
0
0.447059
0.501961
0
0
0
0
0
0
0
0
0
0
0
0
0
0
0
0
0
0.0431373
0.843137
0.0901961
0
0
0
0
0
0
0
0
0
0
0
0
0
0
0
0
0
0.341176
0.447059
0
0
0
0
0
0
0
0
0
0
0
0
0
0
0
0
0
0.160784
0.823529
0.0705882
0
0
0
0
0
0
0
0
0
0
0
0
0
0
0
0
0.0235294
0.823529
0.298039
0
0
0
0
0
0
0
0
0
0
0
0
0
0
0
0
0
0.305882
0.686275
0
0
0
0
0
0
0
0
0
0
