0
0
0
0
0
0
0
0
0
0
0
0
0
0
0
0
0
0
0
0
0
0
0
0
0
0
0
0
0
0
0
0
0
0
0
0
0
0
0
0
0
0
0
0
0
0
0
0
0
0
0
0
0
0
0
0
0
0
0
0
0
0
0
0
0
0
0
0
0
0
0
0
0
0
0
0
0
0
0
0
0
0
0
0
0
0
0
0
0
0
0
0
0
0
0
0
0
0
0
0
0
0
0
0
0
0
0
0
0
0
0
0
0
0
0
0
0
0.0470588
0
0
0
0.552941
0.235294
0
0.380392
0.729412
0.619608
0.603922
0.596078
0.541176
0.541176
0.521569
0.47451
0.470588
0.560784
0.670588
0.772549
0.988235
0.129412
0
0
0.623529
0.290196
0
0.690196
0.411765
0.235294
0.270588
0.290196
0.341176
0.341176
0.380392
0.407843
0.403922
0.32549
0.211765
0.164706
0.819608
0
0
0
0.32549
0.866667
0.792157
0.67451
0.0117647
0
0
0
0
0
0
0
0
0
0
0.356863
0.501961
0
0
0
0
0.0980392
0.156863
0
0
0
0
0
0
0
0
0
0
0
0
0.694118
0.0588235
0
0
0
0
0
0
0
0
0
0
0
0
0
0
0
0
0
0.227451
0.643137
0
0
0
0
0
0
0
0
0
0
0
0
0
0
0
0
0
0.054902
0.87451
0.160784
0
0
0
0
0
0
0
0
0
0
0
0
0
0
0
0
0
0.443137
0.560784
0
0
0
0
0
0
0
0
0
0
0
0
0
0
0
0
0
0.0117647
0.835294
0.113725
0
0
0
0
0
0
0
0
0
0
0
0
0
0
0
0
0
0.333333
0.654902
0
0
0
0
0
0
0
0
0
0
0
0
0
0
0
0
0
0.0235294
0.835294
0.141176
0
0
0
0
0
0
0
0
0
0
0
0
0
0
0
0
0
0.388235
0.588235
0
0
0
0
0
0
0
0
0
0
0
0
0
0
0
0
0
0
0.807843
0.109804
0
0
0
0
0
0
0
0
0
0
0
0
0
0
0
0
0
0.266667
0.705882
0
0
0
0
0
0
0
0
0
0
0
0
0
0
0
0
0
0
0.611765
0.313726
0
0
0
0
0
0
0
