0
0
0
0
0
0
0
0
0
0
0
0
0
0
0
0
0
0
0
0
0
0
0
0
0
0
0
0
0
0
0
0
0
0
0
0
0
0
0
0
0
0
0
0
0
0
0
0
0
0
0
0
0
0
0
0
0
0
0
0
0
0
0
0
0
0
0
0
0
0
0
0
0
0
0
0
0
0
0
0
0
0
0
0
0
0
0
0
0
0
0
0
0
0
0
0
0
0
0
0
0
0
0
0
0
0.203922
0.580392
0.301961
0.219608
0.298039
0.278431
0.258824
0.239216
0.286275
0.141176
0
0
0
0
0
0
0
0
0
0
0.0627451
0.337255
0.419608
0.388235
0.498039
0.572549
0.592157
0.572549
0.729412
0.607843
0
0
0
0
0
0
0
0
0
0
0
0
0
0
0
0
0
0
0.466667
0.439216
0
0
0
0
0
0
0
0
0
0
0
0
0
0
0
0
0
0.0313726
0.843137
0.109804
0
0
0
0
0
0
0
0
0
0
0
0
0
0
0
0
0
0.388235
0.580392
0
0
0
0
0
0
0
0
0
0
0
0
0
0
0
0
0
0.00392157
0.827451
0.109804
0
0
0
0
0
0
0
0
0
0
0
0
0
0
0
0
0
0.313726
0.623529
0
0
0
0
0
0
0
0
0
0
0
0
0
0
0
0
0
0.0235294
0.686275
0.164706
0
0
0
0
0
0
0
0
0
0
0
0
0
0
0
0
0
0.313726
0.470588
0
0
0
0
0
0
0
0
0
0
0
0
0
0
0
0
0
0.0666667
0.788235
0.0784314
0
0
0
0
0
0
0
0
0
0
0
0
0
0
0
0
0
0.572549
0.427451
0
0
0
0
0
0
0
0
0
0
0
0
0
0
0
0
0
0.113725
0.862745
0.0313726
0
0
0
0
0
0
0
0
0
0
0
0
0
0
0
0
0
0.619608
0.380392
0
0
0
0
0
0
0
0
0
0
0
0
0
0
0
0
0
0.223529
0.847059
0.0235294
0
0
0
0
0
0
0
0
0
0
0
0
0
0
0
0
0
0.203922
0.376471
0
0
0
0
0
0
0
0
0
0
0
