0
0
0
0
0
0
0
0
0
0
0
0
0
0
0
0
0
0
0
0
0
0
0
0
0
0
0
0
0
0
0
0
0
0
0
0
0
0
0
0
0
0
0
0
0
0
0
0
0
0
0
0
0
0
0
0
0
0
0
0
0
0
0
0
0
0
0
0
0
0
0
0
0
0
0
0
0
0
0
0
0
0
0
0
0
0
0
0
0
0
0
0
0
0
0
0
0
0
0
0
0
0
0
0
0
0
0
0
0
0
0
0
0
0
0
0
0
0
0
0
0
0
0
0
0.0352941
0.737255
0.572549
0.588235
0.690196
0.627451
0.631373
0.635294
0.647059
0.686275
0.772549
0.254902
0
0
0
0
0
0
0
0
0
0.137255
0.0941176
0.0745098
0.137255
0.160784
0.164706
0.168627
0.180392
0.145098
0.729412
0.258824
0
0
0
0
0
0
0
0
0
0
0
0
0
0
0
0
0
0.152941
0.796078
0.0235294
0
0
0
0
0
0
0
0
0
0
0
0
0
0
0
0
0
0.533333
0.254902
0
0
0
0
0
0
0
0
0
0
0
0
0
0
0
0
0
0.243137
0.294118
0
0
0
0
0
0
0
0
0
0
0
0
0
0
0.172549
0.454902
0.654902
0.67451
0.803922
0.87451
0.286275
0
0
0
0
0
0
0
0
0
0
0
0
0
0.47451
0.380392
0.207843
0.580392
0.498039
0.160784
0.0117647
0
0
0
0
0
0
0
0
0
0
0
0
0
0
0
0
0.341176
0.0235294
0
0
0
0
0
0
0
0
0
0
0
0
0
0
0
0
0
0.470588
0.298039
0
0
0
0
0
0
0
0
0
0
0
0
0
0
0
0
0
0.0352941
0.737255
0.027451
0
0
0
0
0
0
0
0
0
0
0
0
0
0
0
0
0.0117647
0.705882
0.0352941
0
0
0
0
0
0
0
0
0
0
0
0
0
0
0
0
0.109804
0.733333
0.564706
0
0
0
0
0
0
0
0
0
0
0
0
0
0
0
0
0
0.235294
0.827451
0.0235294
0
0
0
0
0
0
0
0
0
0
0
0
0
0
0
0
0
0.00392157
0.0392157
0
0
0
0
0
0
0
0
0
0
0
