0
0
0
0
0
0
0
0
0
0
0
0
0
0
0
0
0
0
0
0
0
0
0
0
0
0
0
0
0
0
0
0
0
0
0
0
0
0
0
0
0
0
0
0
0
0
0
0
0
0
0
0
0
0
0
0
0
0
0
0
0
0
0
0
0
0
0
0
0
0
0
0
0
0
0
0
0
0
0
0
0
0
0
0
0
0
0
0
0
0
0
0
0
0
0
0
0
0
0
0
0
0
0
0
0
0
0
0
0
0
0
0
0
0
0
0
0
0
0
0
0
0
0
0
0.00392157
0.0196078
0.00392157
0.00392157
0.00392157
0.00392157
0.00392157
0.00784314
0.00392157
0.00392157
0.00392157
0.0117647
0
0
0
0
0
0
0
0
0.47451
0.886275
0.686275
0.623529
0.360784
0.807843
0.737255
0.866667
0.701961
0.764706
0.6
0.980392
0.0666667
0
0
0
0
0
0
0
0
0
0
0
0
0
0
0
0
0
0.305882
0.694118
0
0
0
0
0
0
0
0
0
0
0
0
0
0
0
0
0
0.0117647
0.411765
0.129412
0
0
0
0
0
0
0
0
0
0
0
0
0
0
0
0
0
0.486275
0.509804
0
0
0
0
0
0
0
0
0
0
0
0
0
0
0
0
0
0.105882
0.792157
0.0117647
0
0
0
0
0
0
0
0
0
0
0
0
0
0
0
0
0.192157
0.709804
0.662745
0.054902
0
0
0
0
0
0
0
0
0
0
0
0
0
0
0
0.0352941
0.737255
0.87451
0.486275
0.0705882
0
0
0
0
0
0
0
0
0
0
0
0
0
0
0
0
0.635294
0.341176
0
0
0
0
0
0
0
0
0
0
0
0
0
0
0
0
0
0.105882
0.811765
0.00392157
0
0
0
0
0
0
0
0
0
0
0
0
0
0
0
0
0
0.6
0.396078
0
0
0
0
0
0
0
0
0
0
0
0
0
0
0
0
0
0.121569
0.878431
0.0117647
0
0
0
0
0
0
0
0
0
0
0
0
0
0
0
0
0
0.490196
0.458824
0
0
0
0
0
0
0
0
0
0
0
0
0
0
0
0
0
0
0.52549
0.188235
0
0
0
0
0
0
0
0
0
