0
0
0
0
0
0
0
0
0
0
0
0
0
0
0
0
0
0
0
0
0
0
0
0
0
0
0
0
0
0
0
0
0
0
0
0
0
0
0
0
0
0
0
0
0
0
0
0
0
0
0
0
0
0
0
0
0
0
0
0
0
0
0
0
0
0
0
0
0
0
0
0
0
0
0
0
0
0
0
0
0
0
0
0
0
0
0
0
0
0
0
0
0
0
0
0
0
0
0
0
0
0
0
0
0
0
0
0.662745
0.227451
0.0862745
0.00784314
0
0
0.00392157
0.0862745
0.266667
0
0
0
0
0
0
0
0
0
0
0
0.337255
0.705882
0.8
0.870588
0.894118
0.87451
0.886275
0.929412
0.721569
0
0
0
0
0
0
0
0
0
0
0
0
0
0
0
0
0
0.498039
0.580392
0.0235294
0
0
0
0
0
0
0
0
0
0
0
0
0
0
0
0
0.235294
0.611765
0.0235294
0
0
0
0
0
0
0
0
0
0
0
0
0
0
0
0
0.00392157
0.662745
0.0313726
0
0
0
0
0
0
0
0
0
0
0
0
0
0
0
0
0.054902
0.490196
0.239216
0
0
0
0
0
0
0
0
0
0
0
0
0
0
0
0
0
0.368627
0.294118
0
0
0
0
0
0
0
0
0
0
0
0
0
0
0
0.180392
0.87451
0.819608
0.972549
0.839216
0.341176
0
0
0
0
0
0
0
0
0
0
0
0
0
0
0
0.0588235
0.607843
0.427451
0.105882
0.0235294
0
0
0
0
0
0
0
0
0
0
0
0
0
0
0
0.00392157
0.796078
0.0235294
0
0
0
0
0
0
0
0
0
0
0
0
0
0
0
0
0
0.333333
0.458824
0
0
0
0
0
0
0
0
0
0
0
0
0
0
0
0
0
0
0.490196
0.301961
0
0
0
0
0
0
0
0
0
0
0
0
0
0
0
0
0
0
0.666667
0.2
0
0
0
0
0
0
0
0
0
0
0
0
0
0
0
0
0
0
0.737255
0.168627
0
0
0
0
0
0
0
0
0
0
0
0
0
0
0
0
0
0
0.266667
0.0313726
0
0
0
0
0
0
0
0
0
0
