0
0
0
0
0
0
0
0
0
0
0
0
0
0
0
0
0
0
0
0
0
0
0
0
0
0
0
0
0
0
0
0
0
0
0
0
0
0
0
0
0
0
0
0
0
0
0
0
0
0
0
0
0
0
0
0
0
0
0
0
0
0
0
0
0
0
0
0
0
0
0
0
0
0
0
0
0
0
0
0
0
0
0
0
0
0
0
0
0
0
0
0
0
0
0
0
0
0
0
0
0
0
0
0
0
0
0
0
0
0
0
0
0
0
0
0
0
0
0
0
0
0
0
0
0
0
0.00392157
0.580392
0.411765
0.501961
0.643137
0.678431
0.623529
0
0
0
0
0
0
0
0
0
0
0
0
0
0
0.294118
0.478431
0.411765
0.258824
0.298039
0.843137
0
0
0
0
0
0
0
0
0
0
0
0
0
0
0
0
0
0
0.329412
0.564706
0
0
0
0
0
0
0
0
0
0
0
0
0
0
0
0
0
0
0.458824
0.364706
0
0
0
0
0
0
0
0
0
0
0
0
0
0
0
0
0
0
0.509804
0.258824
0.0431373
0
0
0
0
0
0
0
0
0
0
0
0
0
0
0
0
0.490196
0.964706
0.92549
0.662745
0
0
0
0
0
0
0
0
0
0
0
0
0
0
0
0
0.00784314
0.827451
0.0117647
0
0
0
0
0
0
0
0
0
0
0
0
0
0
0
0
0
0.0745098
0.780392
0
0
0
0
0
0
0
0
0
0
0
0
0
0
0
0
0
0
0.243137
0.635294
0
0
0
0
0
0
0
0
0
0
0
0
0
0
0
0
0
0
0.223529
0.392157
0
0
0
0
0
0
0
0
0
0
0
0
0
0
0
0
0
0
0.341176
0.541176
0
0
0
0
0
0
0
0
0
0
0
0
0
0
0
0
0
0
0.301961
0.494118
0
0
0
0
0
0
0
0
0
0
0
0
0
0
0
0
0
0
0
0
0
0
0
0
0
0
0
0
0
0
0
0
0
0
0
0
0
0
0
0
0
0
0
0
0
0
0
0
