0
0
0
0
0
0
0
0
0
0
0
0
0
0
0
0
0
0
0
0
0
0
0
0
0
0
0
0
0
0
0
0
0
0
0
0
0
0
0
0
0
0
0
0
0
0
0
0
0
0
0
0
0
0
0
0
0
0
0
0
0
0
0
0
0
0
0
0
0
0
0
0
0
0
0
0
0
0
0
0
0
0
0
0
0
0
0
0
0
0
0
0
0
0
0
0
0
0
0
0
0
0
0
0
0
0
0
0
0
0
0
0
0
0
0
0
0
0
0
0
0
0
0
0
0
0
0
0
0
0
0
0
0
0
0
0
0
0
0
0
0
0
0
0
0
0
0
0.462745
0.392157
0.392157
0.376471
0.219608
0.286275
0.278431
0
0
0
0
0
0
0
0
0
0
0
0
0
0.356863
0.458824
0.458824
0.443137
0.262745
0.447059
0.901961
0
0
0
0
0
0
0
0
0
0
0
0
0
0
0
0
0
0
0.501961
0.435294
0
0
0
0
0
0
0
0
0
0
0
0
0
0
0
0
0
0
0.419608
0.0627451
0
0
0
0
0
0
0
0
0
0
0
0
0
0
0
0
0
0.341176
0.137255
0
0
0
0
0
0
0
0
0
0
0
0
0
0
0
0
0
0.0784314
0.356863
0.0431373
0
0
0
0
0
0
0
0
0
0
0
0
0
0
0
0
0
0.513726
0.368627
0
0
0
0
0
0
0
0
0
0
0
0
0
0
0
0
0
0.0627451
0.858824
0.0196078
0
0
0
0
0
0
0
0
0
0
0
0
0
0
0
0
0
0.203922
0.27451
0
0
0
0
0
0
0
0
0
0
0
0
0
0
0
0
0
0
0.552941
0.176471
0
0
0
0
0
0
0
0
0
0
0
0
0
0
0
0
0
0
0.807843
0.0470588
0
0
0
0
0
0
0
0
0
0
0
0
0
0
0
0
0
0
0.298039
0
0
0
0
0
0
0
0
0
0
0
0
0
0
0
0
0
0
0
0
0
0
0
0
0
0
0
0
0
0
