0
0
0
0
0
0
0
0
0
0
0
0
0
0
0
0
0
0
0
0
0
0
0
0
0
0
0
0
0
0
0
0
0
0
0
0
0
0
0
0
0
0
0
0
0
0
0
0
0
0
0
0
0
0
0
0
0
0
0
0
0
0
0
0
0
0
0
0
0
0
0
0
0
0
0
0
0
0
0
0
0
0
0
0
0
0
0
0
0
0
0
0
0
0
0
0
0
0
0
0
0
0
0
0
0.329412
0.52549
0.290196
0.207843
0.203922
0.219608
0.219608
0.196078
0.188235
0.196078
0.211765
0.262745
0.227451
0
0
0
0
0
0
0
0.780392
0.470588
0.596078
0.67451
0.670588
0.686275
0.686275
0.662745
0.654902
0.662745
0.678431
0.945098
0.701961
0
0
0
0
0
0
0
0.862745
0.0470588
0
0
0
0
0
0
0
0
0.403922
0.690196
0.0392157
0
0
0
0
0
0
0
0.0745098
0
0
0
0
0
0
0
0
0.0627451
0.635294
0.0784314
0
0
0
0
0
0
0
0
0
0
0
0
0
0
0
0
0
0.431373
0.337255
0
0
0
0
0
0
0
0
0
0
0
0
0
0
0
0
0
0
0.721569
0.0117647
0
0
0
0
0
0
0
0
0
0
0
0
0
0
0
0
0
0.298039
0.4
0
0
0
0
0
0
0
0
0
0
0
0
0
0
0
0
0
0
0.658824
0.231373
0
0
0
0
0
0
0
0
0
0
0
0
0
0
0.298039
0.839216
0.886275
0.67451
0.952941
0.803922
0
0
0
0
0
0
0
0
0
0
0
0
0
0
0
0
0
0.564706
0.27451
0
0
0
0
0
0
0
0
0
0
0
0
0
0
0
0
0
0.0117647
0.764706
0.00392157
0
0
0
0
0
0
0
0
0
0
0
0
0
0
0
0
0
0.145098
0.721569
0
0
0
0
0
0
0
0
0
0
0
0
0
0
0
0
0
0
0.270588
0.490196
0
0
0
0
0
0
0
0
0
0
0
0
0
0
0
0
0
0
0.388235
0.454902
0
0
0
0
0
0
0
0
0
0
0
0
0
0
0
0
0
0
0.407843
0.470588
0
0
0
0
0
0
0
0
