0
0
0
0
0
0
0
0
0
0
0
0
0
0
0
0
0
0
0
0
0
0
0
0
0
0
0
0
0
0
0
0
0
0
0
0
0
0
0
0
0
0
0
0
0
0
0
0
0
0
0
0
0
0
0
0
0
0
0
0
0
0
0
0
0
0
0
0
0
0
0
0
0
0
0
0
0
0
0
0
0
0
0
0
0
0
0
0
0
0
0
0
0
0
0
0
0
0
0
0
0
0
0
0
0
0
0
0
0
0
0
0
0
0
0
0
0
0
0
0
0
0
0
0
0
0
0
0
0
0
0
0
0
0
0
0
0
0
0
0
0
0
0
0
0
0
0
0
0
0
0
0.223529
0.619608
0
0
0
0
0
0
0
0
0
0
0
0
0
0
0
0
0
0.0784314
0.807843
0.670588
0
0
0
0
0
0
0
0
0
0
0
0
0
0
0
0
0.054902
0.509804
0.623529
0.678431
0
0
0
0
0
0
0
0
0
0
0
0
0
0
0
0
0.623529
0.443137
0.0588235
0.313726
0
0
0
0
0
0
0
0
0
0
0
0
0
0
0
0.203922
0.709804
0.0117647
0.133333
0.572549
0
0
0
0
0
0
0
0
0
0
0
0
0
0
0
0
0
0
0.12549
0.537255
0
0
0
0
0
0
0
0
0
0
0
0
0
0
0
0
0
0
0.203922
0.670588
0
0
0
0
0
0
0
0
0
0
0
0
0
0
0
0
0
0
0.231373
0.698039
0
0
0
0
0
0
0
0
0
0
0
0
0
0
0
0
0
0
0.054902
0.243137
0
0
0
0
0
0
0
0
0
0
0
0
0
0
0
0
0
0
0
0
0
0
0
0
0
0
0
0
0
0
0
0
0
0
0
0
0
0
0
0
0
0
0
0
0
0
0
0
0
0
0
0
0
0
0
0
0
0
0
0
0
0
0
0
0
0
0
0
0
0
0
0
0
0
0
0
0
0
0
0
0
0
0
0
0
0
0
