0
0
0
0
0
0
0
0
0
0
0
0
0
0
0
0
0
0
0
0
0
0
0
0
0
0
0
0
0
0
0
0
0
0
0
0
0
0
0
0
0
0
0
0
0
0
0
0
0
0
0
0
0
0
0
0
0
0
0
0
0
0
0
0
0
0
0
0
0
0
0
0
0
0
0
0
0
0
0
0
0
0
0
0
0
0
0
0
0
0
0
0
0
0
0
0
0
0
0
0
0
0
0
0
0
0
0
0
0
0
0
0
0
0
0
0
0
0
0
0
0
0
0
0
0
0
0
0
0
0
0
0
0
0
0
0
0
0
0
0
0
0
0
0
0
0
0
0
0
0
0
0.639216
0.223529
0
0
0
0
0
0
0
0
0
0
0
0
0
0
0
0
0
0.419608
0.992157
0.278431
0
0
0
0
0
0
0
0
0
0
0
0
0
0
0
0
0.156863
0.839216
0.690196
0.286275
0
0
0
0
0
0
0
0
0
0
0
0
0
0
0
0.129412
0.858824
0.227451
0.611765
0.278431
0
0
0
0
0
0
0
0
0
0
0
0
0
0
0
0.796078
0.301961
0
0.568627
0.235294
0
0
0
0
0
0
0
0
0
0
0
0
0
0
0
0.0745098
0
0
0.580392
0.247059
0
0
0
0
0
0
0
0
0
0
0
0
0
0
0
0
0
0
0.619608
0.286275
0
0
0
0
0
0
0
0
0
0
0
0
0
0
0
0
0
0
0.219608
0.0784314
0
0
0
0
0
0
0
0
0
0
0
0
0
0
0
0
0
0
0
0
0
0
0
0
0
0
0
0
0
0
0
0
0
0
0
0
0
0
0
0
0
0
0
0
0
0
0
0
0
0
0
0
0
0
0
0
0
0
0
0
0
0
0
0
0
0
0
0
0
0
0
0
0
0
0
0
0
0
0
0
0
0
0
0
0
0
0
0
0
0
0
0
0
0
0
0
0
0
0
0
0
0
0
0
0
0
0
