0
0
0
0
0
0
0
0
0
0
0
0
0
0
0
0
0
0
0
0
0
0
0
0
0
0
0
0
0
0
0
0
0
0
0
0
0
0
0
0
0
0
0
0
0
0
0
0
0
0
0
0
0
0
0
0
0
0
0
0
0
0
0
0
0
0
0
0
0
0
0
0
0
0
0
0
0
0
0
0
0
0
0
0
0
0
0
0
0
0
0
0
0
0
0
0
0
0
0
0
0
0
0
0
0
0
0
0
0
0
0
0
0
0
0
0
0
0
0
0
0
0
0
0
0
0
0
0
0
0
0
0
0
0
0
0
0
0
0
0
0
0
0
0
0
0
0
0
0
0
0
0
0
0
0
0
0
0
0
0
0
0
0
0
0
0
0
0
0
0
0
0.12549
0
0
0
0
0
0
0
0
0
0
0
0
0
0
0
0
0
0
0
0.894118
0
0
0
0
0
0
0
0
0
0
0
0
0
0
0
0
0
0
0
0.886275
0
0
0
0
0
0
0
0
0
0
0
0
0
0
0
0
0
0
0
0.866667
0
0
0
0
0
0
0
0
0
0
0
0
0
0
0
0
0
0
0
0.87451
0
0
0
0
0
0
0
0
0
0
0
0
0
0
0
0
0
0
0
0.901961
0
0
0
0
0
0
0
0
0
0
0
0
0
0
0
0
0
0
0
0.564706
0
0
0
0
0
0
0
0
0
0
0
0
0
0
0
0
0
0
0
0
0
0
0
0
0
0
0
0
0
0
0
0
0
0
0
0
0
0
0
0
0
0
0
0
0
0
0
0
0
0
0
0
0
0
0
0
0
0
0
0
0
0
0
0
0
0
0
0
0
0
0
0
0
0
0
0
0
0
0
0
0
0
0
0
0
0
0
0
0
0
0
0
0
0
0
0
0
0
0
0
0
0
0
0
0
0
0
0
