0
0
0
0
0
0
0
0
0
0
0
0
0
0
0
0
0
0
0
0
0
0
0
0
0
0
0
0
0
0
0
0
0
0
0
0
0
0
0
0
0
0
0
0
0
0
0
0
0
0
0
0
0
0
0
0
0
0
0
0
0
0
0
0
0
0
0
0
0
0
0
0
0
0
0
0
0
0
0
0
0
0
0
0
0
0
0
0
0
0
0
0
0
0
0
0
0
0
0
0
0
0
0
0
0
0
0
0
0
0
0
0
0
0
0
0
0
0
0
0
0
0
0
0
0
0
0
0
0
0
0
0
0
0
0
0
0
0
0
0
0
0
0
0
0
0
0
0
0
0
0
0.00392157
0
0
0
0
0
0
0
0
0
0
0
0
0
0
0
0
0
0
0.0392157
0.827451
0.129412
0
0
0
0
0
0
0
0
0
0
0
0
0
0
0
0
0.00392157
0.678431
0.976471
0.141176
0
0
0
0
0
0
0
0
0
0
0
0
0
0
0
0
0.392157
0.72549
0.690196
0.180392
0
0
0
0
0
0
0
0
0
0
0
0
0
0
0
0.0588235
0.901961
0.113725
0.670588
0.203922
0
0
0
0
0
0
0
0
0
0
0
0
0
0
0
0.00392157
0.176471
0
0.670588
0.203922
0
0
0
0
0
0
0
0
0
0
0
0
0
0
0
0
0
0
0.686275
0.219608
0
0
0
0
0
0
0
0
0
0
0
0
0
0
0
0
0
0
0.701961
0.235294
0
0
0
0
0
0
0
0
0
0
0
0
0
0
0
0
0
0
0.2
0.0392157
0
0
0
0
0
0
0
0
0
0
0
0
0
0
0
0
0
0
0
0
0
0
0
0
0
0
0
0
0
0
0
0
0
0
0
0
0
0
0
0
0
0
0
0
0
0
0
0
0
0
0
0
0
0
0
0
0
0
0
0
0
0
0
0
0
0
0
0
0
0
0
0
0
0
0
0
0
0
0
0
0
0
0
0
0
0
0
