0
0
0
0
0
0
0
0
0
0
0
0
0
0
0
0
0
0
0
0
0
0
0
0
0
0
0
0
0
0
0
0
0
0
0
0
0
0
0
0
0
0
0
0
0
0
0
0
0
0
0
0
0
0
0
0
0
0
0
0
0
0
0
0
0
0
0
0
0
0
0
0
0
0
0
0
0
0
0
0
0
0
0
0
0
0
0
0
0
0
0
0
0
0
0
0
0
0
0
0
0
0
0
0
0
0
0
0
0
0
0
0
0
0
0
0
0
0
0
0
0
0
0
0
0
0
0
0
0
0
0
0
0
0
0
0
0
0
0
0
0
0
0
0
0
0
0
0
0
0
0
0.0470588
0.435294
0
0
0
0
0
0
0
0
0
0
0
0
0
0
0
0
0
0.0117647
0.698039
0.87451
0
0
0
0
0
0
0
0
0
0
0
0
0
0
0
0
0
0.572549
0.521569
0.878431
0
0
0
0
0
0
0
0
0
0
0
0
0
0
0
0
0.478431
0.776471
0.0352941
0.792157
0
0
0
0
0
0
0
0
0
0
0
0
0
0
0
0.662745
0.698039
0.0235294
0.00784314
0.839216
0
0
0
0
0
0
0
0
0
0
0
0
0
0
0
0.0745098
0
0
0.0235294
0.890196
0
0
0
0
0
0
0
0
0
0
0
0
0
0
0
0
0
0
0.0235294
0.72549
0
0
0
0
0
0
0
0
0
0
0
0
0
0
0
0
0
0
0
0
0
0
0
0
0
0
0
0
0
0
0
0
0
0
0
0
0
0
0
0
0
0
0
0
0
0
0
0
0
0
0
0
0
0
0
0
0
0
0
0
0
0
0
0
0
0
0
0
0
0
0
0
0
0
0
0
0
0
0
0
0
0
0
0
0
0
0
0
0
0
0
0
0
0
0
0
0
0
0
0
0
0
0
0
0
0
0
0
0
0
0
0
0
0
0
0
0
0
0
0
0
0
0
0
0
0
0
