0
0
0
0
0
0
0
0
0
0
0
0
0
0
0
0
0
0
0
0
0
0
0
0
0
0
0
0
0
0
0
0
0
0
0
0
0
0
0
0
0
0
0
0
0
0
0
0
0
0
0
0
0
0
0
0
0
0
0
0
0
0
0
0
0
0
0
0
0
0
0
0
0
0
0
0
0
0
0
0
0
0
0
0
0
0
0
0
0
0
0
0
0
0
0
0
0
0
0
0
0
0
0
0
0
0
0
0
0
0
0
0
0
0
0
0
0
0
0
0
0
0
0
0
0
0
0
0
0
0
0
0
0
0
0
0
0
0
0
0
0
0
0
0
0
0
0
0
0
0
0.00392157
0
0
0
0
0
0
0
0
0
0
0
0
0
0
0
0
0
0
0
0.6
0.227451
0
0
0
0
0
0
0
0
0
0
0
0
0
0
0
0
0
0
0.67451
0.12549
0
0
0
0
0
0
0
0
0
0
0
0
0
0
0
0
0
0
0.847059
0.0627451
0
0
0
0
0
0
0
0
0
0
0
0
0
0
0
0
0
0
0.866667
0
0
0
0
0
0
0
0
0
0
0
0
0
0
0
0
0
0
0
0.752941
0
0
0
0
0
0
0
0
0
0
0
0
0
0
0
0
0
0
0
0.788235
0
0
0
0
0
0
0
0
0
0
0
0
0
0
0
0
0
0
0
0.847059
0
0
0
0
0
0
0
0
0
0
0
0
0
0
0
0
0
0
0
0.921569
0
0
0
0
0
0
0
0
0
0
0
0
0
0
0
0
0
0
0
0.239216
0
0
0
0
0
0
0
0
0
0
0
0
0
0
0
0
0
0
0
0
0
0
0
0
0
0
0
0
0
0
0
0
0
0
0
0
0
0
0
0
0
0
0
0
0
0
0
0
0
0
0
0
0
0
0
0
0
0
0
0
0
0
0
0
0
0
0
0
0
