0
0
0
0
0
0
0
0
0
0
0
0
0
0
0
0
0
0
0
0
0
0
0
0
0
0
0
0
0
0
0
0
0
0
0
0
0
0
0
0
0
0
0
0
0
0
0
0
0
0
0
0
0
0
0
0
0
0
0
0
0
0
0
0
0
0
0
0
0
0
0
0
0
0
0
0
0
0
0
0
0
0
0
0
0
0
0
0
0
0
0
0
0
0
0
0
0
0
0
0
0
0
0
0
0
0
0
0
0
0
0
0
0
0
0
0
0
0
0
0
0
0
0
0
0
0
0
0
0
0
0
0.00784314
0
0
0
0
0
0
0
0
0
0
0
0
0
0
0
0
0
0
0.0235294
0.847059
0
0
0
0
0
0
0
0
0
0
0
0
0
0
0
0
0
0
0.12549
0.596078
0
0
0
0
0
0
0
0
0
0
0
0
0
0
0
0
0
0
0.254902
0.52549
0
0
0
0
0
0
0
0
0
0
0
0
0
0
0
0
0
0
0.360784
0.521569
0
0
0
0
0
0
0
0
0
0
0
0
0
0
0
0
0
0
0.435294
0.427451
0
0
0
0
0
0
0
0
0
0
0
0
0
0
0
0
0
0
0.364706
0.298039
0
0
0
0
0
0
0
0
0
0
0
0
0
0
0
0
0
0
0.537255
0.152941
0
0
0
0
0
0
0
0
0
0
0
0
0
0
0
0
0
0
0.690196
0.223529
0
0
0
0
0
0
0
0
0
0
0
0
0
0
0
0
0
0
0.294118
0.0705882
0
0
0
0
0
0
0
0
0
0
0
0
0
0
0
0
0
0
0
0
0
0
0
0
0
0
0
0
0
0
0
0
0
0
0
0
0
0
0
0
0
0
0
0
0
0
0
0
0
0
0
0
0
0
0
0
0
0
0
0
0
0
0
0
0
0
0
0
0
0
0
0
0
0
0
0
0
0
0
0
0
0
0
0
0
0
0
0
