0
0
0
0
0
0
0
0
0
0
0
0
0
0
0
0
0
0
0
0
0
0
0
0
0
0
0
0
0
0
0
0
0
0
0
0
0
0
0
0
0
0
0
0
0
0
0
0
0
0
0
0
0
0
0
0
0
0
0
0
0
0
0
0
0
0
0
0
0
0
0
0
0
0
0
0
0
0
0
0
0
0
0
0
0
0
0
0
0
0
0
0
0
0
0
0
0
0
0
0
0
0
0
0
0
0
0
0
0
0
0
0
0
0
0
0
0
0
0
0
0
0
0
0
0
0
0
0
0
0
0
0
0
0
0
0
0
0
0
0
0
0
0
0
0
0
0
0
0
0
0
0
0
0
0
0
0
0
0
0
0
0
0
0
0
0
0
0
0
0.133333
0.164706
0.0235294
0.427451
0.227451
0
0
0
0
0
0
0
0
0
0
0
0
0
0
0
0.427451
0.952941
0.92549
0.909804
0.372549
0
0
0
0
0
0
0
0
0
0
0
0
0
0
0
0.498039
0.435294
0.0117647
0.552941
0.352941
0
0
0
0
0
0
0
0
0
0
0
0
0
0
0.054902
0.772549
0.207843
0
0.545098
0.388235
0
0
0
0
0
0
0
0
0
0
0
0
0.168627
0.788235
0.921569
0.592157
0
0
0.207843
0.870588
0.568627
0
0
0
0
0
0
0
0
0
0
0
0.0117647
0.152941
0.0117647
0
0
0
0
0.027451
0.054902
0
0
0
0
0
0
0
0
0
0
0
0
0
0
0
0
0
0
0
0
0
0
0
0
0
0
0
0
0
0
0
0
0
0
0
0
0
0
0
0
0
0
0
0
0
0
0
0
0
0
0
0
0
0
0
0
0
0
0
0
0
0
0
0
0
0
0
0
0
0
0
0
0
0
0
0
0
0
0
0
0
0
0
0
0
0
0
0
0
0
0
0
0
0
0
0
0
0
0
0
0
0
0
0
0
0
0
0
0
0
0
0
0
0
0
0
0
0
0
0
0
0
0
0
0
