0
0
0
0
0
0
0
0
0
0
0
0
0
0
0
0
0
0
0
0
0
0
0
0
0
0
0
0
0
0
0
0
0
0
0
0
0
0
0
0
0
0
0
0
0
0
0
0
0
0
0
0
0
0
0
0
0
0
0
0
0
0
0
0
0
0
0
0
0
0
0
0
0
0
0
0
0
0
0
0
0
0
0
0
0
0
0
0
0
0
0
0
0
0
0
0
0
0
0
0
0
0
0
0
0
0
0
0
0
0
0
0
0
0
0
0
0
0
0
0
0
0
0
0
0
0
0
0
0
0
0
0
0
0
0
0
0
0
0
0
0
0
0
0
0
0
0
0
0
0
0
0
0
0
0
0
0
0
0
0
0
0
0
0
0
0
0
0
0
0.0627451
0.0117647
0
0.231373
0.00784314
0
0
0
0
0
0
0
0
0
0
0
0
0
0
0
0.678431
0.290196
0.129412
0.956863
0.0941176
0
0
0
0
0
0
0
0
0
0
0
0
0
0
0.0392157
0.913725
0.760784
0.894118
0.937255
0.0901961
0
0
0
0
0
0
0
0
0
0
0
0
0
0
0.556863
0.533333
0.278431
0.054902
0.811765
0.0784314
0
0
0
0
0
0
0
0
0
0
0
0
0
0.478431
0.678431
0.00784314
0
0
0.827451
0.113725
0
0
0
0
0
0
0
0
0
0
0
0
0
0.407843
0.0627451
0
0
0
0.498039
0.141176
0
0
0
0
0
0
0
0
0
0
0
0
0
0
0
0
0
0
0
0
0
0
0
0
0
0
0
0
0
0
0
0
0
0
0
0
0
0
0
0
0
0
0
0
0
0
0
0
0
0
0
0
0
0
0
0
0
0
0
0
0
0
0
0
0
0
0
0
0
0
0
0
0
0
0
0
0
0
0
0
0
0
0
0
0
0
0
0
0
0
0
0
0
0
0
0
0
0
0
0
0
0
0
0
0
0
0
0
0
0
0
0
0
0
0
0
0
0
0
0
0
0
0
0
0
0
