0
0
0
0
0
0
0
0
0
0
0
0
0
0
0
0
0
0
0
0
0
0
0
0
0
0
0
0
0
0
0
0
0
0
0
0
0
0
0
0
0
0
0
0
0
0
0
0
0
0
0
0
0
0
0
0
0
0
0
0
0
0
0
0
0
0
0
0
0
0
0
0
0
0
0
0
0
0
0
0
0
0
0
0
0
0
0
0
0
0
0
0
0
0
0
0
0
0
0
0
0
0
0
0
0
0
0
0
0
0
0
0
0
0
0
0
0
0
0
0
0
0
0
0
0
0
0
0
0
0
0
0
0
0
0
0
0
0
0
0
0
0
0
0
0
0
0
0
0
0
0.00392157
0
0
0
0
0
0
0
0
0
0
0
0
0
0
0
0
0
0
0
0.564706
0.333333
0.0941176
0.807843
0.121569
0
0
0
0
0
0
0
0
0
0
0
0
0
0
0.0941176
0.905882
0.733333
0.870588
0.964706
0.133333
0
0
0
0
0
0
0
0
0
0
0
0
0
0.0431373
0.803922
0.341176
0.345098
0.12549
0.870588
0.0117647
0
0
0
0
0
0
0
0
0
0
0
0
0
0.670588
0.466667
0
0
0.00784314
0.894118
0
0
0
0
0
0
0
0
0
0
0
0
0
0.235294
0.839216
0.0117647
0
0
0.0941176
0.843137
0
0
0
0
0
0
0
0
0
0
0
0
0
0.133333
0.196078
0
0
0
0.00784314
0.231373
0
0
0
0
0
0
0
0
0
0
0
0
0
0
0
0
0
0
0
0
0
0
0
0
0
0
0
0
0
0
0
0
0
0
0
0
0
0
0
0
0
0
0
0
0
0
0
0
0
0
0
0
0
0
0
0
0
0
0
0
0
0
0
0
0
0
0
0
0
0
0
0
0
0
0
0
0
0
0
0
0
0
0
0
0
0
0
0
0
0
0
0
0
0
0
0
0
0
0
0
0
0
0
0
0
0
0
0
0
0
0
0
0
0
0
0
0
0
0
0
0
0
0
0
0
0
