0
0
0
0
0
0
0
0
0
0
0
0
0
0
0
0
0
0
0
0
0
0
0
0
0
0
0
0
0
0
0
0
0
0
0
0
0
0
0
0
0
0
0
0
0
0
0
0
0
0
0
0
0
0
0
0
0
0
0
0
0
0
0
0
0
0
0
0
0
0
0
0
0
0
0
0
0
0
0
0
0
0
0
0
0
0
0
0
0
0
0
0
0
0
0
0
0
0
0
0
0
0
0
0
0
0
0
0
0
0
0.00392157
0.678431
0
0
0
0
0
0
0
0
0
0
0
0
0
0
0
0
0
0
0.0705882
0.937255
0
0
0
0
0
0
0
0
0
0
0
0
0
0
0
0
0
0
0.168627
0.945098
0
0
0
0
0
0
0
0
0
0
0
0
0
0
0
0
0
0
0.254902
0.941176
0
0
0
0
0
0
0
0
0
0
0
0
0
0
0
0
0
0
0.396078
0.945098
0
0
0
0
0
0
0
0
0
0
0
0
0
0
0
0
0
0
0.607843
0.686275
0
0
0
0
0
0
0
0
0
0
0
0
0
0
0
0
0
0.113725
0.776471
0.741176
0
0
0
0
0
0
0
0
0
0
0
0
0
0
0
0
0
0.439216
0.513726
0.866667
0
0
0
0
0
0
0
0
0
0
0
0
0
0
0
0
0
0.737255
0.207843
0.87451
0
0
0
0
0
0
0
0
0
0
0
0
0
0
0
0
0
0.929412
0.027451
0.901961
0
0
0
0
0
0
0
0
0
0
0
0
0
0
0
0
0
0.0745098
0
0.690196
0
0
0
0
0
0
0
0
0
0
0
0
0
0
0
0
0
0
0
0
0
0
0
0
0
0
0
0
0
0
0
0
0
0
0
0
0
0
0
0
0
0
0
0
0
0
0
0
0
0
0
0
0
0
0
0
0
0
0
0
0
0
0
0
0
0
0
0
0
0
0
0
0
0
0
0
0
0
0
0
0
0
0
0
0
0
0
0
