0
0
0
0
0
0
0
0
0
0
0
0
0
0
0
0
0
0
0
0
0
0
0
0
0
0
0
0
0
0
0
0
0
0
0
0
0
0
0
0
0
0
0
0
0
0
0
0
0
0
0
0
0
0
0
0
0
0
0
0
0
0
0
0
0
0
0
0
0
0
0
0
0
0
0
0
0
0
0
0
0
0
0
0
0
0
0
0
0
0
0
0
0
0
0
0
0
0
0
0
0
0
0
0
0
0
0
0
0
0
0
0
0
0
0
0
0
0
0
0
0
0
0
0
0
0
0
0
0
0
0
0
0
0
0
0
0
0
0
0
0
0
0
0
0
0
0
0
0
0
0.121569
0.423529
0
0
0
0
0
0
0
0
0
0
0
0
0
0
0
0
0
0.00392157
0.776471
0.745098
0
0
0
0
0
0
0
0
0
0
0
0
0
0
0
0
0.0117647
0.701961
0.458824
0.741176
0
0
0
0
0
0
0
0
0
0
0
0
0
0
0
0
0.329412
0.596078
0.145098
0.745098
0
0
0
0
0
0
0
0
0
0
0
0
0
0
0
0
0
0
0.105882
0.698039
0
0
0
0
0
0
0
0
0
0
0
0
0
0
0
0
0
0
0.137255
0.737255
0
0
0
0
0
0
0
0
0
0
0
0
0
0
0
0
0
0
0.105882
0.705882
0
0
0
0
0
0
0
0
0
0
0
0
0
0
0
0
0
0
0.156863
0.756863
0
0
0
0
0
0
0
0
0
0
0
0
0
0
0
0
0
0
0.152941
0.678431
0
0
0
0
0
0
0
0
0
0
0
0
0
0
0
0
0
0
0
0
0
0
0
0
0
0
0
0
0
0
0
0
0
0
0
0
0
0
0
0
0
0
0
0
0
0
0
0
0
0
0
0
0
0
0
0
0
0
0
0
0
0
0
0
0
0
0
0
0
0
0
0
0
0
0
0
0
0
0
0
0
0
0
0
0
0
0
0
