0
0
0
0
0
0
0
0
0
0
0
0
0
0
0
0
0
0
0
0
0
0
0
0
0
0
0
0
0
0
0
0
0
0
0
0
0
0
0
0
0
0
0
0
0
0
0
0
0
0
0
0
0
0
0
0
0
0
0
0
0
0
0
0
0
0
0
0
0
0
0
0
0
0
0
0
0
0
0
0
0
0
0
0
0
0
0
0
0
0
0
0
0
0
0
0
0
0
0
0
0
0
0
0
0
0
0
0
0
0
0
0
0
0
0
0
0
0
0
0
0
0
0
0
0
0
0
0
0
0
0
0
0
0
0
0
0
0
0
0
0
0
0
0
0
0
0
0
0
0
0
0.137255
0.196078
0
0
0
0
0
0
0
0
0
0
0
0
0
0
0
0
0
0.211765
0.862745
0.431373
0
0
0
0
0
0
0
0
0
0
0
0
0
0
0
0
0.462745
0.811765
0.6
0.27451
0
0
0
0
0
0
0
0
0
0
0
0
0
0
0
0.0862745
0.831373
0.0784314
0.501961
0.270588
0
0
0
0
0
0
0
0
0
0
0
0
0
0
0
0
0
0
0.6
0.266667
0
0
0
0
0
0
0
0
0
0
0
0
0
0
0
0
0
0
0.603922
0.270588
0
0
0
0
0
0
0
0
0
0
0
0
0
0
0
0
0
0
0.6
0.266667
0
0
0
0
0
0
0
0
0
0
0
0
0
0
0
0
0
0
0.6
0.266667
0
0
0
0
0
0
0
0
0
0
0
0
0
0
0
0
0
0
0.568627
0.309804
0
0
0
0
0
0
0
0
0
0
0
0
0
0
0
0
0
0
0.419608
0.254902
0
0
0
0
0
0
0
0
0
0
0
0
0
0
0
0
0
0
0
0
0
0
0
0
0
0
0
0
0
0
0
0
0
0
0
0
0
0
0
0
0
0
0
0
0
0
0
0
0
0
0
0
0
0
0
0
0
0
0
0
0
0
0
0
0
0
0
