0
0
0
0
0
0
0
0
0
0
0
0
0
0
0
0
0
0
0
0
0
0
0
0
0
0
0
0
0
0
0
0
0
0
0
0
0
0
0
0
0
0
0
0
0
0
0
0
0
0
0
0
0
0
0
0
0
0
0
0
0
0
0
0
0
0
0
0
0
0
0
0
0
0
0
0
0
0
0
0
0
0
0
0
0
0
0
0
0
0
0
0
0
0
0
0
0
0
0
0
0
0
0
0
0
0
0
0
0
0
0
0
0
0
0
0
0
0
0
0
0
0
0
0
0
0
0
0
0
0
0
0.0392157
0.101961
0
0
0
0
0
0
0
0
0
0
0
0
0
0
0
0
0
0
0.639216
0.623529
0
0
0
0
0
0
0
0
0
0
0
0
0
0
0
0
0
0.2
0.960784
0.619608
0
0
0
0
0
0
0
0
0
0
0
0
0
0
0
0
0
0.72549
0.509804
0.611765
0
0
0
0
0
0
0
0
0
0
0
0
0
0
0
0
0.333333
0.560784
0.294118
0.580392
0
0
0
0
0
0
0
0
0
0
0
0
0
0
0
0.227451
0.847059
0.0941176
0.298039
0.498039
0
0
0
0
0
0
0
0
0
0
0
0
0
0
0.0117647
0.835294
0.243137
0
0.301961
0.501961
0
0
0
0
0
0
0
0
0
0
0
0
0
0
0.0392157
0.462745
0
0
0.352941
0.552941
0
0
0
0
0
0
0
0
0
0
0
0
0
0
0
0
0
0
0.243137
0.752941
0
0
0
0
0
0
0
0
0
0
0
0
0
0
0
0
0
0
0.00392157
0.298039
0
0
0
0
0
0
0
0
0
0
0
0
0
0
0
0
0
0
0
0
0
0
0
0
0
0
0
0
0
0
0
0
0
0
0
0
0
0
0
0
0
0
0
0
0
0
0
0
0
0
0
0
0
0
0
0
0
0
0
0
0
0
0
0
0
0
0
0
0
0
0
0
0
0
0
0
0
0
0
0
0
0
0
0
0
0
0
