0
0
0
0
0
0
0
0
0
0
0
0
0
0
0
0
0
0
0
0
0
0
0
0
0
0
0
0
0
0
0
0
0
0
0
0
0
0
0
0
0
0
0
0
0
0
0
0
0
0
0
0
0
0
0
0
0
0
0
0
0
0
0
0
0
0
0.431373
0.678431
0.4
0.580392
0.647059
0.443137
0
0
0
0
0
0
0
0
0
0
0
0
0
0
0.180392
0.223529
0.0784314
0.141176
0.180392
0.737255
0.552941
0
0
0
0
0
0
0
0
0
0
0
0
0
0
0
0
0
0
0.0235294
0.741176
0.360784
0
0
0
0
0
0
0
0
0
0
0
0
0
0
0
0
0
0
0.286275
0.588235
0
0
0
0
0
0
0
0
0
0
0
0
0
0
0
0
0
0
0.407843
0.494118
0
0
0
0
0
0
0
0
0
0
0
0
0
0
0
0
0
0.121569
0.847059
0.133333
0
0
0
0
0
0
0
0
0
0
0
0
0
0
0
0
0.219608
0.862745
0.32549
0
0
0
0
0
0
0
0
0
0
0
0
0
0
0
0.192157
0.552941
0.972549
0.752941
0.290196
0
0
0
0
0
0
0
0
0
0
0
0
0
0
0
0.631373
0.521569
0.278431
0.352941
0.796078
0.509804
0
0
0
0
0
0
0
0
0
0
0
0
0
0
0
0
0
0
0.0117647
0.729412
0.4
0
0
0
0
0
0
0
0
0
0
0
0
0
0
0
0
0
0
0.0745098
0.894118
0.0705882
0
0
0
0
0
0
0
0
0
0
0
0
0
0
0
0
0
0
0.772549
0.160784
0
0
0
0
0
0
0
0
0
0
0
0
0
0
0
0
0
0.333333
0.823529
0.0196078
0
0
0
0
0
0
0
0
0
0
0
0
0
0
0
0.0117647
0.470588
0.839216
0.113725
0
0
0
0
0
0
0
0
0
0
0
0
0
0
0
0.0980392
0.72549
0.603922
0.0588235
0
0
0
0
0
0
0
0
0
0
0
0
0
0.392157
0.639216
0.631373
0.854902
0.290196
0
0
0
0
0
0
0
0
0
0
0
0
0
0
0
0.164706
0.305882
0.286275
0.0941176
0
0
0
0
0
0
0
0
0
