0
0
0
0
0
0
0
0
0
0
0
0
0
0
0
0
0
0
0
0
0
0
0
0
0
0
0
0
0
0
0
0
0
0
0
0
0
0
0
0
0
0
0
0
0
0
0
0
0
0
0
0
0
0
0
0
0
0
0
0
0
0
0
0
0
0
0
0
0
0
0
0
0
0
0
0
0
0
0
0
0
0
0
0
0
0
0
0
0
0
0
0
0
0
0
0
0
0
0
0
0
0
0
0
0
0
0
0.227451
0.619608
0.678431
0.486275
0.168627
0
0
0
0
0
0
0
0
0
0
0
0
0
0
0
0.352941
0.333333
0.227451
0.423529
0.843137
0.403922
0
0
0
0
0
0
0
0
0
0
0
0
0
0
0
0
0
0
0.0784314
0.898039
0
0
0
0
0
0
0
0
0
0
0
0
0
0
0
0
0
0
0.0392157
0.92549
0
0
0
0
0
0
0
0
0
0
0
0
0
0
0
0
0
0.129412
0.745098
0.52549
0
0
0
0
0
0
0
0
0
0
0
0
0
0
0
0
0.419608
0.909804
0.823529
0.811765
0.278431
0
0
0
0
0
0
0
0
0
0
0
0
0
0
0
0.054902
0.0235294
0
0.188235
0.776471
0
0
0
0
0
0
0
0
0
0
0
0
0
0
0
0
0
0
0.0627451
0.839216
0
0
0
0
0
0
0
0
0
0
0
0
0
0
0
0
0
0
0.054902
0.839216
0
0
0
0
0
0
0
0
0
0
0
0
0
0
0
0
0
0.00392157
0.572549
0.541176
0
0
0
0
0
0
0
0
0
0
0
0
0
0.454902
0.580392
0.509804
0.537255
0.694118
0.521569
0.0117647
0
0
0
0
0
0
0
0
0
0
0
0
0
0.243137
0.247059
0.180392
0.12549
0.00392157
0
0
0
0
0
0
0
0
0
0
0
0
0
0
0
0
0
0
0
0
0
0
0
0
0
0
0
0
0
0
0
0
0
0
0
0
0
0
0
0
0
0
0
0
0
0
0
0
0
0
0
0
0
0
0
0
0
0
0
0
0
0
0
0
0
0
0
0
