0
0
0
0
0
0
0
0
0
0
0
0
0
0
0
0
0
0
0
0
0
0
0
0
0
0.258824
0.0784314
0.00784314
0.0117647
0.00392157
0
0
0
0
0
0
0
0
0
0
0
0
0
0
0
0.6
0.807843
0.811765
0.870588
0.823529
0.623529
0.133333
0
0
0
0
0
0
0
0
0
0
0
0
0
0
0
0
0
0.0431373
0.337255
0.819608
0.290196
0
0
0
0
0
0
0
0
0
0
0
0
0
0
0
0
0
0
0.145098
0.854902
0.141176
0
0
0
0
0
0
0
0
0
0
0
0
0
0
0
0
0
0
0.301961
0.701961
0
0
0
0
0
0
0
0
0
0
0
0
0
0
0
0
0
0
0
0.866667
0.0588235
0
0
0
0
0
0
0
0
0
0
0
0
0
0
0
0
0
0
0.776471
0.12549
0
0
0
0
0
0
0
0
0
0
0
0
0
0
0
0
0
0
0.788235
0.145098
0
0
0
0
0
0
0
0
0
0
0
0
0
0
0
0
0
0.329412
0.792157
0.00392157
0
0
0
0
0
0
0
0
0
0
0
0
0
0
0.00392157
0.0941176
0.560784
0.839216
0.12549
0
0
0
0
0
0
0
0
0
0
0.00392157
0.623529
0.772549
0.764706
0.788235
0.968627
1
0.968627
0.364706
0
0
0
0
0
0
0
0
0
0
0
0
0.270588
0.270588
0.203922
0.133333
0.101961
0.137255
0.239216
0.705882
0.705882
0.0901961
0
0
0
0
0
0
0
0
0
0
0
0
0
0
0
0
0
0
0.364706
0.854902
0.160784
0
0
0
0
0
0
0
0
0
0
0
0
0
0
0
0
0
0
0.196078
0.854902
0.105882
0
0
0
0
0
0
0
0
0
0
0
0
0
0
0
0
0
0
0.592157
0.356863
0
0
0
0
0
0
0
0
0
0
0
0
0
0
0
0
0
0.027451
0.796078
0.211765
0
0
0
0
0
0
0
0
0
0
0
0
0.00784314
0.0392157
0.141176
0.231373
0.372549
0.776471
0.537255
0
0
0
0
0
0
0
0
0.521569
0.921569
0.905882
0.913725
0.909804
0.898039
0.835294
0.733333
0.666667
0.541176
0.270588
0.00392157
0
0
0
0
0
0
0
0
0.0431373
0.054902
0.0313726
0
0
0
0
0
0
0
0
0
0
0
0
0
