0
0
0
0
0
0
0
0
0
0
0
0
0
0
0
0
0
0
0
0
0
0
0
0
0
0
0
0
0
0
0
0
0
0
0
0
0
0
0
0
0
0
0
0
0
0
0
0
0
0
0
0
0
0
0
0
0
0
0
0
0
0
0
0
0
0
0
0
0
0
0
0
0
0
0
0
0
0
0
0
0
0
0
0
0
0
0
0
0
0
0
0
0
0
0
0
0
0
0
0
0
0
0
0
0
0
0
0
0
0
0
0
0
0
0
0
0
0
0
0
0
0
0
0
0
0
0
0
0
0
0
0
0
0
0
0
0
0
0
0
0
0
0
0
0
0
0
0.654902
0.803922
0.780392
0.823529
0.858824
0.803922
0.054902
0
0
0
0
0
0
0
0
0
0
0
0
0
0.00784314
0.00784314
0.00392157
0.227451
0.686275
0.52549
0
0
0
0
0
0
0
0
0
0
0
0
0
0
0
0
0.388235
0.843137
0.109804
0
0
0
0
0
0
0
0
0
0
0
0
0
0
0
0
0.278431
0.941176
0.203922
0
0
0
0
0
0
0
0
0
0
0
0
0
0
0
0
0
0.00784314
0.192157
0.541176
0.780392
0.419608
0.00392157
0
0
0
0
0
0
0
0
0
0
0
0
0
0
0
0
0
0.121569
0.737255
0.364706
0
0
0
0
0
0
0
0
0
0
0
0
0
0
0
0
0
0.0117647
0.662745
0.447059
0
0
0
0
0
0
0
0
0
0
0
0
0
0
0
0.0392157
0.411765
0.729412
0.576471
0.00392157
0
0
0
0
0
0
0
0
0
0
0
0
0
0
0
0.0862745
0.513726
0.203922
0
0
0
0
0
0
0
0
0
0
0
0
0
0
0
0
0
0
0
0
0
0
0
0
0
0
0
0
0
0
0
0
0
0
0
0
0
0
0
0
0
0
0
0
0
0
0
0
0
0
0
0
0
0
0
0
0
0
0
0
0
0
0
0
0
0
0
0
0
0
0
0
0
0
0
0
0
0
0
0
0
0
0
0
0
0
0
0
