0
0
0
0
0
0
0
0
0
0
0
0
0
0
0
0
0
0
0
0
0
0
0
0
0
0
0
0
0
0
0
0
0
0
0
0
0
0
0
0
0
0
0
0
0
0
0
0
0
0
0
0
0
0
0
0
0
0
0
0
0
0
0
0
0
0.188235
0.603922
0.737255
0.603922
0.839216
0.894118
0.545098
0.0431373
0
0
0
0
0
0
0
0
0
0
0
0.27451
0.839216
0.270588
0.0313726
0
0
0.0117647
0.509804
0.827451
0.141176
0
0
0
0
0
0
0
0
0
0
0.2
0.164706
0
0
0
0
0
0
0.286275
0.807843
0.0117647
0
0
0
0
0
0
0
0
0
0
0
0
0
0
0
0
0
0
0.827451
0.0862745
0
0
0
0
0
0
0
0
0
0
0
0
0
0
0
0
0
0
0.819608
0.0862745
0
0
0
0
0
0
0
0
0
0
0
0
0
0
0
0
0
0.0745098
0.870588
0.0117647
0
0
0
0
0
0
0
0
0
0
0
0
0
0
0
0
0
0.576471
0.447059
0
0
0
0
0
0
0
0
0
0
0
0
0
0
0
0
0.105882
0.619608
0.670588
0.027451
0
0
0
0
0
0
0
0
0
0
0
0.192157
0.505882
0.619608
0.701961
0.745098
0.960784
0.870588
0.403922
0.0235294
0
0
0
0
0
0
0
0
0
0
0
0.231373
0.439216
0.305882
0.243137
0.2
0.188235
0.262745
0.576471
0.772549
0.0862745
0
0
0
0
0
0
0
0
0
0
0
0
0
0
0
0
0
0
0.356863
0.686275
0
0
0
0
0
0
0
0
0
0
0
0
0
0
0
0
0
0
0
0.772549
0.227451
0
0
0
0
0
0
0
0
0
0
0
0
0
0
0
0
0
0
0.356863
0.564706
0
0
0
0
0
0
0
0
0
0
0
0
0
0
0
0
0
0.00392157
0.537255
0.580392
0
0
0
0
0
0
0
0
0.0117647
0.152941
0.227451
0.356863
0.396078
0.529412
0.670588
0.521569
0.768627
0.721569
0.564706
0.0745098
0
0
0
0
0
0
0
0
0.286275
0.831373
0.690196
0.552941
0.333333
0.192157
0.203922
0.0862745
0.0352941
0
0
0
0
0
0
0
0
0
0
0
0
0
0
0
0
0
0
0
0
0
0
0
0
0
0
0
