0
0
0
0
0
0
0
0
0
0
0
0
0
0
0
0
0
0
0
0
0
0
0
0
0
0
0
0
0
0
0
0
0
0
0
0
0
0
0
0
0
0
0
0
0
0
0
0
0
0
0
0
0
0
0
0
0
0
0
0
0
0
0
0
0
0
0
0
0
0
0
0
0
0
0
0
0
0
0
0
0
0
0
0
0
0
0
0
0
0
0
0
0
0
0
0
0
0
0
0
0
0
0
0
0
0
0
0
0
0
0
0
0
0
0
0
0
0
0
0
0
0
0
0
0
0
0
0
0
0
0
0
0
0
0
0
0
0
0
0
0
0
0
0
0
0
0
0.596078
0.580392
0.627451
0.776471
0.92549
0.427451
0
0
0
0
0
0
0
0
0
0
0
0
0
0
0.00784314
0.00392157
0.00392157
0.32549
0.870588
0.141176
0
0
0
0
0
0
0
0
0
0
0
0
0
0
0
0.313726
0.8
0.67451
0.133333
0
0
0
0
0
0
0
0
0
0
0
0
0
0
0
0
0.67451
0.901961
0.776471
0.462745
0.0117647
0
0
0
0
0
0
0
0
0
0
0
0
0
0
0
0
0
0.109804
0.6
0.552941
0
0
0
0
0
0
0
0
0
0
0
0
0
0
0
0
0
0
0.0313726
0.901961
0.00784314
0
0
0
0
0
0
0
0
0
0
0
0
0
0
0
0
0.0745098
0.521569
0.760784
0.00392157
0
0
0
0
0
0
0
0
0
0
0
0
0
0
0
0.00784314
0.866667
0.462745
0.0431373
0
0
0
0
0
0
0
0
0
0
0
0
0
0
0
0
0
0.0352941
0
0
0
0
0
0
0
0
0
0
0
0
0
0
0
0
0
0
0
0
0
0
0
0
0
0
0
0
0
0
0
0
0
0
0
0
0
0
0
0
0
0
0
0
0
0
0
0
0
0
0
0
0
0
0
0
0
0
0
0
0
0
0
0
0
0
0
0
0
0
0
0
0
0
0
0
0
0
0
0
0
0
0
0
0
0
0
0
0
