0
0
0
0
0
0
0
0
0
0
0
0
0
0
0
0
0
0
0
0
0
0
0
0
0
0
0
0
0
0
0
0
0
0
0
0
0
0
0
0
0
0
0
0
0
0
0
0
0
0
0
0
0
0
0
0
0
0
0
0
0
0
0
0
0
0
0
0.305882
0.478431
0.411765
0.137255
0
0
0
0
0
0
0
0
0
0
0
0
0
0
0
0.00784314
0.698039
0.411765
0.501961
0.890196
0.145098
0
0
0
0
0
0
0
0
0
0
0
0
0
0
0
0
0
0
0.211765
0.87451
0.0313726
0
0
0
0
0
0
0
0
0
0
0
0
0
0
0
0
0
0
0.713726
0.145098
0
0
0
0
0
0
0
0
0
0
0
0
0
0
0
0
0
0
0.686275
0.207843
0
0
0
0
0
0
0
0
0
0
0
0
0
0
0
0
0
0.2
0.839216
0.0392157
0
0
0
0
0
0
0
0
0
0
0
0
0
0
0
0.0313726
0.356863
0.92549
0.356863
0
0
0
0
0
0
0
0
0
0
0
0
0
0
0
0
0.298039
0.776471
0.627451
0.8
0.694118
0.0235294
0
0
0
0
0
0
0
0
0
0
0
0
0
0
0
0
0
0
0.556863
0.501961
0
0
0
0
0
0
0
0
0
0
0
0
0
0
0
0
0
0
0.121569
0.796078
0
0
0
0
0
0
0
0
0
0
0
0
0
0
0
0
0
0
0.0784314
0.811765
0
0
0
0
0
0
0
0
0
0
0
0
0
0
0
0
0
0
0.0901961
0.803922
0
0
0
0
0
0
0
0
0
0
0
0
0
0
0
0
0
0
0.435294
0.458824
0
0
0
0
0
0
0
0
0
0
0
0
0
0
0
0
0
0.0941176
0.760784
0.0784314
0
0
0
0
0
0
0
0
0
0
0
0
0
0
0
0
0.160784
0.835294
0.231373
0
0
0
0
0
0
0
0
0
0
0
0
0
0.203922
0.572549
0.686275
0.858824
0.752941
0.27451
0
0
0
0
0
0
0
0
0
0
0
0
0
0
0.164706
0.368627
0.223529
0.0784314
0
0
0
0
0
0
0
0
0
0
