0
0
0
0
0
0
0
0
0
0
0
0
0
0
0
0
0
0
0
0
0
0
0
0
0
0
0
0
0
0
0
0
0
0
0
0
0
0
0
0
0
0
0
0
0
0
0
0
0
0
0
0
0
0
0
0
0
0
0
0
0
0
0
0
0
0
0
0
0
0
0
0
0
0
0
0
0
0
0
0
0
0
0
0
0
0
0
0.00392157
0.129412
0.192157
0.12549
0.0352941
0
0
0
0
0
0
0
0
0
0
0
0
0
0
0.0431373
0.733333
0.780392
0.658824
0.564706
0.898039
0.294118
0
0
0
0
0
0
0
0
0
0
0
0
0
0.101961
0.423529
0
0
0
0.0862745
0.756863
0.141176
0
0
0
0
0
0
0
0
0
0
0
0
0
0
0
0
0
0
0.211765
0.576471
0
0
0
0
0
0
0
0
0
0
0
0
0
0
0
0
0
0
0
0.807843
0.0392157
0
0
0
0
0
0
0
0
0
0
0
0
0
0
0
0
0
0.0235294
0.721569
0.0352941
0
0
0
0
0
0
0
0
0
0
0
0
0
0
0
0
0.0392157
0.619608
0.435294
0
0
0
0
0
0
0
0
0
0
0
0
0
0
0
0.0392157
0.52549
0.894118
0.713726
0.0980392
0
0
0
0
0
0
0
0
0
0
0
0
0
0
0
0.0862745
0.552941
0.533333
0.568627
0.886275
0.294118
0
0
0
0
0
0
0
0
0
0
0
0
0
0
0
0
0
0
0.427451
0.490196
0
0
0
0
0
0
0
0
0
0
0
0
0
0
0
0
0
0
0.701961
0.266667
0
0
0
0
0
0
0
0
0
0
0
0
0
0
0
0
0
0.290196
0.772549
0
0
0
0
0
0
0
0
0
0
0
0
0
0
0
0
0
0.290196
0.858824
0.141176
0
0
0
0
0
0
0
0
0
0
0
0
0
0.392157
0.443137
0.478431
0.647059
0.827451
0.137255
0
0
0
0
0
0
0
0
0
0
0
0
0
0.00392157
0.458824
0.447059
0.403922
0.27451
0.0352941
0
0
0
0
0
0
0
0
0
0
0
0
0
0
0
0
0
0
0
0
0
0
0
0
0
0
0
0
