0
0
0
0
0
0
0
0
0
0
0
0
0
0
0
0
0
0
0
0
0
0
0
0
0
0
0
0
0
0
0
0
0
0
0
0
0
0
0
0
0
0
0
0
0
0
0
0
0
0
0
0
0
0
0
0
0
0
0
0
0
0
0
0
0.054902
0.439216
0.501961
0.501961
0.27451
0.388235
0.533333
0.396078
0.0980392
0
0
0
0
0
0
0
0
0
0
0
0.0705882
0.466667
0.305882
0.301961
0.145098
0.219608
0.341176
0.513726
0.878431
0.231373
0
0
0
0
0
0
0
0
0
0
0
0
0
0
0
0
0
0
0.196078
0.870588
0.00392157
0
0
0
0
0
0
0
0
0
0
0
0
0
0
0
0
0
0
0.890196
0.0235294
0
0
0
0
0
0
0
0
0
0
0
0
0
0
0
0
0
0
0.886275
0.00392157
0
0
0
0
0
0
0
0
0
0
0
0
0
0
0
0
0
0.262745
0.772549
0
0
0
0
0
0
0
0
0
0
0
0
0
0
0
0
0
0.0627451
0.839216
0.121569
0
0
0
0
0
0
0
0
0
0
0
0
0
0
0
0
0.109804
0.792157
0.392157
0
0
0
0
0
0
0
0
0
0
0
0
0
0.360784
0.701961
0.878431
0.890196
0.988235
0.972549
0.8
0.745098
0.505882
0.027451
0
0
0
0
0
0
0
0
0
0
0.439216
0.411765
0.364706
0.164706
0.0117647
0.0117647
0.0901961
0.152941
0.623529
0.462745
0
0
0
0
0
0
0
0
0
0
0
0
0
0
0
0
0
0
0.341176
0.541176
0
0
0
0
0
0
0
0
0
0
0
0
0
0
0
0
0
0
0.337255
0.533333
0
0
0
0
0
0
0
0
0
0
0
0
0
0
0
0
0
0
0.564706
0.333333
0
0
0
0
0
0
0
0
0
0
0
0
0
0
0
0
0
0.141176
0.819608
0.0588235
0
0
0
0
0
0
0
0
0
0
0
0
0
0
0
0.0901961
0.403922
0.835294
0.239216
0
0
0
0
0
0
0
0
0
0.207843
0.486275
0.466667
0.478431
0.486275
0.545098
0.788235
0.627451
0.360784
0.0705882
0
0
0
0
0
0
0
0
0
0
0.345098
0.490196
0.4
0.411765
0.419608
0.392157
0.0745098
0
0
0
0
0
0
0
0
0
