0
0
0
0
0
0
0
0
0
0
0
0
0
0
0
0
0
0
0
0
0
0
0
0
0
0
0
0
0
0
0
0
0
0
0
0
0
0
0
0
0
0
0
0.172549
0.443137
0.529412
0.537255
0.537255
0.533333
0.501961
0.466667
0.427451
0.294118
0.141176
0.00392157
0
0
0
0
0
0
0
0
0.486275
0.494118
0.364706
0.337255
0.337255
0.333333
0.301961
0.356863
0.498039
0.501961
0.752941
0.878431
0.380392
0
0
0
0
0
0
0
0
0
0
0
0
0
0
0
0
0
0
0.156863
0.843137
0
0
0
0
0
0
0
0
0
0
0
0
0
0
0
0
0
0
0
0.87451
0
0
0
0
0
0
0
0
0
0
0
0
0
0
0
0
0
0
0.0235294
0.878431
0
0
0
0
0
0
0
0
0
0
0
0
0
0
0
0
0
0
0.333333
0.643137
0
0
0
0
0
0
0
0
0
0
0
0
0
0
0
0
0
0.0352941
0.819608
0.188235
0
0
0
0
0
0
0
0
0
0
0
0
0
0
0
0
0
0.631373
0.501961
0
0
0
0
0
0
0
0
0
0
0
0
0
0
0
0.00392157
0.0941176
0.658824
0.647059
0.00392157
0
0
0
0
0
0
0
0
0
0
0
0.164706
0.576471
0.752941
0.886275
0.921569
0.937255
0.964706
0.376471
0
0
0
0
0
0
0
0
0
0
0
0
0.164706
0.486275
0.309804
0.0901961
0.00784314
0
0.101961
0.835294
0.247059
0
0
0
0
0
0
0
0
0
0
0
0
0
0
0
0
0
0
0.141176
0.780392
0.0117647
0
0
0
0
0
0
0
0
0
0
0
0
0
0
0
0
0
0
0.529412
0.368627
0
0
0
0
0
0
0
0
0
0
0
0
0
0
0
0
0
0
0.247059
0.678431
0
0
0
0
0
0
0
0
0
0
0
0
0
0
0
0
0
0.0627451
0.713726
0.368627
0
0
0
0
0
0
0
0
0
0
0
0
0
0
0.0117647
0.133333
0.407843
0.796078
0.333333
0
0
0
0
0
0
0
0
0
0.105882
0.368627
0.313726
0.458824
0.592157
0.8
0.827451
0.67451
0.509804
0.0352941
0
0
0
0
0
0
0
0
0
0
0.223529
0.572549
0.513726
0.352941
0.0745098
0.0392157
0
0
0
0
0
0
0
0
0
0
