0
0
0
0
0
0
0
0
0
0
0
0
0
0
0
0
0
0
0
0
0
0
0
0
0
0
0
0
0
0
0
0
0
0
0
0
0
0
0
0
0
0
0
0
0
0
0
0
0
0
0
0
0
0
0
0
0
0
0
0
0
0
0
0
0
0
0
0.0784314
0.564706
0.611765
0.337255
0
0
0
0
0
0
0
0
0
0
0
0
0
0
0
0.0588235
0.780392
0.486275
0.286275
0.772549
0.341176
0
0
0
0
0
0
0
0
0
0
0
0
0
0
0.321569
0.631373
0
0
0.129412
0.843137
0.00392157
0
0
0
0
0
0
0
0
0
0
0
0
0
0.0117647
0.0627451
0
0
0
0.745098
0.109804
0
0
0
0
0
0
0
0
0
0
0
0
0
0
0
0
0
0
0.709804
0.176471
0
0
0
0
0
0
0
0
0
0
0
0
0
0
0
0
0
0
0.756863
0.196078
0
0
0
0
0
0
0
0
0
0
0
0
0
0
0
0
0
0.427451
0.713726
0.00784314
0
0
0
0
0
0
0
0
0
0
0
0
0
0
0
0
0.407843
0.776471
0.0666667
0
0
0
0
0
0
0
0
0
0
0
0
0
0
0
0
0.301961
0.956863
0.72549
0.658824
0.298039
0.0313726
0
0
0
0
0
0
0
0
0
0
0
0
0
0
0
0
0
0.00392157
0.447059
0.803922
0.0235294
0
0
0
0
0
0
0
0
0
0
0
0
0
0
0
0
0
0
0.670588
0.270588
0
0
0
0
0
0
0
0
0
0
0
0
0
0
0
0
0
0
0.698039
0.239216
0
0
0
0
0
0
0
0
0
0
0
0
0
0
0
0
0
0.141176
0.709804
0
0
0
0
0
0
0
0
0
0
0
0
0
0
0
0
0
0.160784
0.854902
0.219608
0
0
0
0
0
0
0
0
0
0
0
0
0
0.0352941
0.741176
0.647059
0.701961
0.796078
0.243137
0
0
0
0
0
0
0
0
0
0
0
0
0
0
0
0.141176
0.101961
0.0745098
0.00392157
0
0
0
0
0
0
0
0
0
0
0
0
0
0
0
0
0
0
0
0
0
0
0
0
0
0
0
0
