0
0
0
0
0
0
0
0
0
0
0
0
0
0
0
0
0
0
0
0
0
0
0
0
0
0
0
0
0
0
0
0
0
0
0
0
0
0
0
0
0
0
0
0
0
0
0
0
0
0
0
0
0
0
0
0
0
0
0
0
0
0
0
0
0
0
0
0
0
0
0
0
0
0
0
0
0
0
0
0
0
0
0
0
0
0
0
0
0
0
0
0
0
0
0
0
0
0
0
0
0
0
0
0
0
0
0
0
0
0
0
0
0
0
0
0
0
0
0
0
0
0
0
0
0
0
0
0
0
0
0
0
0
0
0
0
0
0
0
0
0
0
0
0
0
0
0
0
0
0
0
0
0.454902
0.0352941
0
0
0
0
0
0
0
0
0
0
0
0
0
0
0.00392157
0.737255
0.0392157
0.00392157
0.858824
0.0470588
0
0
0
0
0
0
0
0
0
0
0
0
0
0
0
0.396078
0.32549
0.243137
0.478431
0
0
0
0
0
0
0
0
0
0
0
0
0
0
0
0
0
0.713726
0.745098
0.0352941
0
0
0
0
0
0
0
0
0
0
0
0
0
0
0
0
0.0313726
0.560784
0.854902
0.0784314
0
0
0
0
0
0
0
0
0
0
0
0
0
0
0
0.0235294
0.796078
0.368627
0.423529
0.788235
0.0392157
0
0
0
0
0
0
0
0
0
0
0
0
0
0
0.176471
0.541176
0
0
0.396078
0.0862745
0
0
0
0
0
0
0
0
0
0
0
0
0
0
0
0
0
0
0
0
0
0
0
0
0
0
0
0
0
0
0
0
0
0
0
0
0
0
0
0
0
0
0
0
0
0
0
0
0
0
0
0
0
0
0
0
0
0
0
0
0
0
0
0
0
0
0
0
0
0
0
0
0
0
0
0
0
0
0
0
0
0
0
0
0
0
0
0
0
0
0
0
0
0
0
0
0
0
0
0
0
0
0
0
0
0
0
0
0
0
0
0
0
0
0
0
0
0
0
0
0
0
0
0
0
0
