0
0
0
0
0
0
0
0
0
0
0
0
0
0
0
0
0
0
0
0
0
0
0
0
0
0
0
0
0
0
0
0
0
0
0
0
0
0
0
0
0
0
0
0
0
0
0
0
0
0
0
0
0
0
0
0
0
0
0
0
0
0
0
0
0
0
0
0
0
0
0
0
0
0
0
0
0
0
0
0
0
0
0
0
0
0
0
0
0
0
0
0
0
0
0
0
0
0
0
0
0
0
0
0
0
0
0
0
0.00784314
0.290196
0.286275
0.262745
0.258824
0.247059
0.0117647
0
0
0
0
0
0
0
0
0
0
0
0
0.0117647
0.690196
0.686275
0.47451
0.462745
0.447059
0.647059
0.811765
0.0117647
0
0
0
0
0
0
0
0
0
0
0
0.203922
0.737255
0
0
0
0
0
0.819608
0.0862745
0
0
0
0
0
0
0
0
0
0
0
0.133333
0.827451
0.00392157
0
0
0
0
0.866667
0.0666667
0
0
0
0
0
0
0
0
0
0
0
0
0.686275
0.458824
0
0
0
0.4
0.698039
0
0
0
0
0
0
0
0
0
0
0
0
0
0.0588235
0.741176
0.368627
0.054902
0.364706
0.835294
0.054902
0
0
0
0
0
0
0
0
0
0
0
0
0
0
0.0117647
0.239216
0.894118
0.878431
0.141176
0
0
0
0
0
0
0
0
0
0
0
0
0
0
0
0.0313726
0.596078
0.870588
0.92549
0.458824
0
0
0
0
0
0
0
0
0
0
0
0
0
0
0.0235294
0.658824
0.470588
0.0117647
0.054902
0.796078
0.168627
0
0
0
0
0
0
0
0
0
0
0
0
0
0.658824
0.501961
0
0
0
0.223529
0.772549
0
0
0
0
0
0
0
0
0
0
0
0
0.0235294
0.929412
0.00392157
0
0
0
0.027451
0.929412
0.0196078
0
0
0
0
0
0
0
0
0
0
0
0
0.658824
0.470588
0.0117647
0.00784314
0.219608
0.713726
0.552941
0
0
0
0
0
0
0
0
0
0
0
0
0
0.0431373
0.709804
0.866667
0.831373
0.654902
0.360784
0.00392157
0
0
0
0
0
0
0
0
0
0
0
0
0
0
0
0
0
0
0
0
0
0
0
0
0
0
0
0
0
0
0
0
0
0
0
0
0
0
0
0
0
0
0
0
0
