0
0
0
0
0
0
0
0
0
0
0
0
0
0
0
0
0
0
0
0
0
0
0
0
0
0
0
0
0
0
0
0
0
0
0
0
0
0
0
0
0
0
0
0
0
0
0
0
0
0
0
0
0
0
0
0
0
0
0
0
0
0
0
0
0
0
0
0
0
0
0
0
0
0
0
0
0
0
0
0
0
0
0
0
0
0
0
0
0
0
0
0
0
0
0
0
0
0
0
0
0
0
0
0
0
0
0
0
0
0
0
0
0
0
0
0
0
0
0
0
0
0
0
0
0
0
0
0
0
0
0
0
0
0
0
0
0
0
0
0
0
0
0
0
0
0
0
0
0
0
0
0.0352941
0
0
0
0
0
0
0
0
0
0
0
0
0
0
0
0
0
0.027451
0.670588
1
0.839216
0.439216
0.101961
0
0
0
0
0
0
0
0
0
0
0
0
0
0.0588235
0.678431
0.858824
0.623529
0.639216
1
0.321569
0
0
0
0
0
0
0
0
0
0
0
0.0431373
0.490196
0.890196
0.92549
0.321569
0
0.0117647
0.996078
0.462745
0
0
0
0
0
0
0
0
0
0
0.0705882
0.803922
0.552941
0.0627451
0.862745
0.109804
0
0.129412
0.945098
0.752941
0.0745098
0
0
0
0
0
0
0
0
0
0.054902
0.27451
0
0
0.427451
0.854902
0.529412
0.819608
0.388235
0.698039
0.690196
0
0
0
0
0
0
0
0
0
0
0
0
0
0
0.137255
0.4
0.247059
0
0
0
0
0
0
0
0
0
0
0
0
0
0
0
0
0
0
0
0
0
0
0
0
0
0
0
0
0
0
0
0
0
0
0
0
0
0
0
0
0
0
0
0
0
0
0
0
0
0
0
0
0
0
0
0
0
0
0
0
0
0
0
0
0
0
0
0
0
0
0
0
0
0
0
0
0
0
0
0
0
0
0
0
0
0
0
0
0
0
0
0
0
0
0
0
0
0
0
0
0
0
0
0
0
0
0
0
0
0
0
0
0
0
0
0
0
0
0
0
0
0
0
0
0
0
0
