0
0
0
0
0
0
0
0
0
0
0
0
0
0
0
0
0
0
0
0
0
0
0
0
0
0
0
0
0
0
0
0
0
0
0
0
0
0
0
0
0
0
0
0
0
0
0
0
0
0
0
0
0
0
0
0
0
0
0
0
0
0
0
0
0
0
0
0
0
0
0
0
0
0
0
0
0
0
0
0
0
0
0
0
0
0
0
0
0
0
0
0
0
0
0
0
0
0
0
0
0
0
0
0
0
0
0
0
0
0
0
0
0
0
0
0
0
0
0
0
0
0
0
0
0
0
0
0
0
0
0
0
0
0
0
0
0
0
0
0
0
0
0
0
0
0
0
0
0
0
0
0
0
0
0
0
0
0
0
0
0
0
0
0
0
0
0
0
0
0.356863
0.32549
0.113725
0.00392157
0
0
0
0
0
0
0
0
0
0
0
0
0
0.0235294
0.294118
0.603922
0.92549
0.619608
0.964706
0.937255
0.231373
0
0
0
0
0
0
0
0
0
0
0
0
0.313726
0.729412
0.964706
0.878431
0.843137
0.898039
1
0.286275
0
0
0
0
0
0
0
0
0
0
0
0
0
0
0.929412
0.113725
0.172549
0.803922
0.694118
0.803922
0.329412
0.0784314
0
0
0
0
0
0
0
0
0
0
0
0
0.47451
0.823529
0.8
0.341176
0
0.231373
0.596078
0.47451
0
0
0
0
0
0
0
0
0
0
0
0
0
0
0
0
0
0
0
0
0
0
0
0
0
0
0
0
0
0
0
0
0
0
0
0
0
0
0
0
0
0
0
0
0
0
0
0
0
0
0
0
0
0
0
0
0
0
0
0
0
0
0
0
0
0
0
0
0
0
0
0
0
0
0
0
0
0
0
0
0
0
0
0
0
0
0
0
0
0
0
0
0
0
0
0
0
0
0
0
0
0
0
0
0
0
0
0
0
0
0
0
0
0
0
0
0
0
0
0
0
0
0
0
0
0
0
0
0
0
0
0
0
0
0
0
0
0
0
0
0
0
0
0
