0
0
0
0
0
0
0
0
0
0
0
0
0
0
0
0
0
0
0
0
0
0
0
0
0
0
0
0
0
0
0
0
0
0
0
0
0
0
0
0
0
0
0
0
0
0
0
0
0
0
0
0
0
0
0
0
0
0
0
0
0
0
0
0
0
0
0
0
0
0
0
0
0
0
0
0
0
0
0
0
0
0
0
0
0
0
0
0
0
0
0
0
0
0
0
0
0
0
0
0
0
0
0
0
0
0
0
0
0
0
0
0
0
0
0
0
0
0
0
0
0
0
0
0
0
0
0
0
0
0
0
0
0
0
0
0
0
0
0
0
0
0
0
0
0
0
0
0
0
0
0
0
0
0
0
0
0
0
0
0
0
0
0
0
0
0
0
0
0
0
0.0470588
0.819608
0.792157
0.301961
0
0
0
0
0
0
0
0
0
0
0
0
0
0
0.0901961
0.552941
0.890196
0.854902
0.627451
0.968627
0.180392
0
0
0
0
0
0
0
0
0
0
0
0
0.176471
0.862745
0.447059
0.0941176
0
0.576471
0.647059
0
0
0
0
0
0
0
0
0
0
0
0
0.0627451
0.843137
0.243137
0
0.0392157
0.564706
0.960784
0.588235
0.101961
0.0352941
0
0
0
0
0
0
0
0
0
0
0.290196
0.968627
0.878431
0.6
0.772549
0.513726
0.121569
0.658824
0.835294
0.454902
0
0
0
0
0
0
0
0
0
0
0
0.0196078
0.0117647
0.00392157
0
0
0
0
0
0
0
0
0
0
0
0
0
0
0
0
0
0
0
0
0
0
0
0
0
0
0
0
0
0
0
0
0
0
0
0
0
0
0
0
0
0
0
0
0
0
0
0
0
0
0
0
0
0
0
0
0
0
0
0
0
0
0
0
0
0
0
0
0
0
0
0
0
0
0
0
0
0
0
0
0
0
0
0
0
0
0
0
0
0
0
0
0
0
0
0
0
0
0
0
0
0
0
0
0
0
0
0
0
0
0
0
0
0
0
0
0
0
0
0
0
0
0
0
0
0
0
0
0
0
