0
0
0
0
0
0
0
0
0
0
0
0
0
0
0
0
0
0
0
0
0
0
0
0
0
0
0
0
0
0
0
0
0
0
0
0
0
0
0
0
0
0
0
0
0
0
0
0
0
0
0
0
0
0
0
0
0
0
0
0
0
0
0
0
0
0
0
0
0
0
0
0
0
0
0
0
0
0
0
0
0
0
0
0
0
0
0
0
0
0
0
0
0
0
0
0
0
0
0
0
0
0
0
0
0
0
0
0
0
0
0
0
0
0
0
0
0
0
0
0
0
0
0
0
0
0
0
0
0
0
0
0
0
0
0
0
0
0
0
0
0
0
0
0
0
0
0
0
0
0
0
0
0
0
0
0
0
0
0
0
0
0
0
0
0
0
0
0
0
0
0.0313726
0.0705882
0.00784314
0
0
0
0
0
0
0
0
0
0
0
0
0
0
0
0
0.447059
0.866667
0.819608
0.866667
0.243137
0.0352941
0
0
0
0
0
0
0
0
0
0
0
0
0.368627
0.847059
0.870588
0.160784
0
0.427451
0.592157
0.87451
0
0
0
0
0
0
0
0
0
0.00392157
0.368627
0.588235
0.427451
0.764706
0.305882
0
0.00392157
0.643137
0.776471
0.533333
0
0
0
0
0
0
0
0
0
0.0862745
0.623529
0.12549
0
0.627451
0.87451
0.87451
0.890196
0.647059
0.266667
0.898039
0.478431
0
0
0
0
0
0
0
0
0
0
0
0
0
0.00784314
0.00784314
0.00392157
0
0
0.0941176
0.133333
0
0
0
0
0
0
0
0
0
0
0
0
0
0
0
0
0
0
0
0
0
0
0
0
0
0
0
0
0
0
0
0
0
0
0
0
0
0
0
0
0
0
0
0
0
0
0
0
0
0
0
0
0
0
0
0
0
0
0
0
0
0
0
0
0
0
0
0
0
0
0
0
0
0
0
0
0
0
0
0
0
0
0
0
0
0
0
0
0
0
0
0
0
0
0
0
0
0
0
0
0
0
0
0
0
0
0
0
0
0
0
0
0
0
0
0
0
0
0
0
0
0
0
0
