0
0
0
0
0
0
0
0
0
0
0
0
0
0
0
0
0
0
0
0
0
0
0
0
0
0
0
0
0
0
0
0
0
0
0
0
0
0
0
0
0
0
0
0
0
0
0
0
0
0
0
0
0
0
0
0
0
0
0
0
0
0
0
0
0
0
0
0
0
0
0
0
0
0
0
0
0
0
0
0
0
0
0
0
0
0
0
0
0
0
0
0
0
0
0
0
0
0
0
0
0
0
0
0
0
0
0
0
0
0
0
0
0
0
0
0
0
0
0
0
0
0
0
0
0
0
0
0
0
0
0
0
0
0
0
0
0
0
0
0
0
0
0
0
0
0
0
0
0
0
0
0
0
0
0
0
0
0
0
0
0
0
0
0
0
0
0
0
0.0666667
0.776471
0.823529
0.686275
0.0980392
0
0
0
0
0
0
0
0
0
0
0
0
0
0
0
0.192157
0.662745
0.470588
0.760784
0.67451
0
0
0
0
0
0
0
0
0
0
0
0
0
0
0.0627451
0.905882
0.486275
0.337255
0.556863
0.976471
0.0313726
0
0
0
0
0
0
0
0
0
0
0
0
0
0.176471
0.780392
0
0
0.0431373
0.980392
0.164706
0
0
0
0
0
0
0
0
0
0
0
0
0
0.0313726
0.862745
0.321569
0.137255
0.639216
0.788235
0.839216
0.592157
0.141176
0
0
0
0
0
0
0
0
0
0
0
0
0.168627
0.686275
0.792157
0.462745
0.0117647
0.235294
0.372549
0.0627451
0
0
0
0
0
0
0
0
0
0
0
0
0
0
0
0
0
0
0
0
0
0
0
0
0
0
0
0
0
0
0
0
0
0
0
0
0
0
0
0
0
0
0
0
0
0
0
0
0
0
0
0
0
0
0
0
0
0
0
0
0
0
0
0
0
0
0
0
0
0
0
0
0
0
0
0
0
0
0
0
0
0
0
0
0
0
0
0
0
0
0
0
0
0
0
0
0
0
0
0
0
0
0
0
0
0
0
0
0
0
0
0
0
0
0
0
0
0
0
0
0
0
0
0
