0
0
0
0
0
0
0
0
0
0
0
0
0
0
0
0
0
0
0
0
0
0
0
0
0
0
0
0
0
0
0
0
0
0
0
0
0
0
0
0
0
0
0
0
0
0
0
0
0
0
0
0
0
0
0
0
0
0
0
0
0
0
0
0
0
0
0
0
0
0
0
0
0
0
0
0
0
0
0
0
0
0
0
0
0
0
0
0
0
0
0
0
0
0
0
0
0
0
0
0
0
0
0
0
0
0
0
0
0
0
0
0
0
0
0
0
0
0
0
0
0
0
0
0
0
0
0
0
0.0196078
0.780392
0.643137
0.192157
0
0
0
0
0
0
0
0
0
0
0
0
0
0
0
0
0
0.227451
0.360784
0.870588
0.376471
0
0
0
0
0
0
0
0
0
0
0
0
0
0
0
0
0.32549
0.494118
0.192157
0.956863
0
0
0
0
0
0
0
0
0
0
0
0
0
0
0
0.423529
0.803922
0.505882
0.898039
0.976471
0
0
0
0
0
0
0
0
0
0
0
0
0
0
0.0431373
0.909804
0.0784314
0
0.278431
0.905882
0.00392157
0
0
0
0
0
0
0
0
0
0
0
0
0
0.0588235
0.87451
0.0117647
0
0.313726
0.972549
0.12549
0
0
0
0
0
0
0
0
0
0
0
0
0
0
0.596078
0.619608
0.0470588
0.109804
0.913725
0.905882
0.176471
0
0
0
0
0
0
0
0
0
0
0
0
0
0.0117647
0.513726
0.905882
0.901961
0.376471
0.0470588
0.00392157
0
0
0
0
0
0
0
0
0
0
0
0
0
0
0
0.00784314
0.00784314
0
0
0
0
0
0
0
0
0
0
0
0
0
0
0
0
0
0
0
0
0
0
0
0
0
0
0
0
0
0
0
0
0
0
0
0
0
0
0
0
0
0
0
0
0
0
0
0
0
0
0
0
0
0
0
0
0
0
0
0
0
0
0
0
0
0
0
0
0
0
0
0
0
0
0
0
0
0
0
0
0
0
0
0
0
0
0
0
0
0
0
0
0
0
0
0
0
0
0
0
0
0
0
0
0
0
0
0
