0
0
0
0
0
0
0
0
0
0
0
0
0
0
0
0
0
0
0
0
0
0
0
0
0
0
0
0
0
0
0
0
0
0
0
0
0
0
0
0
0
0
0
0
0
0
0
0
0
0
0
0
0
0
0
0
0
0
0
0
0
0
0
0
0
0
0
0
0
0
0
0
0
0
0
0
0
0
0
0
0
0
0
0
0
0
0
0
0
0
0
0
0
0
0
0
0
0
0
0
0
0
0
0
0
0
0
0
0
0
0
0
0
0
0
0
0
0
0
0
0
0
0
0
0
0
0
0
0
0
0
0
0
0
0
0
0
0
0
0
0
0
0
0
0
0
0
0
0
0
0
0.12549
0.027451
0
0
0
0
0
0
0
0
0
0
0
0
0
0
0
0
0
0.231373
0.933333
0.854902
0.364706
0
0
0
0
0
0
0
0
0
0
0
0
0
0
0.0705882
0.72549
0.992157
0.372549
0.0941176
0.933333
0.0941176
0
0
0
0
0
0
0
0
0
0
0
0
0.196078
0.847059
0.368627
0.866667
0.00392157
0
0.905882
0.12549
0
0
0
0
0
0
0
0
0
0
0
0.0941176
0.913725
0.2
0.0941176
0.854902
0
0.203922
0.941176
0.905882
0.352941
0
0
0
0
0
0
0
0
0
0
0.0313726
0.298039
0
0
0.639216
0.847059
0.878431
0.270588
0.0784314
0.0862745
0
0
0
0
0
0
0
0
0
0
0
0
0
0
0
0.054902
0.105882
0
0
0
0
0
0
0
0
0
0
0
0
0
0
0
0
0
0
0
0
0
0
0
0
0
0
0
0
0
0
0
0
0
0
0
0
0
0
0
0
0
0
0
0
0
0
0
0
0
0
0
0
0
0
0
0
0
0
0
0
0
0
0
0
0
0
0
0
0
0
0
0
0
0
0
0
0
0
0
0
0
0
0
0
0
0
0
0
0
0
0
0
0
0
0
0
0
0
0
0
0
0
0
0
0
0
0
0
0
0
0
0
0
0
0
0
0
0
0
0
0
0
0
0
0
0
0
