0
0
0
0
0
0
0
0
0
0
0
0
0
0
0
0
0
0
0
0
0
0
0
0
0
0
0
0
0
0
0
0
0
0
0
0
0
0
0
0
0
0
0
0
0
0
0
0
0
0
0
0
0
0
0
0
0
0
0
0
0
0
0
0
0
0
0
0
0
0
0
0
0
0
0
0
0
0
0
0
0
0
0
0
0
0
0
0
0
0
0
0
0
0
0
0
0
0
0
0
0
0
0
0
0
0
0
0
0
0
0
0
0.0588235
0
0
0
0
0
0
0
0
0
0
0
0
0
0
0
0
0.0117647
0.309804
0.364706
0.956863
0.137255
0
0
0
0
0
0
0
0
0
0
0
0
0
0
0.0666667
0.764706
0.678431
0.537255
0.760784
0.607843
0
0
0
0
0
0
0
0
0
0
0
0
0
0
0.611765
0.435294
0
0.470588
0.564706
0.745098
0
0
0
0
0
0
0
0
0
0
0
0
0
0
0.807843
0.0980392
0
0.352941
0.839216
0.478431
0
0
0
0
0
0
0
0
0
0
0
0
0
0
0.603922
0.752941
0.619608
0.568627
0.737255
0
0
0
0
0
0
0
0
0
0
0
0
0
0
0
0.0117647
0.211765
0.278431
0.141176
0.819608
0
0
0
0
0
0
0
0
0
0
0
0
0
0
0
0
0
0
0
0.878431
0.00784314
0
0
0
0
0
0
0
0
0
0
0
0
0
0
0
0
0
0
0.811765
0.0784314
0
0
0
0
0
0
0
0
0
0
0
0
0
0
0
0
0
0
0.803922
0.0705882
0
0
0
0
0
0
0
0
0
0
0
0
0
0
0
0.176471
0.803922
0.87451
0.866667
0.0470588
0
0
0
0
0
0
0
0
0
0
0
0
0
0
0
0.00392157
0.133333
0.00784314
0
0
0
0
0
0
0
0
0
0
0
0
0
0
0
0
0
0
0
0
0
0
0
0
0
0
0
0
0
0
0
0
0
0
0
0
0
0
0
0
0
0
0
0
0
0
0
0
0
0
0
0
0
0
0
0
0
0
0
0
0
0
0
0
0
0
0
0
