0
0
0
0
0
0
0
0
0
0
0
0
0
0
0
0
0
0
0
0
0
0
0
0
0
0
0
0
0
0
0
0
0
0
0
0
0
0
0
0
0
0
0
0
0
0
0
0
0
0
0
0
0
0
0
0
0
0
0
0
0
0
0
0
0
0
0
0
0
0
0
0
0
0
0
0
0
0
0
0
0
0
0
0
0
0
0
0
0
0
0
0
0
0
0
0
0
0
0
0
0
0
0
0
0
0
0
0
0
0
0
0
0
0
0
0
0
0
0
0
0
0
0
0
0
0
0
0
0
0.00392157
0.341176
0.305882
0
0
0
0
0
0
0
0
0
0
0
0
0
0
0
0
0
0.411765
0.686275
0.698039
0.588235
0
0
0
0
0
0
0
0
0
0
0
0
0
0
0
0.207843
0.592157
0.00784314
0.109804
0.87451
0
0
0
0
0
0
0
0
0
0
0
0
0
0
0
0.6
0.309804
0
0.2
0.854902
0
0
0
0
0
0
0
0
0
0
0
0
0
0
0
0.556863
0.380392
0
0.309804
0.658824
0
0
0
0
0
0
0
0
0
0
0
0
0
0
0
0.137255
0.862745
0.572549
0.792157
0.607843
0
0
0
0
0
0
0
0
0
0
0
0
0
0
0
0
0.0784314
0.376471
0.521569
0.521569
0
0
0
0
0
0
0
0
0
0
0
0
0
0
0
0
0
0
0.270588
0.603922
0
0
0
0
0
0
0
0
0
0
0
0
0
0
0
0
0
0
0.27451
0.607843
0
0
0
0
0
0
0
0
0
0
0
0
0
0
0
0
0
0
0.219608
0.552941
0
0
0
0
0
0
0
0
0
0
0
0
0
0
0
0
0
0
0.27451
0.607843
0
0
0
0
0
0
0
0
0
0
0
0
0
0
0
0
0
0
0.203922
0.47451
0
0
0
0
0
0
0
0
0
0
0
0
0
0
0
0
0
0
0
0
0
0
0
0
0
0
0
0
0
0
0
0
0
0
0
0
0
0
0
0
0
0
0
0
0
0
0
