0
0
0
0
0
0
0
0
0
0
0
0
0
0
0
0
0
0
0
0
0
0
0
0
0
0
0
0
0
0
0
0
0
0
0
0
0
0
0
0
0
0
0
0
0
0
0
0
0
0
0
0
0
0
0
0
0
0
0
0
0
0
0
0
0
0
0
0
0
0
0
0
0
0
0
0
0
0
0
0
0
0
0
0
0
0
0
0
0
0
0
0
0
0
0
0
0
0
0
0
0
0
0
0
0
0
0
0
0
0
0
0
0
0
0
0
0
0
0
0
0
0
0
0
0
0
0
0
0
0
0
0
0
0
0
0
0
0
0
0
0
0
0
0
0
0
0
0
0
0
0
0
0.0862745
0.290196
0
0
0
0
0
0
0
0
0
0
0
0
0
0
0.321569
0.054902
0
0.0666667
0.827451
0.423529
0
0
0
0
0
0
0
0
0
0
0
0
0
0
0.407843
0.807843
0.145098
0.686275
0.407843
0
0
0
0
0
0
0
0
0
0
0
0
0
0
0
0
0.298039
0.952941
0.537255
0
0
0
0
0
0
0
0
0
0
0
0
0
0
0
0
0.00784314
0.603922
0.756863
0.760784
0.121569
0
0
0
0
0
0
0
0
0
0
0
0
0
0
0.0627451
0.796078
0.596078
0.0117647
0.286275
0.823529
0.223529
0
0
0
0
0
0
0
0
0
0
0
0
0
0.0117647
0.203922
0
0
0
0.172549
0.427451
0
0
0
0
0
0
0
0
0
0
0
0
0
0
0
0
0
0
0
0
0
0
0
0
0
0
0
0
0
0
0
0
0
0
0
0
0
0
0
0
0
0
0
0
0
0
0
0
0
0
0
0
0
0
0
0
0
0
0
0
0
0
0
0
0
0
0
0
0
0
0
0
0
0
0
0
0
0
0
0
0
0
0
0
0
0
0
0
0
0
0
0
0
0
0
0
0
0
0
0
0
0
0
0
0
0
0
0
0
0
0
0
0
0
0
0
0
0
0
0
0
0
0
0
0
0
