0
0
0
0
0
0
0
0
0
0
0
0
0
0
0
0
0
0
0
0
0
0
0
0
0
0
0
0
0
0
0
0
0
0
0
0
0
0
0
0
0
0
0
0
0
0
0
0
0
0
0
0
0
0
0
0
0
0
0
0
0
0
0
0
0
0
0
0
0
0
0
0
0
0
0
0
0
0
0
0
0
0
0
0
0
0
0
0
0
0
0
0
0
0
0
0
0
0
0
0
0
0
0
0
0
0
0
0
0
0
0
0
0
0
0
0
0
0
0
0
0
0
0
0
0
0
0
0
0
0
0
0
0
0
0
0
0
0
0
0
0
0
0
0
0
0
0
0
0.00392157
0
0
0
0
0
0
0
0
0
0
0
0
0
0
0
0
0
0
0
0.631373
0.392157
0
0
0.176471
0.764706
0
0
0
0
0
0
0
0
0
0
0
0
0
0
0.0627451
0.811765
0.278431
0.223529
0.854902
0.176471
0
0
0
0
0
0
0
0
0
0
0
0
0
0
0
0.109804
0.843137
0.894118
0.164706
0
0
0
0
0
0
0
0
0
0
0
0
0
0
0
0
0.156863
0.823529
0.764706
0.592157
0.0117647
0
0
0
0
0
0
0
0
0
0
0
0
0
0
0.4
0.866667
0.196078
0.0196078
0.701961
0.411765
0
0
0
0
0
0
0
0
0
0
0
0
0
0
0.235294
0.113725
0
0
0.133333
0.196078
0
0
0
0
0
0
0
0
0
0
0
0
0
0
0
0
0
0
0
0
0
0
0
0
0
0
0
0
0
0
0
0
0
0
0
0
0
0
0
0
0
0
0
0
0
0
0
0
0
0
0
0
0
0
0
0
0
0
0
0
0
0
0
0
0
0
0
0
0
0
0
0
0
0
0
0
0
0
0
0
0
0
0
0
0
0
0
0
0
0
0
0
0
0
0
0
0
0
0
0
0
0
0
0
0
0
0
0
0
0
0
0
0
0
0
0
0
0
0
0
0
0
0
0
0
0
