0
0
0
0
0
0
0
0
0
0
0
0
0
0
0
0
0
0
0
0
0
0
0
0
0
0
0
0
0
0
0
0
0
0
0
0
0
0
0
0
0
0
0
0
0
0
0
0
0
0
0
0
0
0
0
0
0
0
0
0
0
0
0
0
0
0
0
0
0
0
0
0
0
0
0
0
0
0
0
0
0
0
0
0
0
0
0
0
0
0
0
0
0
0
0
0
0
0
0
0
0
0
0
0
0
0
0
0
0
0
0
0
0
0
0
0
0
0
0
0
0
0
0
0
0
0
0
0
0
0
0
0
0
0
0
0
0
0
0
0
0
0
0
0
0
0
0
0
0.0862745
0.156863
0
0
0
0
0
0
0
0
0
0
0
0
0
0
0
0
0
0
0.247059
0.666667
0
0
0.411765
0.435294
0
0
0
0
0
0
0
0
0
0
0
0
0
0
0.027451
0.807843
0.137255
0.278431
0.823529
0.0705882
0
0
0
0
0
0
0
0
0
0
0
0
0
0
0
0.266667
0.8
0.831373
0.12549
0
0
0
0
0
0
0
0
0
0
0
0
0
0
0
0.0588235
0.647059
0.811765
0.796078
0.0588235
0
0
0
0
0
0
0
0
0
0
0
0
0
0
0.00784314
0.898039
0.470588
0.00392157
0.501961
0.6
0
0
0
0
0
0
0
0
0
0
0
0
0
0
0
0.00392157
0
0
0.0862745
0.47451
0
0
0
0
0
0
0
0
0
0
0
0
0
0
0
0
0
0
0
0
0
0
0
0
0
0
0
0
0
0
0
0
0
0
0
0
0
0
0
0
0
0
0
0
0
0
0
0
0
0
0
0
0
0
0
0
0
0
0
0
0
0
0
0
0
0
0
0
0
0
0
0
0
0
0
0
0
0
0
0
0
0
0
0
0
0
0
0
0
0
0
0
0
0
0
0
0
0
0
0
0
0
0
0
0
0
0
0
0
0
0
0
0
0
0
0
0
0
0
0
0
0
0
0
0
0
0
