0
0
0
0
0
0
0
0
0
0
0
0
0
0
0
0
0
0
0
0
0
0
0
0
0
0
0
0
0
0
0
0
0
0
0
0
0
0
0
0
0
0
0
0
0
0
0
0
0
0
0
0
0
0
0
0
0
0
0
0
0
0
0
0
0
0
0
0
0
0
0
0
0
0
0
0
0
0
0
0
0
0
0
0
0
0
0
0
0
0
0
0
0
0
0
0
0
0
0
0
0
0
0
0
0
0
0
0
0
0
0
0
0
0
0
0
0
0
0
0
0
0
0
0
0
0
0
0
0
0
0
0
0
0
0
0
0
0
0
0
0
0
0
0
0
0
0
0
0
0
0
0
0
0
0
0
0
0
0
0
0
0
0
0
0
0
0
0
0
0.431373
0.466667
0.427451
0.364706
0.121569
0
0
0
0
0
0
0
0
0
0
0
0
0
0
0
0.921569
0.4
0.505882
0.964706
0.380392
0
0
0
0
0
0
0
0
0
0
0
0
0
0
0
0.796078
0.203922
0.737255
0.380392
0
0
0
0
0
0
0
0
0
0
0
0
0
0
0
0
0.352941
0.992157
0.533333
0
0
0
0
0
0
0
0
0
0
0
0
0
0
0
0
0.509804
0.847059
0.337255
0.623529
0.568627
0.137255
0
0
0
0
0
0
0
0
0
0
0
0
0
0
0.0392157
0.00784314
0
0
0.372549
0.780392
0.0352941
0
0
0
0
0
0
0
0
0
0
0
0
0
0
0
0
0
0
0
0
0
0
0
0
0
0
0
0
0
0
0
0
0
0
0
0
0
0
0
0
0
0
0
0
0
0
0
0
0
0
0
0
0
0
0
0
0
0
0
0
0
0
0
0
0
0
0
0
0
0
0
0
0
0
0
0
0
0
0
0
0
0
0
0
0
0
0
0
0
0
0
0
0
0
0
0
0
0
0
0
0
0
0
0
0
0
0
0
0
0
0
0
0
0
0
0
0
0
0
0
0
0
0
0
0
