0
0
0
0
0
0
0
0
0
0
0
0
0
0
0
0
0
0
0
0
0
0
0
0
0
0
0
0
0
0
0
0
0
0
0
0
0
0
0
0
0
0
0
0
0
0
0
0
0
0
0
0
0
0
0
0
0
0
0
0
0
0
0
0
0
0
0
0
0
0
0
0
0
0
0
0
0
0
0
0
0
0
0
0
0
0
0
0
0
0
0
0
0
0
0
0
0
0
0
0
0
0
0
0
0
0
0
0
0
0
0.054902
0.768627
0.776471
0
0
0
0
0
0
0
0
0
0
0
0
0
0
0
0
0
0.635294
0.360784
0.00392157
0
0
0
0
0
0
0
0
0
0
0
0
0
0
0
0
0.231373
0.494118
0
0
0
0
0
0
0
0
0
0
0
0
0
0
0
0
0
0
0.207843
0.105882
0
0
0
0
0
0
0
0
0
0
0
0
0
0
0
0
0
0.0784314
0.764706
0
0
0
0
0
0
0
0
0
0
0
0
0
0
0
0
0
0
0.113725
0.780392
0.713726
0.52549
0.0117647
0
0
0
0
0
0
0
0
0
0
0
0
0
0
0
0.152941
0.831373
0.2
0.509804
0.709804
0.00784314
0
0
0
0
0
0
0
0
0
0
0
0
0
0
0.168627
0.635294
0
0
0.756863
0.176471
0
0
0
0
0
0
0
0
0
0
0
0
0
0
0.164706
0.72549
0
0.0117647
0.796078
0.133333
0
0
0
0
0
0
0
0
0
0
0
0
0
0
0.0196078
0.733333
0.737255
0.796078
0.568627
0
0
0
0
0
0
0
0
0
0
0
0
0
0
0
0
0
0.196078
0.156863
0
0
0
0
0
0
0
0
0
0
0
0
0
0
0
0
0
0
0
0
0
0
0
0
0
0
0
0
0
0
0
0
0
0
0
0
0
0
0
0
0
0
0
0
0
0
0
0
0
0
0
0
0
0
0
0
0
0
0
0
0
0
0
0
0
0
0
0
0
0
0
0
0
0
0
0
0
0
0
0
0
0
0
0
0
0
0
0
