0
0
0
0
0
0
0
0
0
0
0
0
0
0
0
0
0
0
0
0
0
0
0
0
0
0
0
0
0
0
0
0
0
0
0
0
0
0
0
0
0
0
0
0
0
0
0
0
0
0
0
0
0
0
0
0
0
0
0
0
0
0
0
0
0
0
0
0
0
0
0
0
0
0
0
0
0
0
0
0
0
0
0
0
0
0
0
0
0
0
0
0
0
0.00784314
0.0117647
0.00392157
0
0
0
0
0
0
0
0
0
0
0
0
0
0
0
0.0352941
0.541176
0.890196
0.878431
0.894118
0.0980392
0
0
0
0
0
0
0
0
0
0
0
0
0.00392157
0.380392
0.705882
0.313726
0.00392157
0
0.168627
0.0117647
0
0
0
0
0
0
0
0
0
0
0
0.00392157
0.647059
0.411765
0.027451
0
0
0
0
0
0
0
0
0
0
0
0
0
0
0
0
0.392157
0.654902
0.00392157
0
0
0
0
0
0
0
0
0
0
0
0
0
0
0
0
0.172549
0.835294
0.807843
0.721569
0.596078
0.156863
0
0
0
0
0
0
0
0
0
0
0
0
0
0
0.623529
0.639216
0.152941
0.121569
0.376471
0.866667
0.109804
0
0
0
0
0
0
0
0
0
0
0
0
0.27451
0.427451
0.0313726
0
0
0
0.407843
0.556863
0
0
0
0
0
0
0
0
0
0
0
0
0.701961
0.0745098
0
0
0
0
0.337255
0.588235
0
0
0
0
0
0
0
0
0
0
0
0
0.862745
0.00392157
0
0
0
0
0.678431
0.321569
0
0
0
0
0
0
0
0
0
0
0
0
0.901961
0
0
0.00392157
0.160784
0.588235
0.721569
0.00784314
0
0
0
0
0
0
0
0
0
0
0
0
0.690196
0.792157
0.745098
0.87451
0.721569
0.423529
0.027451
0
0
0
0
0
0
0
0
0
0
0
0
0
0.00784314
0.145098
0.141176
0.0196078
0
0
0
0
0
0
0
0
0
0
0
0
0
0
0
0
0
0
0
0
0
0
0
0
0
0
0
0
0
0
0
0
0
0
0
0
0
0
0
0
0
0
0
0
0
0
0
0
0
0
0
0
0
0
0
0
0
0
0
0
0
0
0
0
0
0
0
0
0
0
