0
0
0
0
0
0
0
0
0
0
0
0
0
0
0
0
0
0
0
0
0
0
0
0
0
0
0
0
0
0
0
0
0
0
0
0
0
0
0
0
0
0
0
0
0
0
0
0
0
0
0
0
0
0
0
0
0
0
0
0
0
0
0
0
0
0
0
0
0
0
0
0
0
0
0
0
0.00392157
0
0
0
0
0
0
0
0
0
0
0
0
0
0
0
0
0.207843
0.556863
0.298039
0.807843
0.486275
0
0
0
0
0
0
0
0
0
0
0
0
0
0.101961
0.6
0.694118
0.227451
0
0
0
0
0
0
0
0
0
0
0
0
0
0
0
0.203922
0.819608
0.313726
0
0
0
0
0
0
0
0
0
0
0
0
0
0
0
0
0.219608
0.380392
0.12549
0
0
0
0
0
0
0
0
0
0
0
0
0
0
0
0
0.054902
0.333333
0.101961
0
0
0
0
0
0
0
0
0
0
0
0
0
0
0
0
0
0.592157
0.8
0.521569
0.145098
0
0
0
0
0
0
0
0
0
0
0
0
0
0
0
0.298039
0.847059
0.301961
0.419608
0.862745
0.321569
0
0
0
0
0
0
0
0
0
0
0
0
0
0.00392157
0.552941
0.121569
0
0
0.0705882
0.827451
0.176471
0
0
0
0
0
0
0
0
0
0
0
0
0.203922
0.698039
0
0
0
0
0.372549
0.537255
0
0
0
0
0
0
0
0
0
0
0
0
0.670588
0.266667
0
0
0
0
0.298039
0.603922
0
0
0
0
0
0
0
0
0
0
0
0
0.878431
0.00784314
0
0
0
0
0.52549
0.301961
0
0
0
0
0
0
0
0
0
0
0
0
0.894118
0
0
0
0
0.192157
0.764706
0.0117647
0
0
0
0
0
0
0
0
0
0
0
0
0.894118
0.345098
0.270588
0.243137
0.513726
0.776471
0.164706
0
0
0
0
0
0
0
0
0
0
0
0
0
0.262745
0.564706
0.603922
0.458824
0.266667
0.0313726
0
0
0
0
0
0
0
0
0
0
0
0
0
0
0
0
0
0
0
0
0
0
0
0
0
0
0
0
0
0
0
0
0
0
0
0
0
0
0
0
0
0
0
0
0
0
0
0
