0
0
0
0
0
0
0
0
0
0
0
0
0
0
0
0
0
0
0
0
0
0
0
0
0
0
0
0
0
0
0
0
0
0
0
0
0
0
0
0
0
0
0
0
0
0
0
0
0
0
0
0
0
0
0
0
0
0
0
0
0
0
0
0
0
0
0
0
0
0.0117647
0.368627
0.592157
0.592157
0.529412
0.411765
0
0
0
0
0
0
0
0
0
0
0
0
0
0.00392157
0.619608
0.647059
0.301961
0.258824
0.294118
0.447059
0
0
0
0
0
0
0
0
0
0
0
0
0
0.423529
0.607843
0
0
0
0
0
0
0
0
0
0
0
0
0
0
0
0
0
0.0117647
0.831373
0.0588235
0
0
0
0
0
0
0
0
0
0
0
0
0
0
0
0
0
0.160784
0.670588
0
0
0
0
0
0
0
0
0
0
0
0
0
0
0
0
0
0
0.219608
0.368627
0
0
0
0
0
0
0
0
0
0
0
0
0
0
0
0
0
0
0.192157
0.231373
0
0
0
0
0
0
0
0
0
0
0
0
0
0
0
0
0
0
0.239216
0.298039
0.137255
0.627451
0.545098
0.227451
0
0
0
0
0
0
0
0
0
0
0
0
0
0
0.329412
0.376471
0.819608
0.380392
0.356863
0.8
0.407843
0
0
0
0
0
0
0
0
0
0
0
0
0
0.466667
0.843137
0.458824
0
0
0.0313726
0.709804
0.333333
0
0
0
0
0
0
0
0
0
0
0
0
0.411765
1
0.0980392
0
0
0
0.188235
0.721569
0
0
0
0
0
0
0
0
0
0
0
0
0.231373
0.933333
0.0745098
0
0
0
0.0470588
0.764706
0
0
0
0
0
0
0
0
0
0
0
0
0.160784
0.741176
0
0
0
0
0.0941176
0.811765
0
0
0
0
0
0
0
0
0
0
0
0
0.0313726
0.886275
0.00784314
0
0
0
0.262745
0.662745
0
0
0
0
0
0
0
0
0
0
0
0
0
0.643137
0.435294
0
0
0
0.678431
0.298039
0
0
0
0
0
0
0
0
0
0
0
0
0
0.0745098
0.819608
0.603922
0.478431
0.705882
0.72549
0.00784314
0
0
0
0
0
0
0
0
0
0
0
0
0
0
0
0
0
0
0
0
0
0
0
0
0
