0
0
0
0
0
0
0
0
0
0
0
0
0
0
0
0
0
0
0
0
0
0
0
0
0
0
0
0
0
0
0
0
0
0
0
0
0
0
0
0
0
0
0
0
0
0
0
0
0
0
0
0
0
0
0
0
0
0
0
0
0
0
0
0
0
0
0
0
0
0
0
0
0
0
0
0
0
0
0
0
0
0
0
0
0
0
0
0
0
0
0
0
0.368627
0.231373
0
0
0
0
0
0
0
0
0
0
0
0
0
0
0
0
0
0.372549
0.709804
0.133333
0
0
0
0
0
0
0
0
0
0
0
0
0
0
0
0
0.12549
0.545098
0.0313726
0
0
0
0
0
0
0
0
0
0
0
0
0
0
0
0
0
0.580392
0.00392157
0
0
0
0
0
0
0
0
0
0
0
0
0
0
0
0
0
0.0705882
0.129412
0
0
0
0
0
0
0
0
0
0
0
0
0
0
0
0
0
0
0.294118
0.243137
0
0
0
0
0
0
0
0
0
0
0
0
0
0
0
0
0
0.00392157
0.47451
0
0.027451
0
0
0
0
0
0
0
0
0
0
0
0
0
0
0
0
0.027451
0.337255
0.298039
0.909804
0.454902
0.00392157
0
0
0
0
0
0
0
0
0
0
0
0
0
0
0.101961
0.454902
0
0.0470588
0.627451
0.552941
0
0
0
0
0
0
0
0
0
0
0
0
0
0
0.121569
0.541176
0
0
0.0117647
0.862745
0
0
0
0
0
0
0
0
0
0
0
0
0
0
0.0745098
0.635294
0
0
0.0745098
0.843137
0
0
0
0
0
0
0
0
0
0
0
0
0
0
0
0.733333
0.403922
0.227451
0.72549
0.423529
0
0
0
0
0
0
0
0
0
0
0
0
0
0
0
0.109804
0.564706
0.670588
0.337255
0
0
0
0
0
0
0
0
0
0
0
0
0
0
0
0
0
0
0
0
0
0
0
0
0
0
0
0
0
0
0
0
0
0
0
0
0
0
0
0
0
0
0
0
0
0
0
0
0
0
0
0
0
0
0
0
0
0
0
0
0
0
0
0
0
0
0
