0
0
0
0
0
0
0
0
0
0
0
0
0
0
0
0
0
0
0
0
0
0
0
0
0
0
0
0
0
0
0
0
0
0
0
0
0
0
0
0
0
0
0
0
0
0
0
0
0
0
0
0
0
0
0
0
0
0
0
0
0
0
0
0
0
0
0
0
0
0
0
0
0
0
0
0
0
0
0
0
0
0
0
0
0
0
0
0
0
0
0
0
0
0
0
0
0
0
0
0
0
0
0
0
0
0
0
0
0
0.239216
0.266667
0
0
0
0
0
0
0
0
0
0
0
0
0
0
0
0
0
0.0627451
0.87451
0.196078
0
0
0
0
0
0
0
0
0
0
0
0
0
0
0
0
0
0.435294
0.576471
0
0
0
0
0
0
0
0
0
0
0
0
0
0
0
0
0
0
0.745098
0.203922
0
0.0352941
0.0784314
0.054902
0
0
0
0
0
0
0
0
0
0
0
0
0
0
0.756863
0.164706
0.619608
0.894118
0.811765
0.905882
0.305882
0
0
0
0
0
0
0
0
0
0
0
0
0
0.752941
0.529412
0.662745
0.00392157
0
0.105882
0.894118
0.0470588
0
0
0
0
0
0
0
0
0
0
0
0
0.745098
0.890196
0.235294
0
0
0
0.807843
0.0745098
0
0
0
0
0
0
0
0
0
0
0
0
0.701961
0.678431
0.00392157
0
0
0
0.894118
0.027451
0
0
0
0
0
0
0
0
0
0
0
0
0.168627
0.866667
0.121569
0
0
0.376471
0.713726
0
0
0
0
0
0
0
0
0
0
0
0
0
0
0.278431
0.823529
0.760784
0.772549
0.745098
0.0313726
0
0
0
0
0
0
0
0
0
0
0
0
0
0
0
0.0235294
0.133333
0.109804
0
0
0
0
0
0
0
0
0
0
0
0
0
0
0
0
0
0
0
0
0
0
0
0
0
0
0
0
0
0
0
0
0
0
0
0
0
0
0
0
0
0
0
0
0
0
0
0
0
0
0
0
0
0
0
0
0
0
0
0
0
0
0
0
0
0
0
0
0
0
0
0
0
0
0
0
0
0
0
0
0
0
0
0
0
0
0
