0
0
0
0
0
0
0
0
0
0
0
0
0
0
0
0
0
0
0
0
0
0
0
0
0
0
0
0
0
0
0
0
0
0
0
0
0
0
0
0
0
0
0
0
0
0
0
0
0
0
0
0
0
0
0
0
0
0
0
0
0
0
0
0
0
0
0
0
0
0
0
0
0
0
0
0
0
0
0
0
0
0
0
0
0
0
0
0
0
0
0
0
0
0
0
0
0
0
0
0
0
0
0
0
0
0
0
0
0
0
0.00784314
0.596078
0.92549
0.4
0
0
0
0
0
0
0
0
0
0
0
0
0
0
0
0
0.356863
0.611765
0.0392157
0.0980392
0
0
0
0
0
0
0
0
0
0
0
0
0
0
0
0.0352941
0.647059
0.0117647
0
0
0
0
0
0
0
0
0
0
0
0
0
0
0
0
0
0.364706
0.298039
0
0
0
0
0
0
0
0
0
0
0
0
0
0
0
0
0
0
0.419608
0.168627
0
0
0
0
0
0
0
0
0
0
0
0
0
0
0
0
0
0
0.537255
0.0196078
0
0
0
0
0
0
0
0
0
0
0
0
0
0
0
0
0
0.00784314
0.87451
0.00392157
0.133333
0.152941
0.0431373
0
0
0
0
0
0
0
0
0
0
0
0
0
0
0.00784314
0.945098
0.843137
0.741176
0.760784
0.870588
0.105882
0
0
0
0
0
0
0
0
0
0
0
0
0
0.0117647
0.956863
0.227451
0
0
0.580392
0.352941
0
0
0
0
0
0
0
0
0
0
0
0
0
0
0.745098
0.486275
0.0980392
0.160784
0.843137
0.192157
0
0
0
0
0
0
0
0
0
0
0
0
0
0
0.054902
0.560784
0.811765
0.776471
0.372549
0
0
0
0
0
0
0
0
0
0
0
0
0
0
0
0
0
0
0
0
0
0
0
0
0
0
0
0
0
0
0
0
0
0
0
0
0
0
0
0
0
0
0
0
0
0
0
0
0
0
0
0
0
0
0
0
0
0
0
0
0
0
0
0
0
0
0
0
0
0
0
0
0
0
0
0
0
0
0
0
0
0
0
0
0
0
