0
0
0
0
0
0
0
0
0
0
0
0
0
0
0
0
0
0
0
0
0
0
0
0
0
0
0
0
0
0
0
0
0
0
0
0
0
0
0
0
0
0
0
0
0
0
0
0
0
0
0
0
0
0
0
0
0
0
0
0
0
0
0
0
0
0
0
0
0
0
0
0.447059
0.905882
0.886275
0.243137
0
0
0
0
0
0
0
0
0
0
0
0
0
0
0
0.447059
0.694118
0.0313726
0.188235
0.890196
0.0352941
0
0
0
0
0
0
0
0
0
0
0
0
0
0.435294
0.345098
0.0117647
0
0
0.286275
0.0117647
0
0
0
0
0
0
0
0
0
0
0
0
0.101961
0.733333
0.0196078
0
0
0
0
0
0
0
0
0
0
0
0
0
0
0
0
0
0.498039
0.278431
0
0
0
0
0
0
0
0
0
0
0
0
0
0
0
0
0
0.054902
0.239216
0.0117647
0
0
0
0
0
0
0
0
0
0
0
0
0
0
0
0
0
0.501961
0.380392
0
0
0
0
0
0
0
0
0
0
0
0
0
0
0
0
0
0
0.627451
0.113725
0.129412
0.145098
0.0392157
0
0
0
0
0
0
0
0
0
0
0
0
0
0
0
0.694118
0.435294
0.870588
0.745098
0.811765
0.737255
0.121569
0
0
0
0
0
0
0
0
0
0
0
0
0
0.8
0.333333
0.156863
0
0
0.32549
0.862745
0.121569
0
0
0
0
0
0
0
0
0
0
0
0
0.627451
0.0352941
0
0
0
0
0.470588
0.462745
0
0
0
0
0
0
0
0
0
0
0
0
0.619608
0.188235
0
0
0
0
0.411765
0.478431
0
0
0
0
0
0
0
0
0
0
0
0
0.356863
0.690196
0.0352941
0
0
0
0.447059
0.337255
0
0
0
0
0
0
0
0
0
0
0
0
0.00392157
0.466667
0.87451
0.635294
0.6
0.647059
0.807843
0.054902
0
0
0
0
0
0
0
0
0
0
0
0
0
0
0.0627451
0.266667
0.266667
0.196078
0.00784314
0
0
0
0
0
0
0
0
0
0
0
0
0
0
0
0
0
0
0
0
0
0
0
0
0
0
0
0
0
0
0
0
0
0
0
0
0
0
0
0
0
0
0
0
0
0
