0
0
0
0
0
0
0
0
0
0
0
0
0
0
0
0
0
0
0
0
0
0
0
0
0
0
0
0
0
0
0
0
0
0
0
0
0
0
0
0
0
0
0
0
0
0
0
0
0
0.00392157
0
0
0
0
0
0
0
0
0
0
0
0
0
0
0
0
0
0
0.156863
0.698039
0
0
0
0
0
0
0
0
0
0
0
0
0
0
0
0
0
0
0.239216
0.639216
0
0
0
0
0
0
0
0
0
0
0
0
0
0
0
0
0
0
0.243137
0.435294
0
0
0
0
0
0
0
0
0
0
0
0
0
0
0
0
0
0
0.298039
0.364706
0
0
0
0
0
0
0
0
0
0
0
0
0
0
0
0
0
0
0.243137
0.294118
0
0
0
0
0
0
0
0
0
0
0
0
0
0
0
0
0
0
0.368627
0.439216
0.00784314
0
0
0
0
0
0
0
0
0
0
0
0
0
0
0
0
0
0.298039
0.972549
0.858824
0.87451
0.87451
0.576471
0.0901961
0
0
0
0
0
0
0
0
0
0
0
0
0
0.529412
0.419608
0
0
0.0196078
0.423529
0.835294
0.0627451
0
0
0
0
0
0
0
0
0
0
0
0
0.392157
0.407843
0
0
0
0
0.580392
0.368627
0
0
0
0
0
0
0
0
0
0
0
0
0.423529
0.356863
0
0
0
0
0.501961
0.392157
0
0
0
0
0
0
0
0
0
0
0
0
0.423529
0.356863
0
0
0
0
0.788235
0.180392
0
0
0
0
0
0
0
0
0
0
0
0
0.486275
0.466667
0.0784314
0.0666667
0.0666667
0.411765
0.690196
0
0
0
0
0
0
0
0
0
0
0
0
0
0.309804
0.811765
0.811765
0.8
0.8
0.678431
0.0941176
0
0
0
0
0
0
0
0
0
0
0
0
0
0
0
0
0
0
0
0
0
0
0
0
0
0
0
0
0
0
0
0
0
0
0
0
0
0
0
0
0
0
0
0
0
0
0
0
0
0
0
0
0
0
0
0
0
0
0
0
0
0
0
0
0
0
0
0
0
0
0
0
0
0
0
0
0
0
0
0
0
0
0
0
0
