0
0
0
0
0
0
0
0
0
0
0
0
0
0
0
0
0
0
0
0
0
0
0
0
0
0
0
0
0
0
0
0
0
0
0
0
0
0
0
0
0
0
0
0
0
0
0
0
0
0
0
0
0
0
0
0
0
0
0
0
0
0
0
0
0
0
0
0
0
0
0
0
0
0
0
0
0
0
0
0
0
0
0
0
0
0
0
0
0
0
0
0
0
0
0
0
0
0
0
0
0
0
0
0
0
0
0
0
0
0
0
0
0
0
0
0
0
0
0
0
0
0
0
0
0
0
0
0
0
0
0
0
0
0
0
0
0
0
0
0
0
0
0
0
0
0
0
0
0
0.133333
0.231373
0.0352941
0.0705882
0
0
0
0
0
0
0
0
0
0
0
0
0
0
0
0.00392157
0.776471
0.654902
0.803922
0.803922
0.0235294
0
0
0
0
0
0
0
0
0
0
0
0
0
0
0.329412
0.72549
0.839216
0.466667
0.596078
0.376471
0
0
0
0
0
0
0
0
0
0
0
0
0
0.192157
0.870588
0.376471
0.745098
0.00392157
0.301961
0.607843
0
0
0
0
0
0
0
0
0
0
0
0
0.243137
0.870588
0.223529
0.294118
0.627451
0
0.243137
0.686275
0
0
0
0
0
0
0
0
0
0
0
0
0.47451
0.219608
0
0.294118
0.627451
0
0.137255
0.803922
0
0
0
0
0
0
0
0
0
0
0
0
0
0
0
0.305882
0.639216
0
0.00392157
0.2
0
0
0
0
0
0
0
0
0
0
0
0
0
0
0
0.027451
0.0980392
0
0
0
0
0
0
0
0
0
0
0
0
0
0
0
0
0
0
0
0
0
0
0
0
0
0
0
0
0
0
0
0
0
0
0
0
0
0
0
0
0
0
0
0
0
0
0
0
0
0
0
0
0
0
0
0
0
0
0
0
0
0
0
0
0
0
0
0
0
0
0
0
0
0
0
0
0
0
0
0
0
0
0
0
0
0
0
0
0
0
0
0
0
0
0
0
0
0
0
0
0
0
0
0
0
0
0
0
0
