0
0
0
0
0
0
0
0
0
0
0
0
0
0
0
0
0
0
0
0
0
0
0
0
0
0
0
0
0
0
0
0
0
0
0
0
0
0
0
0
0
0
0
0
0
0
0
0
0
0
0
0
0
0
0
0
0
0
0
0
0
0
0
0
0
0
0
0
0
0
0
0
0
0
0
0
0
0
0
0
0
0
0
0
0
0
0
0
0
0
0
0
0
0
0
0
0
0
0
0
0
0
0
0
0
0
0
0
0
0
0
0
0
0
0
0
0
0
0
0
0
0
0
0
0
0
0
0
0
0
0
0
0
0
0
0
0
0
0
0
0
0
0
0
0
0
0
0
0.160784
0.568627
0.203922
0.572549
0.203922
0
0
0
0
0
0
0
0
0
0
0
0
0
0
0
0.203922
0.854902
0.862745
0.431373
0.952941
0.0235294
0
0
0
0
0
0
0
0
0
0
0
0
0
0
0.2
0.996078
0.239216
0
0.847059
0.0313726
0
0
0
0
0
0
0
0
0
0
0
0
0
0
0.152941
0.772549
0
0
0.752941
0.133333
0
0
0
0
0
0
0
0
0
0
0
0
0
0
0.168627
0.72549
0
0
0.721569
0.192157
0
0.0352941
0
0
0
0
0
0
0
0
0
0
0
0
0.196078
0.729412
0
0
0.4
0.847059
0.662745
0.745098
0
0
0
0
0
0
0
0
0
0
0
0
0.164706
0.764706
0
0
0
0.160784
0.411765
0.027451
0
0
0
0
0
0
0
0
0
0
0
0
0
0.0745098
0
0
0
0
0
0
0
0
0
0
0
0
0
0
0
0
0
0
0
0
0
0
0
0
0
0
0
0
0
0
0
0
0
0
0
0
0
0
0
0
0
0
0
0
0
0
0
0
0
0
0
0
0
0
0
0
0
0
0
0
0
0
0
0
0
0
0
0
0
0
0
0
0
0
0
0
0
0
0
0
0
0
0
0
0
0
0
0
0
0
0
0
0
0
0
0
0
0
0
0
0
0
0
0
0
0
0
0
0
0
