0
0
0
0
0
0
0
0
0
0
0
0
0
0
0
0
0
0
0
0
0
0
0
0
0
0
0
0
0
0
0
0
0
0
0
0
0
0
0
0
0
0
0
0
0
0
0
0
0
0
0
0
0
0
0
0
0
0
0
0
0
0
0
0
0
0
0
0
0
0
0
0
0
0
0
0
0
0
0
0
0
0
0
0
0
0
0
0
0
0
0
0
0
0
0
0
0
0
0
0
0
0
0
0
0
0
0
0
0
0
0
0
0
0
0
0
0
0
0
0
0
0
0
0
0
0
0
0
0
0
0
0
0
0
0
0
0
0
0
0
0
0
0
0
0
0
0
0
0
0
0
0
0
0
0
0
0
0
0
0
0
0
0
0
0
0
0
0
0.0196078
0.745098
0.654902
0.533333
0.6
0.0313726
0
0
0
0
0
0
0
0
0
0
0
0
0
0
0.211765
0.733333
0.00784314
0.0196078
0.72549
0.27451
0
0
0
0
0
0
0
0
0
0
0
0
0
0
0.223529
0.933333
0.00784314
0
0.619608
0.286275
0
0
0
0
0
0
0
0
0
0
0
0
0
0
0.137255
1
0.0235294
0
0.572549
0.345098
0
0
0
0
0
0
0
0
0
0
0
0
0
0
0.00392157
0.964706
0.027451
0
0.443137
0.498039
0
0
0
0
0
0
0
0
0
0
0
0
0
0
0
0.239216
0
0
0.211765
0.352941
0
0
0
0
0
0
0
0
0
0
0
0
0
0
0
0
0
0
0
0
0
0
0
0
0
0
0
0
0
0
0
0
0
0
0
0
0
0
0
0
0
0
0
0
0
0
0
0
0
0
0
0
0
0
0
0
0
0
0
0
0
0
0
0
0
0
0
0
0
0
0
0
0
0
0
0
0
0
0
0
0
0
0
0
0
0
0
0
0
0
0
0
0
0
0
0
0
0
0
0
0
0
0
0
0
0
0
0
0
0
0
0
0
0
0
0
0
0
0
0
0
0
0
0
0
0
