0
0
0
0
0
0
0
0
0
0
0
0
0
0
0
0
0
0
0
0
0
0
0
0
0
0
0
0
0
0
0
0
0
0
0
0
0
0
0
0
0
0
0
0
0
0
0
0
0
0
0
0
0
0
0
0
0
0
0
0
0
0
0
0
0
0
0
0
0
0
0
0
0
0
0
0
0
0
0
0
0
0
0
0
0
0
0
0
0
0
0
0
0
0
0
0
0
0
0
0
0
0
0
0
0
0
0
0
0
0
0
0
0
0
0
0
0
0
0
0
0
0
0
0
0
0
0
0
0
0
0
0
0
0
0
0
0
0
0
0
0
0
0
0
0
0
0
0
0
0
0
0
0
0
0
0
0
0
0
0
0
0
0
0
0
0
0
0
0
0.211765
0.619608
0.564706
0.647059
0
0
0
0
0
0
0
0
0
0
0
0
0
0
0
0
0.309804
0.972549
0.454902
0.847059
0.0980392
0
0
0
0
0
0
0
0
0
0
0
0
0
0
0
0.458824
0.537255
0
0.623529
0.321569
0
0
0
0
0
0
0
0
0
0
0
0
0
0
0
0.545098
0.470588
0
0.360784
0.568627
0
0
0
0
0
0
0
0
0
0
0
0
0
0
0
0.529412
0.490196
0
0.113725
0.662745
0
0
0
0
0
0
0
0
0
0
0
0
0
0
0
0.196078
0.235294
0
0
0
0
0
0
0
0
0
0
0
0
0
0
0
0
0
0
0
0
0
0
0
0
0
0
0
0
0
0
0
0
0
0
0
0
0
0
0
0
0
0
0
0
0
0
0
0
0
0
0
0
0
0
0
0
0
0
0
0
0
0
0
0
0
0
0
0
0
0
0
0
0
0
0
0
0
0
0
0
0
0
0
0
0
0
0
0
0
0
0
0
0
0
0
0
0
0
0
0
0
0
0
0
0
0
0
0
0
0
0
0
0
0
0
0
0
0
0
0
0
0
0
0
0
0
0
0
0
