0
0
0
0
0
0
0
0
0
0
0
0
0
0
0
0
0
0
0
0
0
0
0
0
0
0
0
0
0
0
0
0
0
0
0
0
0
0
0
0
0
0
0
0
0
0
0
0
0
0
0
0
0
0
0
0
0
0
0
0
0
0
0
0
0
0
0
0
0
0
0
0
0
0
0
0
0
0
0
0
0
0
0
0
0
0
0
0
0
0
0
0
0
0
0
0
0
0
0
0
0
0
0
0
0
0
0
0
0
0
0
0
0
0
0
0
0
0
0
0
0
0
0
0
0
0
0
0
0
0
0
0
0
0
0
0
0
0
0
0
0
0
0
0
0
0
0
0
0
0
0
0.0431373
0
0
0
0
0
0
0
0
0
0
0
0
0
0
0
0
0.109804
0.662745
0.737255
0.87451
0.0313726
0
0
0
0
0
0
0
0
0
0
0
0
0
0
0.160784
0.854902
0.988235
0.4
0.580392
0.372549
0
0
0
0
0
0
0
0
0
0
0
0
0
0.2
0.886275
0.32549
0.992157
0.0784314
0.160784
0.8
0.0117647
0.109804
0
0
0
0
0
0
0
0
0
0
0
0.552941
0.219608
0.0745098
1
0.0862745
0.00784314
0.901961
0.72549
0.643137
0
0
0
0
0
0
0
0
0
0
0
0
0
0.00784314
0.921569
0.101961
0
0.145098
0.239216
0.0235294
0
0
0
0
0
0
0
0
0
0
0
0
0
0
0.12549
0
0
0
0
0
0
0
0
0
0
0
0
0
0
0
0
0
0
0
0
0
0
0
0
0
0
0
0
0
0
0
0
0
0
0
0
0
0
0
0
0
0
0
0
0
0
0
0
0
0
0
0
0
0
0
0
0
0
0
0
0
0
0
0
0
0
0
0
0
0
0
0
0
0
0
0
0
0
0
0
0
0
0
0
0
0
0
0
0
0
0
0
0
0
0
0
0
0
0
0
0
0
0
0
0
0
0
0
0
0
0
0
0
0
0
0
0
0
0
0
0
0
0
0
0
0
0
0
0
0
