0
0
0
0
0
0
0
0
0
0
0
0
0
0
0
0
0
0
0
0
0
0
0
0
0
0
0
0
0
0
0
0
0
0
0
0
0
0
0
0
0
0
0
0
0
0
0
0
0
0
0
0
0
0
0
0
0
0
0
0
0
0
0
0
0
0
0
0
0
0
0
0
0
0
0
0
0
0
0
0
0
0
0
0
0
0
0
0
0
0
0
0
0
0
0
0
0
0
0
0
0
0
0
0
0
0
0
0
0
0
0
0
0
0
0
0
0
0
0
0
0
0
0
0
0
0
0
0
0
0
0.00784314
0.298039
0
0
0
0
0
0
0
0
0
0
0
0
0
0
0
0
0
0
0.176471
0.760784
0
0
0
0
0
0
0
0
0
0
0
0
0
0
0
0
0
0
0.270588
0.603922
0
0
0
0
0
0
0
0
0
0
0
0
0
0
0
0
0.0392157
0.670588
0.764706
0.87451
0.678431
0.0705882
0
0
0
0
0
0
0
0
0
0
0
0
0
0
0.00392157
0.239216
0.533333
0.592157
0.211765
0.00392157
0
0
0
0
0
0
0
0
0
0
0
0
0
0
0
0
0.411765
0.478431
0
0
0
0
0
0
0
0
0
0
0
0
0
0
0
0
0
0
0.419608
0.486275
0
0
0
0
0
0
0
0
0
0
0
0
0
0
0
0
0
0
0.243137
0.713726
0
0
0
0
0
0
0
0
0
0
0
0
0
0
0
0
0
0
0.00784314
0.839216
0.537255
0.294118
0
0
0
0
0
0
0
0
0
0
0
0
0
0
0
0
0
0.0470588
0.505882
0.337255
0
0
0
0
0
0
0
0
0
0
0
0
0
0
0
0
0
0
0
0
0
0
0
0
0
0
0
0
0
0
0
0
0
0
0
0
0
0
0
0
0
0
0
0
0
0
0
0
0
0
0
0
0
0
0
0
0
0
0
0
0
0
0
0
0
0
0
0
0
0
0
0
0
0
0
0
0
0
0
0
0
0
0
0
0
0
