0
0
0
0
0
0
0
0
0
0
0
0
0
0
0
0
0
0
0
0
0
0
0
0
0
0
0
0
0
0
0
0
0
0
0
0
0
0
0
0
0
0
0
0
0
0
0
0
0
0
0
0
0
0
0
0
0
0
0
0
0
0
0
0
0
0
0
0
0
0
0
0
0
0
0
0
0
0
0
0
0
0
0
0
0
0
0
0
0
0
0
0
0
0
0
0
0
0
0
0
0
0
0
0
0
0
0
0
0
0
0
0
0
0
0
0
0
0
0
0
0
0
0
0
0
0
0
0
0
0
0.552941
0.235294
0
0
0
0
0
0
0
0
0
0
0
0
0
0
0
0
0
0
0.607843
0.27451
0
0
0
0
0
0
0
0
0
0
0
0
0
0
0
0
0
0.00392157
0.627451
0.290196
0.0235294
0
0
0
0
0
0
0
0
0
0
0
0
0
0
0
0.243137
0.941176
0.972549
0.92549
0.780392
0
0
0
0
0
0
0
0
0
0
0
0
0
0
0
0
0.00392157
0.603922
0.270588
0
0
0
0
0
0
0
0
0
0
0
0
0
0
0
0
0
0
0.603922
0.270588
0
0
0
0
0
0
0
0
0
0
0
0
0
0
0
0
0
0
0.611765
0.278431
0
0
0
0
0
0
0
0
0
0
0
0
0
0
0
0
0
0
0.588235
0.258824
0
0
0
0
0
0
0
0
0
0
0
0
0
0
0
0
0
0
0.462745
0.596078
0.0862745
0.196078
0.00392157
0
0
0
0
0
0
0
0
0
0
0
0
0
0
0
0.0431373
0.654902
0.819608
0.803922
0.0588235
0
0
0
0
0
0
0
0
0
0
0
0
0
0
0
0
0
0
0
0
0
0
0
0
0
0
0
0
0
0
0
0
0
0
0
0
0
0
0
0
0
0
0
0
0
0
0
0
0
0
0
0
0
0
0
0
0
0
0
0
0
0
0
0
0
0
0
0
0
0
0
0
0
0
0
0
0
0
0
0
0
0
0
0
0
