0
0
0
0
0
0
0
0
0
0
0
0
0
0
0
0
0
0
0
0
0
0
0
0
0
0
0
0
0
0
0
0
0
0
0
0
0
0
0
0
0
0
0
0
0
0
0
0
0
0
0
0
0
0
0
0
0
0
0
0
0
0
0
0
0
0
0
0
0
0
0
0
0
0
0
0
0
0
0
0
0
0
0
0
0
0
0
0
0
0
0
0
0
0
0
0
0
0
0
0
0
0
0
0
0
0
0
0
0
0
0.270588
0.0313726
0
0
0
0
0
0
0
0
0
0
0
0
0
0
0
0
0
0
0.8
0.0941176
0
0
0
0
0
0
0
0
0
0
0
0
0
0
0
0
0
0
0.705882
0.0352941
0
0
0
0
0
0
0
0
0
0
0
0
0
0
0
0
0.231373
0.419608
0.745098
0.337255
0
0
0
0
0
0
0
0
0
0
0
0
0
0
0
0
0.231373
0.494118
0.870588
0.627451
0.00392157
0
0
0
0
0
0
0
0
0
0
0
0
0
0
0
0
0
0.509804
0.321569
0
0
0
0
0
0
0
0
0
0
0
0
0
0
0
0
0
0
0.462745
0.439216
0
0
0
0
0
0
0
0
0
0
0
0
0
0
0
0
0
0
0.294118
0.619608
0
0
0
0
0
0
0
0
0
0
0
0
0
0
0
0
0
0
0.101961
0.854902
0.00392157
0
0
0
0
0
0
0
0
0
0
0
0
0
0
0
0
0
0
0.729412
0.596078
0.780392
0
0
0
0
0
0
0
0
0
0
0
0
0
0
0
0
0
0.0705882
0.423529
0.227451
0
0
0
0
0
0
0
0
0
0
0
0
0
0
0
0
0
0
0
0
0
0
0
0
0
0
0
0
0
0
0
0
0
0
0
0
0
0
0
0
0
0
0
0
0
0
0
0
0
0
0
0
0
0
0
0
0
0
0
0
0
0
0
0
0
0
0
0
0
0
0
0
0
0
0
0
0
0
0
0
0
0
0
0
0
0
