0
0
0
0
0
0
0
0
0
0
0
0
0
0
0
0
0
0
0
0
0
0
0
0
0
0
0
0
0
0
0
0
0
0
0
0
0
0
0
0
0
0
0
0
0
0
0
0
0
0
0
0
0
0
0
0
0
0
0
0
0
0
0
0
0
0
0
0
0
0
0
0
0
0
0
0
0
0
0
0
0
0
0
0
0
0
0
0
0
0
0
0
0
0
0
0
0
0
0
0
0
0
0
0
0
0
0
0
0
0
0
0
0
0
0
0
0
0
0
0
0
0
0
0
0
0
0
0
0
0
0.0627451
0.0117647
0
0
0
0
0
0
0
0
0
0
0
0
0
0
0
0
0
0
0.611765
0.278431
0
0
0
0
0
0
0
0
0
0
0
0
0
0
0
0
0
0
0.670588
0.219608
0
0
0
0
0
0
0
0
0
0
0
0
0
0
0
0
0
0
0.686275
0.105882
0
0
0
0
0
0
0
0
0
0
0
0
0
0
0
0
0.00784314
0.568627
0.898039
0.811765
0.12549
0
0
0
0
0
0
0
0
0
0
0
0
0
0
0
0.0235294
0.952941
0.823529
0.247059
0
0
0
0
0
0
0
0
0
0
0
0
0
0
0
0
0
0.376471
0.862745
0.0470588
0
0
0
0
0
0
0
0
0
0
0
0
0
0
0
0
0
0.0313726
0.898039
0.137255
0
0
0
0
0
0
0
0
0
0
0
0
0
0
0
0
0
0
0.745098
0.145098
0
0
0
0
0
0
0
0
0
0
0
0
0
0
0
0
0
0
0.721569
0.129412
0
0
0
0
0
0
0
0
0
0
0
0
0
0
0
0
0
0
0.00392157
0
0
0
0
0
0
0
0
0
0
0
0
0
0
0
0
0
0
0
0
0
0
0
0
0
0
0
0
0
0
0
0
0
0
0
0
0
0
0
0
0
0
0
0
0
0
0
0
0
0
0
0
0
0
0
0
0
0
0
0
0
0
0
0
0
0
0
0
0
