0
0
0
0
0
0
0
0
0
0
0
0
0
0
0
0
0
0
0
0
0
0
0
0
0
0
0
0
0
0
0
0
0
0
0
0
0
0
0
0
0
0
0
0
0
0
0
0
0
0
0
0
0
0
0
0
0
0
0
0
0
0
0
0
0
0
0
0
0
0
0
0
0
0
0
0
0
0
0
0
0
0
0
0
0
0
0
0
0
0
0
0
0
0
0
0
0
0
0
0
0
0
0
0
0
0
0
0
0
0
0
0
0
0
0
0
0
0
0
0
0
0
0
0
0
0
0
0
0
0
0.00392157
0
0
0
0
0
0
0
0
0
0
0
0
0
0
0
0
0
0
0
0.478431
0.356863
0
0
0
0
0
0
0
0
0
0
0
0
0
0
0
0
0
0.0352941
0.52549
0.686275
0.305882
0
0
0
0
0
0
0
0
0
0
0
0
0
0
0
0
0.454902
0.745098
0.556863
0.552941
0
0
0
0
0
0
0
0
0
0
0
0
0
0
0
0
0.490196
0.745098
0.733333
0.509804
0
0
0
0
0
0
0
0
0
0
0
0
0
0
0
0
0.352941
0.976471
0.964706
0.529412
0.0431373
0
0
0
0
0
0
0
0
0
0
0
0
0
0
0
0.0431373
0.847059
0.529412
0.588235
0.87451
0.380392
0
0
0
0
0
0
0
0
0
0
0
0
0
0
0
0.458824
0.556863
0
0.137255
0.270588
0
0
0
0
0
0
0
0
0
0
0
0
0
0
0
0.0862745
0.156863
0
0
0
0
0
0
0
0
0
0
0
0
0
0
0
0
0
0
0
0
0
0
0
0
0
0
0
0
0
0
0
0
0
0
0
0
0
0
0
0
0
0
0
0
0
0
0
0
0
0
0
0
0
0
0
0
0
0
0
0
0
0
0
0
0
0
0
0
0
0
0
0
0
0
0
0
0
0
0
0
0
0
0
0
0
0
0
0
0
0
0
0
0
0
0
0
0
0
0
0
0
0
0
0
0
0
0
0
