0
0
0
0
0
0
0
0
0
0
0
0
0
0
0
0
0
0
0
0
0
0
0
0
0
0
0
0
0
0
0
0
0
0
0
0
0
0
0
0
0
0
0
0
0
0
0
0
0
0
0
0
0
0
0
0
0
0
0
0
0
0
0
0
0
0
0
0
0
0
0
0
0
0
0
0
0
0
0
0
0
0
0
0
0
0
0
0
0
0
0
0
0
0
0
0
0
0
0
0
0
0
0
0
0
0
0
0
0
0
0
0
0
0
0
0
0
0
0
0
0
0
0
0
0
0
0
0
0
0
0
0
0
0
0
0
0
0
0
0
0
0
0
0
0
0
0
0
0
0
0
0
0
0
0
0
0
0
0
0
0
0
0
0
0
0
0
0
0
0
0.258824
0.560784
0
0
0
0
0
0
0
0
0
0
0
0
0
0
0
0
0
0.301961
0.847059
0.839216
0.6
0.00392157
0
0
0
0
0
0
0
0
0
0
0
0
0
0
0.164706
0.854902
0.0941176
0.00392157
0.796078
0.258824
0
0
0
0
0
0
0
0
0
0
0
0
0
0
0.411765
0.490196
0
0
0.372549
0.521569
0
0
0
0
0
0
0
0
0
0
0
0
0
0
0.407843
0.572549
0.00392157
0
0.4
0.537255
0
0
0
0
0
0
0
0
0
0
0
0
0
0
0.0784314
0.741176
0.898039
0.886275
0.929412
0.231373
0
0
0
0
0
0
0
0
0
0
0
0
0
0
0
0
0
0
0.0117647
0
0
0
0
0
0
0
0
0
0
0
0
0
0
0
0
0
0
0
0
0
0
0
0
0
0
0
0
0
0
0
0
0
0
0
0
0
0
0
0
0
0
0
0
0
0
0
0
0
0
0
0
0
0
0
0
0
0
0
0
0
0
0
0
0
0
0
0
0
0
0
0
0
0
0
0
0
0
0
0
0
0
0
0
0
0
0
0
0
0
0
0
0
0
0
0
0
0
0
0
0
0
0
0
0
0
0
