0
0
0
0
0
0
0
0
0
0
0
0
0
0
0
0
0
0
0
0
0
0
0
0
0
0
0
0
0
0
0
0
0
0
0
0
0
0
0
0
0
0
0
0
0
0
0
0
0
0
0
0
0
0
0
0
0
0
0
0
0
0
0
0
0
0
0
0
0
0
0
0
0
0
0
0
0
0
0
0
0
0
0
0
0
0
0
0
0
0
0
0
0
0
0
0
0
0
0
0
0
0
0
0
0
0
0
0
0
0
0
0
0
0
0
0
0
0
0
0
0
0
0
0
0
0
0
0
0
0
0
0
0
0
0
0
0
0
0
0
0
0
0
0
0
0
0
0
0
0.329412
0.760784
0.478431
0.0313726
0
0
0
0
0
0
0
0
0
0
0
0
0
0
0
0
0.462745
0.254902
0.552941
0.741176
0.0235294
0
0
0
0
0
0
0
0
0
0
0
0
0
0
0.305882
0.886275
0.137255
0
0.490196
0.231373
0
0
0
0
0
0
0
0
0
0
0
0
0
0
0.686275
0.254902
0
0
0.101961
0.658824
0
0
0
0
0
0
0
0
0
0
0
0
0
0
0.741176
0.156863
0
0
0.137255
0.737255
0
0
0
0
0
0
0
0
0
0
0
0
0
0
0.556863
0.552941
0.145098
0.0627451
0.258824
0.713726
0
0
0
0
0
0
0
0
0
0
0
0
0
0
0.0235294
0.545098
0.764706
0.788235
0.752941
0.27451
0
0
0
0
0
0
0
0
0
0
0
0
0
0
0
0
0
0
0
0
0
0
0
0
0
0
0
0
0
0
0
0
0
0
0
0
0
0
0
0
0
0
0
0
0
0
0
0
0
0
0
0
0
0
0
0
0
0
0
0
0
0
0
0
0
0
0
0
0
0
0
0
0
0
0
0
0
0
0
0
0
0
0
0
0
0
0
0
0
0
0
0
0
0
0
0
0
0
0
0
0
0
0
0
0
0
0
0
0
0
0
0
0
0
0
0
0
0
0
0
0
0
0
0
0
0
