0
0
0
0
0
0
0
0
0
0
0
0
0
0
0
0
0
0
0
0
0
0
0
0
0
0
0
0
0
0
0
0
0
0
0
0
0
0
0
0
0
0
0
0
0
0
0
0
0
0
0
0
0
0
0
0
0
0
0
0
0
0
0
0
0
0
0
0
0
0
0
0
0
0
0
0
0
0
0
0
0
0
0
0
0
0
0
0
0
0
0
0
0
0
0
0
0
0
0
0
0
0
0
0
0
0
0
0
0
0
0
0
0
0
0
0
0
0
0
0
0
0
0
0
0
0
0
0
0
0
0
0
0
0
0
0
0
0
0
0
0
0
0
0
0
0
0
0
0
0
0
0
0
0
0
0
0
0
0
0
0
0
0
0
0
0
0
0
0
0
0.0666667
0.811765
0.631373
0.552941
0.0941176
0
0
0
0
0
0
0
0
0
0
0
0
0
0
0
0.627451
1
0.52549
0.564706
0.690196
0
0
0
0
0
0
0
0
0
0
0
0
0
0.101961
0.658824
0.847059
0.894118
0.101961
0.0352941
0.890196
0
0
0
0
0
0
0
0
0
0
0
0.0235294
0.298039
0.835294
0.780392
0.458824
0.545098
0.898039
0.811765
0.733333
0
0
0
0
0
0
0
0
0
0
0
0.411765
0.780392
0.12549
0.552941
0.694118
0.313726
0.329412
0.921569
0.254902
0
0
0
0
0
0
0
0
0
0
0
0
0
0
0.105882
0.4
0.623529
0.662745
0.239216
0
0
0
0
0
0
0
0
0
0
0
0
0
0
0
0
0
0
0
0
0
0
0
0
0
0
0
0
0
0
0
0
0
0
0
0
0
0
0
0
0
0
0
0
0
0
0
0
0
0
0
0
0
0
0
0
0
0
0
0
0
0
0
0
0
0
0
0
0
0
0
0
0
0
0
0
0
0
0
0
0
0
0
0
0
0
0
0
0
0
0
0
0
0
0
0
0
0
0
0
0
0
0
0
0
0
0
0
0
0
0
0
0
0
0
0
0
0
0
0
0
0
0
0
0
0
