0
0
0
0
0
0
0
0
0
0
0
0
0
0
0
0
0
0
0
0
0
0
0
0
0
0
0
0
0
0
0
0
0
0
0
0
0
0
0
0
0
0
0
0
0
0
0
0
0
0
0
0
0
0
0
0
0
0
0
0
0
0
0
0
0
0
0
0
0
0
0
0
0
0
0
0
0
0
0
0
0
0
0
0
0
0
0
0
0
0
0
0
0
0
0
0
0
0
0
0
0
0
0
0
0
0
0
0
0
0
0
0
0
0
0
0
0
0
0
0
0
0
0
0
0
0
0
0
0
0
0
0
0
0
0
0
0
0
0
0
0
0
0
0
0
0
0
0
0
0
0
0.2
0.129412
0.0117647
0
0
0
0
0
0
0
0
0
0
0
0
0
0
0
0
0.403922
0.996078
0.905882
0.788235
0.0784314
0
0
0
0
0
0
0
0
0
0
0
0
0
0
0.337255
0.992157
0.894118
0.129412
0.596078
0.447059
0
0
0
0
0
0
0
0
0
0
0
0
0
0.243137
0.913725
0.219608
0.721569
0.905882
0.960784
0.419608
0
0
0
0
0
0
0
0
0
0
0
0
0.227451
0.941176
0.658824
0
0
0.172549
0.831373
0.0627451
0
0
0
0
0
0
0
0
0
0
0
0
0.713726
0.494118
0.811765
0.223529
0.301961
0.890196
0.231373
0
0
0
0
0
0
0
0
0
0
0
0
0
0.00392157
0.00392157
0.423529
0.67451
0.635294
0.176471
0
0
0
0
0
0
0
0
0
0
0
0
0
0
0
0
0
0
0
0
0
0
0
0
0
0
0
0
0
0
0
0
0
0
0
0
0
0
0
0
0
0
0
0
0
0
0
0
0
0
0
0
0
0
0
0
0
0
0
0
0
0
0
0
0
0
0
0
0
0
0
0
0
0
0
0
0
0
0
0
0
0
0
0
0
0
0
0
0
0
0
0
0
0
0
0
0
0
0
0
0
0
0
0
0
0
0
0
0
0
0
0
0
0
0
0
0
0
0
0
0
0
0
0
0
0
0
