0
0
0
0
0
0
0
0
0
0
0
0
0
0
0
0
0
0
0
0
0
0
0
0
0
0
0
0
0
0
0
0
0
0
0
0
0
0
0
0
0
0
0
0
0
0
0
0
0
0
0
0
0
0
0
0
0
0
0
0
0
0
0
0
0
0
0
0
0
0
0
0
0
0
0
0
0
0
0
0
0
0
0
0
0
0
0
0
0
0
0
0
0
0
0
0
0
0
0
0
0
0
0
0
0
0
0
0
0
0
0
0
0
0
0
0
0
0
0
0
0
0
0
0
0
0
0
0
0
0
0
0
0
0
0
0
0
0
0
0
0
0
0
0
0
0
0
0
0
0
0
0
0
0
0
0
0
0
0
0
0
0
0
0
0
0
0
0
0
0
0.313726
0.301961
0.403922
0.505882
0.027451
0
0
0
0
0
0
0
0
0
0
0
0
0
0
0.137255
0.952941
0.968627
0.576471
0.709804
0.419608
0
0
0
0
0
0
0
0
0
0
0
0
0
0.168627
0.870588
0.952941
0.596078
0.160784
0.490196
0.435294
0
0
0
0
0
0
0
0
0
0
0
0.0627451
0.580392
0.964706
0.713726
0.447059
0.694118
0.760784
0.905882
0.333333
0
0
0
0
0
0
0
0
0
0
0
0.266667
0.478431
0.635294
0.321569
0
0
0.196078
0.839216
0.027451
0
0
0
0
0
0
0
0
0
0
0
0
0
0.423529
0.709804
0.223529
0.286275
0.823529
0.207843
0
0
0
0
0
0
0
0
0
0
0
0
0
0
0.00392157
0.439216
0.713726
0.698039
0.141176
0
0
0
0
0
0
0
0
0
0
0
0
0
0
0
0
0
0
0
0
0
0
0
0
0
0
0
0
0
0
0
0
0
0
0
0
0
0
0
0
0
0
0
0
0
0
0
0
0
0
0
0
0
0
0
0
0
0
0
0
0
0
0
0
0
0
0
0
0
0
0
0
0
0
0
0
0
0
0
0
0
0
0
0
0
0
0
0
0
0
0
0
0
0
0
0
0
0
0
0
0
0
0
0
0
0
0
