0
0
0
0
0
0
0
0
0
0
0
0
0
0
0
0
0
0
0
0
0
0
0
0
0
0
0
0
0
0
0
0
0
0
0
0
0
0
0
0
0
0
0
0
0
0
0
0
0
0
0
0
0
0
0
0
0
0
0
0
0
0
0
0
0
0
0
0
0
0
0
0
0
0
0
0
0
0
0
0
0
0
0
0
0
0
0
0
0
0
0
0
0
0
0
0
0
0
0
0
0
0
0
0
0
0
0
0
0
0
0
0
0
0
0
0
0
0
0
0
0
0
0
0
0
0
0
0
0
0
0
0
0
0
0
0
0
0
0
0
0
0
0
0
0
0
0
0
0
0
0.137255
0.176471
0
0
0
0
0
0
0
0
0
0
0
0
0
0
0
0
0
0.309804
0.886275
0.376471
0.152941
0.027451
0
0
0
0
0
0
0
0
0
0
0
0
0
0
0.109804
0.890196
0.141176
0.368627
0.768627
0.890196
0.109804
0
0
0
0
0
0
0
0
0
0
0
0
0
0.509804
0.443137
0
0
0
0.462745
0.498039
0
0
0
0
0
0
0
0
0
0
0
0
0
0.545098
0.345098
0
0
0
0.360784
0.533333
0
0
0
0
0
0
0
0
0
0
0
0
0
0.462745
0.541176
0
0
0
0.494118
0.439216
0
0
0
0
0
0
0
0
0
0
0
0
0
0.0392157
0.768627
0.505882
0.0196078
0.203922
0.862745
0.121569
0
0
0
0
0
0
0
0
0
0
0
0
0
0
0.027451
0.568627
0.92549
0.854902
0.223529
0
0
0
0
0
0
0
0
0
0
0
0
0
0
0
0
0
0.0196078
0
0
0
0
0
0
0
0
0
0
0
0
0
0
0
0
0
0
0
0
0
0
0
0
0
0
0
0
0
0
0
0
0
0
0
0
0
0
0
0
0
0
0
0
0
0
0
0
0
0
0
0
0
0
0
0
0
0
0
0
0
0
0
0
0
0
0
0
0
0
0
0
0
0
0
0
0
0
0
0
0
0
0
0
0
0
0
0
