0
0
0
0
0
0
0
0
0
0
0
0
0
0
0
0
0
0
0
0
0
0
0
0
0
0
0
0
0
0
0
0
0
0
0
0
0
0
0
0
0
0
0
0
0
0
0
0
0
0
0
0
0
0
0
0
0
0
0
0
0
0
0
0
0
0
0
0
0
0
0
0
0
0
0
0
0
0
0
0
0
0
0
0
0
0
0
0
0
0
0
0
0
0
0
0
0
0
0
0
0
0
0
0
0
0
0
0
0
0
0
0
0
0
0
0
0
0
0
0
0
0
0
0
0
0
0
0
0
0
0
0
0
0
0
0
0
0
0
0
0
0
0
0
0
0
0
0
0
0
0
0
0
0
0
0
0
0
0
0
0
0
0
0
0
0
0
0
0.137255
0.780392
0.823529
0.670588
0.0862745
0
0
0
0
0
0
0
0
0
0
0
0
0
0
0.0313726
0.839216
0.243137
0.219608
0.458824
0.729412
0.00392157
0
0
0
0
0
0
0
0
0
0
0
0
0
0.313726
0.576471
0
0
0
0.792157
0.129412
0
0
0
0
0
0
0
0
0
0
0
0
0
0.392157
0.505882
0
0
0
0.741176
0.141176
0
0
0
0
0
0
0
0
0
0
0
0
0
0.0666667
0.8
0.164706
0
0
0.72549
0.12549
0
0
0
0
0
0
0
0
0
0
0
0
0
0
0.156863
0.847059
0.627451
0.576471
0.796078
0.0431373
0
0
0
0
0
0
0
0
0
0
0
0
0
0
0
0.027451
0.227451
0.345098
0.0784314
0
0
0
0
0
0
0
0
0
0
0
0
0
0
0
0
0
0
0
0
0
0
0
0
0
0
0
0
0
0
0
0
0
0
0
0
0
0
0
0
0
0
0
0
0
0
0
0
0
0
0
0
0
0
0
0
0
0
0
0
0
0
0
0
0
0
0
0
0
0
0
0
0
0
0
0
0
0
0
0
0
0
0
0
0
0
0
0
0
0
0
0
0
0
0
0
0
0
0
0
0
0
0
0
0
0
0
