0
0
0
0
0
0
0
0
0
0
0
0
0
0
0
0
0
0
0
0
0
0
0
0
0
0
0
0
0
0
0
0
0
0
0
0
0
0
0
0
0
0
0
0
0
0
0
0
0
0
0
0
0
0
0
0
0
0
0
0
0
0
0
0
0
0
0
0
0
0
0
0
0
0
0
0
0
0
0
0
0
0
0
0
0
0
0
0
0
0
0
0
0
0
0
0
0
0
0
0
0
0
0
0
0
0
0
0
0
0
0
0
0
0
0
0
0
0
0
0
0
0
0
0
0
0
0
0
0
0
0
0
0
0
0
0
0
0
0
0
0
0
0
0
0
0
0
0
0
0
0
0.105882
0.133333
0
0
0
0
0
0
0
0
0
0
0
0
0
0
0
0
0
0.0588235
0.8
0.909804
0.360784
0
0
0
0
0
0
0
0
0
0
0
0
0
0
0
0.0431373
0.752941
0.619608
0.219608
0.854902
0.12549
0
0
0
0
0
0
0
0
0
0
0
0
0
0.054902
0.737255
0.658824
0.352941
0.266667
0.439216
0.447059
0
0
0
0
0
0
0
0
0
0
0
0
0.027451
0.792157
0.901961
0.0666667
0
0
0.427451
0.47451
0
0
0
0
0
0
0
0
0
0
0
0
0.168627
0.556863
0.898039
0.0588235
0
0.0784314
0.811765
0.239216
0
0
0
0
0
0
0
0
0
0
0
0
0
0
0.431373
0.886275
0.894118
0.886275
0.419608
0
0
0
0
0
0
0
0
0
0
0
0
0
0
0
0
0
0
0
0
0
0
0
0
0
0
0
0
0
0
0
0
0
0
0
0
0
0
0
0
0
0
0
0
0
0
0
0
0
0
0
0
0
0
0
0
0
0
0
0
0
0
0
0
0
0
0
0
0
0
0
0
0
0
0
0
0
0
0
0
0
0
0
0
0
0
0
0
0
0
0
0
0
0
0
0
0
0
0
0
0
0
0
0
0
0
0
0
0
0
0
0
0
0
0
0
0
0
0
0
0
0
0
0
0
0
