0
0
0
0
0
0
0
0
0
0
0
0
0
0
0
0
0
0
0
0
0
0
0
0
0
0
0
0
0
0
0
0
0
0
0
0
0
0
0
0
0
0
0
0
0
0
0
0
0
0
0
0
0
0
0
0
0
0
0
0
0
0
0
0
0
0
0
0
0
0
0
0
0
0
0
0
0
0
0
0
0
0
0
0
0
0
0
0
0
0
0
0
0
0
0
0
0
0
0
0
0
0
0
0
0
0
0
0
0
0
0
0
0
0
0
0
0
0
0
0
0
0
0
0
0
0
0
0
0
0
0
0
0
0
0
0
0
0
0
0
0
0
0
0
0
0
0
0
0
0
0
0.0745098
0
0
0
0
0
0
0
0
0
0
0
0
0
0
0
0
0
0
0.0588235
0.92549
0.768627
0.298039
0
0
0
0
0
0
0
0
0
0
0
0
0
0
0
0.00784314
0.658824
0.894118
0.407843
0.878431
0
0
0
0
0
0
0
0
0
0
0
0
0
0
0.0352941
0.678431
0.901961
0.580392
0.764706
0.945098
0.0196078
0
0
0
0
0
0
0
0
0
0
0
0
0
0.745098
0.913725
0.509804
0
0.141176
0.831373
0.00392157
0
0
0
0
0
0
0
0
0
0
0
0
0
0.141176
0.670588
0.556863
0.423529
0.803922
0.333333
0
0
0
0
0
0
0
0
0
0
0
0
0
0
0
0.188235
0.498039
0.478431
0.239216
0
0
0
0
0
0
0
0
0
0
0
0
0
0
0
0
0
0
0
0
0
0
0
0
0
0
0
0
0
0
0
0
0
0
0
0
0
0
0
0
0
0
0
0
0
0
0
0
0
0
0
0
0
0
0
0
0
0
0
0
0
0
0
0
0
0
0
0
0
0
0
0
0
0
0
0
0
0
0
0
0
0
0
0
0
0
0
0
0
0
0
0
0
0
0
0
0
0
0
0
0
0
0
0
0
0
0
0
0
0
0
0
0
0
0
0
0
0
0
0
0
0
0
0
0
0
0
