0
0
0
0
0
0
0
0
0
0
0
0
0
0
0
0
0
0
0
0
0
0
0
0
0
0
0
0
0
0
0
0
0
0
0
0
0
0
0
0
0
0
0
0
0
0
0
0
0
0
0
0
0
0
0
0
0
0
0
0
0
0
0
0
0
0
0
0
0
0
0
0
0
0
0
0
0
0
0
0
0
0
0
0
0
0
0
0
0
0
0
0
0
0
0
0
0
0
0
0
0
0
0
0
0
0
0
0
0
0
0
0
0
0
0
0
0
0
0
0
0
0
0
0
0
0
0
0
0
0
0
0.12549
0
0
0
0
0
0
0
0
0
0
0
0
0
0
0
0
0
0
0.4
0.980392
0.898039
0.678431
0.0235294
0
0
0
0
0
0
0
0
0
0
0
0
0
0
0.447059
0.968627
0.392157
0.0313726
0.564706
0.427451
0
0
0
0
0
0
0
0
0
0
0
0
0
0.305882
0.956863
0.737255
0.0235294
0
0.462745
0.47451
0
0
0
0
0
0
0
0
0
0
0
0.0235294
0.498039
0.921569
0.247059
0.67451
0.898039
0.878431
0.992157
0.431373
0
0
0
0
0
0
0
0
0
0
0.0235294
0.733333
0.690196
0.733333
0
0
0.00784314
0.227451
0.835294
0.121569
0
0
0
0
0
0
0
0
0
0
0.0235294
0.364706
0.196078
0.807843
0.0627451
0.00392157
0.470588
0.823529
0.192157
0
0
0
0
0
0
0
0
0
0
0
0
0
0.00392157
0.486275
0.894118
0.8
0.596078
0.027451
0
0
0
0
0
0
0
0
0
0
0
0
0
0
0
0
0.0470588
0.141176
0
0
0
0
0
0
0
0
0
0
0
0
0
0
0
0
0
0
0
0
0
0
0
0
0
0
0
0
0
0
0
0
0
0
0
0
0
0
0
0
0
0
0
0
0
0
0
0
0
0
0
0
0
0
0
0
0
0
0
0
0
0
0
0
0
0
0
0
0
0
0
0
0
0
0
0
0
0
0
0
0
0
0
0
0
0
0
0
0
0
0
0
0
0
0
0
0
0
0
0
0
0
0
0
0
0
0
0
0
