0
0
0
0
0
0
0
0
0
0
0
0
0
0
0
0
0
0
0
0
0
0
0
0
0
0
0
0
0
0
0
0
0
0
0
0
0
0
0
0
0
0
0
0
0
0
0
0
0
0
0
0
0
0
0
0
0
0
0
0
0
0
0
0
0
0
0
0
0
0
0
0
0
0
0
0
0
0
0
0
0
0
0
0
0
0
0
0
0
0
0
0
0
0
0
0
0
0
0
0
0
0
0
0
0
0
0
0
0
0
0
0
0
0
0
0
0
0
0
0
0
0
0
0
0
0
0
0
0
0
0.247059
0.568627
0.545098
0.454902
0.47451
0
0
0
0
0
0
0
0
0
0
0
0
0
0.2
0.0745098
0.572549
0.313726
0.231373
0.180392
0.254902
0
0
0
0
0
0
0
0
0
0
0
0
0.227451
0.807843
0.0862745
0
0
0
0
0
0
0
0
0
0
0
0
0
0
0
0
0
0.858824
0.341176
0
0
0
0
0
0
0
0
0
0
0
0
0
0
0
0
0
0
0.329412
0.796078
0.631373
0.109804
0
0
0
0
0
0
0
0
0
0
0
0
0
0
0
0
0
0.00784314
0.337255
0.819608
0.156863
0.00392157
0
0
0
0
0
0
0
0
0
0
0
0
0
0
0
0
0
0.00392157
0.447059
0.356863
0.00392157
0
0
0
0
0
0
0
0
0
0
0
0
0
0
0
0
0
0
0.552941
0.498039
0
0
0
0
0
0
0
0
0
0
0
0
0
0
0
0
0.172549
0.552941
0.772549
0.635294
0
0
0
0
0
0
0
0
0
0
0
0
0
0
0.133333
0.670588
0.776471
0.427451
0.168627
0.00392157
0
0
0
0
0
0
0
0
0
0
0
0
0
0
0.105882
0.294118
0.00392157
0
0
0
0
0
0
0
0
0
0
0
0
0
0
0
0
0
0
0
0
0
0
0
0
0
0
0
0
0
0
0
0
0
0
0
0
0
0
0
0
0
0
0
0
0
0
0
0
0
0
0
0
0
0
0
0
0
0
0
0
0
0
0
0
0
0
0
0
0
