0
0
0
0
0
0
0
0
0
0
0
0
0
0
0
0
0
0
0
0
0
0
0
0
0
0
0
0
0
0
0
0
0
0
0
0
0
0
0
0
0
0
0
0
0
0
0
0
0
0
0
0
0
0
0
0
0
0
0
0
0
0
0
0
0
0
0
0
0
0
0
0
0
0
0
0
0
0
0
0
0
0
0
0
0
0
0
0
0
0
0
0
0
0
0
0
0
0
0
0
0
0
0
0
0
0
0
0
0
0
0
0
0
0
0
0
0
0
0
0
0
0
0
0
0
0
0
0
0
0
0
0
0
0
0
0
0
0
0
0
0
0
0
0
0
0
0
0
0.352941
0.776471
0.803922
0.819608
0.364706
0
0
0
0
0
0
0
0
0
0
0
0
0
0
0
0.262745
0.152941
0.0705882
0.341176
0.619608
0
0
0
0
0
0
0
0
0
0
0
0
0
0
0
0
0
0
0.494118
0.470588
0
0
0
0
0
0
0
0
0
0
0
0
0
0
0
0
0
0.0862745
0.870588
0.0784314
0
0
0
0
0
0
0
0
0
0
0
0
0
0
0
0
0.0941176
0.756863
0.376471
0
0
0
0
0
0
0
0
0
0
0
0
0
0
0
0
0.203922
0.956863
0.811765
0.337255
0.298039
0
0
0
0
0
0
0
0
0
0
0
0
0
0
0
0.105882
0.360784
0.286275
0.435294
0.490196
0
0
0
0
0
0
0
0
0
0
0
0
0
0
0
0
0
0
0
0
0
0
0
0
0
0
0
0
0
0
0
0
0
0
0
0
0
0
0
0
0
0
0
0
0
0
0
0
0
0
0
0
0
0
0
0
0
0
0
0
0
0
0
0
0
0
0
0
0
0
0
0
0
0
0
0
0
0
0
0
0
0
0
0
0
0
0
0
0
0
0
0
0
0
0
0
0
0
0
0
0
0
0
0
0
0
0
0
0
0
0
0
0
0
0
0
0
0
0
0
0
0
0
0
0
0
0
