0
0
0
0
0
0
0
0
0
0
0
0
0
0
0
0
0
0
0
0
0
0
0
0
0
0
0
0
0
0
0
0
0
0
0
0
0
0
0
0
0
0
0
0
0
0
0
0
0
0
0
0
0
0
0
0
0
0
0
0
0
0
0
0
0
0
0
0
0
0
0
0
0
0
0
0
0
0
0
0
0
0
0
0
0
0
0
0
0.427451
0.129412
0
0
0
0
0
0
0
0
0
0
0
0
0
0
0
0
0
0
0.411765
0.870588
0.313726
0
0
0
0
0
0
0
0
0
0
0
0
0
0
0
0
0
0
0.141176
0.823529
0.298039
0
0
0
0
0
0
0
0
0
0
0
0
0
0
0
0
0
0
0.192157
0.807843
0
0
0
0
0
0
0
0
0
0
0
0
0
0
0
0
0
0
0
0.890196
0.00784314
0
0
0
0
0
0
0
0
0
0
0
0
0
0
0
0
0
0
0.807843
0.0588235
0
0
0
0
0
0
0
0
0
0
0
0
0
0
0
0
0
0
0.847059
0.0627451
0
0
0
0
0
0
0
0
0
0
0
0
0
0
0
0
0
0.270588
0.760784
0
0
0
0
0
0
0
0
0
0
0
0
0
0
0
0
0
0.227451
0.854902
0.552941
0.0352941
0
0
0
0
0
0
0
0
0
0
0
0
0
0
0
0.560784
0.964706
0.592157
0.623529
0.839216
0.647059
0.388235
0.235294
0
0
0
0
0
0
0
0
0
0
0
0
0.364706
0.156863
0
0
0.0235294
0.223529
0.572549
0.647059
0.0352941
0
0
0
0
0
0
0
0
0
0
0
0
0
0
0
0
0
0
0
0
0
0
0
0
0
0
0
0
0
0
0
0
0
0
0
0
0
0
0
0
0
0
0
0
0
0
0
0
0
0
0
0
0
0
0
0
0
0
0
0
0
0
0
0
0
0
0
0
0
0
0
0
0
0
0
0
0
0
0
0
0
0
0
0
0
0
0
0
0
0
0
0
0
0
0
0
0
0
0
0
0
0
0
