0
0
0
0
0
0
0
0
0
0
0
0
0
0
0
0
0
0
0
0
0
0
0
0
0
0
0
0
0
0
0
0
0
0
0
0
0
0
0
0
0
0
0
0
0
0
0
0
0
0
0
0
0
0
0
0
0
0
0
0
0
0
0
0
0
0
0
0
0
0
0
0
0
0
0
0
0
0
0
0
0
0
0
0
0
0
0
0
0
0
0
0
0
0
0
0
0
0
0
0
0
0
0
0
0
0
0
0
0
0
0
0
0
0
0
0
0
0
0
0
0
0
0
0
0
0
0
0
0
0
0.00784314
0.00784314
0.00784314
0
0
0
0
0
0
0
0
0
0
0
0
0
0
0
0
0.258824
0.894118
0.858824
0.866667
0.443137
0
0
0
0
0
0
0
0
0
0
0
0
0
0
0
0.0784314
0.101961
0
0.188235
0.705882
0
0
0
0
0
0
0
0
0
0
0
0
0
0
0
0
0
0
0.145098
0.745098
0
0
0
0
0
0
0
0
0
0
0
0
0
0
0
0
0
0
0.505882
0.592157
0
0
0
0
0
0
0
0
0
0
0
0
0
0.12549
0.686275
0.745098
0.760784
0.823529
1
0.858824
0.823529
0.623529
0
0
0
0
0
0
0
0
0
0
0
0.254902
0.811765
0.247059
0.588235
0.819608
0.129412
0.0627451
0.0901961
0.0588235
0
0
0
0
0
0
0
0
0
0
0
0.0117647
0.627451
0.811765
0.603922
0.0588235
0
0
0
0
0
0
0
0
0
0
0
0
0
0
0
0
0
0
0
0
0
0
0
0
0
0
0
0
0
0
0
0
0
0
0
0
0
0
0
0
0
0
0
0
0
0
0
0
0
0
0
0
0
0
0
0
0
0
0
0
0
0
0
0
0
0
0
0
0
0
0
0
0
0
0
0
0
0
0
0
0
0
0
0
0
0
0
0
0
0
0
0
0
0
0
0
0
0
0
0
0
0
0
0
0
0
0
0
0
0
0
0
0
0
0
0
0
0
0
0
0
0
0
0
0
0
0
0
