0
0
0
0
0
0
0
0
0
0
0
0
0
0
0
0
0
0
0
0
0
0
0
0
0
0
0
0
0
0
0
0
0
0
0
0
0
0
0
0
0
0
0
0
0
0
0
0
0
0
0
0
0
0
0
0
0
0
0
0
0
0
0
0
0
0
0
0
0
0
0
0
0
0
0
0
0
0
0
0
0
0
0
0
0
0
0
0
0
0
0
0
0
0
0
0
0
0
0
0
0
0
0
0
0
0
0
0.211765
0.862745
0.843137
0.254902
0
0
0
0
0
0
0
0
0
0
0
0
0
0
0
0
0.211765
0.356863
0.219608
0.607843
0
0
0
0
0
0
0
0
0
0
0
0
0
0
0
0
0
0
0
0.592157
0.364706
0
0
0
0
0
0
0
0
0
0
0
0
0
0
0
0
0
0
0.164706
0.764706
0
0
0
0
0
0
0
0
0
0
0
0
0
0
0
0
0
0
0.0784314
0.835294
0
0
0
0
0
0
0
0
0
0
0
0
0
0
0
0
0
0
0.00784314
0.866667
0
0
0
0
0
0
0
0
0
0
0
0
0
0
0
0
0
0
0.0980392
0.87451
0
0
0
0
0
0
0
0
0
0
0
0
0
0
0
0
0
0.164706
0.780392
0.407843
0
0
0
0
0
0
0
0
0
0
0
0
0
0
0
0.419608
0.831373
1
0.843137
0.541176
0.505882
0.494118
0.329412
0
0
0
0
0
0
0
0
0
0
0
0
0.309804
0.4
0.333333
0.337255
0.341176
0.396078
0.427451
0.27451
0
0
0
0
0
0
0
0
0
0
0
0
0
0
0
0
0
0
0
0
0
0
0
0
0
0
0
0
0
0
0
0
0
0
0
0
0
0
0
0
0
0
0
0
0
0
0
0
0
0
0
0
0
0
0
0
0
0
0
0
0
0
0
0
0
0
0
0
0
0
0
0
0
0
0
0
0
0
0
0
0
0
0
0
0
0
0
0
0
0
0
0
0
0
0
0
0
0
0
0
0
0
0
0
0
