0
0
0
0
0
0
0
0
0
0
0
0
0
0
0
0
0
0
0
0
0
0
0
0
0
0
0
0
0
0
0
0
0
0
0
0
0
0
0
0
0
0
0
0
0
0
0
0
0
0
0
0
0
0
0
0
0
0
0
0
0
0
0
0
0
0
0
0
0
0
0
0
0
0
0
0
0
0
0
0
0
0
0
0
0
0
0
0
0
0
0
0
0
0
0
0
0
0
0
0
0
0
0
0
0
0
0
0
0
0
0
0
0
0
0
0
0
0
0
0
0
0
0
0
0
0
0
0
0.109804
0.403922
0.380392
0.0588235
0
0
0
0
0
0
0
0
0
0
0
0
0
0
0
0
0.262745
0.509804
0.541176
0.835294
0.054902
0
0
0
0
0
0
0
0
0
0
0
0
0
0
0
0
0
0
0.580392
0.364706
0
0
0
0
0
0
0
0
0
0
0
0
0
0
0
0
0
0
0.278431
0.627451
0
0
0
0
0
0
0
0
0
0
0
0
0
0
0
0
0
0
0.294118
0.666667
0
0
0
0
0
0
0
0
0
0
0
0
0
0
0
0.00784314
0.552941
0.764706
0.901961
0.396078
0
0
0
0
0
0
0
0
0
0
0
0
0
0
0
0.478431
0.909804
0.870588
0.623529
0.847059
0.454902
0.12549
0
0
0
0
0
0
0
0
0
0
0
0
0
0.0941176
0.462745
0.333333
0.00392157
0.0784314
0.572549
0.305882
0
0
0
0
0
0
0
0
0
0
0
0
0
0
0
0
0
0
0
0
0
0
0
0
0
0
0
0
0
0
0
0
0
0
0
0
0
0
0
0
0
0
0
0
0
0
0
0
0
0
0
0
0
0
0
0
0
0
0
0
0
0
0
0
0
0
0
0
0
0
0
0
0
0
0
0
0
0
0
0
0
0
0
0
0
0
0
0
0
0
0
0
0
0
0
0
0
0
0
0
0
0
0
0
0
0
0
0
0
0
0
0
0
0
0
0
0
0
0
0
0
0
0
0
0
