0
0
0
0
0
0
0
0
0
0
0
0
0
0
0
0
0
0
0
0
0
0
0
0
0
0
0
0
0
0
0
0
0
0
0
0
0
0
0
0
0
0
0
0
0
0
0
0
0
0
0
0
0
0
0
0
0
0
0
0
0
0
0
0
0
0
0
0
0
0
0
0
0
0
0
0
0
0
0
0
0
0
0
0
0
0
0
0
0
0
0
0
0
0
0
0
0
0
0
0
0
0
0
0
0
0
0
0
0
0
0
0
0
0
0
0
0
0
0
0
0
0
0
0
0
0
0
0.564706
0.823529
0.643137
0.105882
0
0
0
0
0
0
0
0
0
0
0
0
0
0
0
0.0352941
0.92549
0.0235294
0.176471
0.694118
0.423529
0
0
0
0
0
0
0
0
0
0
0
0
0
0
0.00392157
0.360784
0
0
0.0627451
0.835294
0.164706
0
0
0
0
0
0
0
0
0
0
0
0
0
0
0
0
0
0
0.619608
0.286275
0
0
0
0
0
0
0
0
0
0
0
0
0
0
0
0
0
0.00392157
0.831373
0.141176
0
0
0
0
0
0
0
0
0
0
0
0
0
0
0
0
0
0.192157
0.345098
0
0
0
0.447059
0.203922
0
0
0
0
0
0
0
0
0
0
0
0
0.341176
0.627451
0.4
0
0.0431373
0.643137
0.647059
0.0627451
0
0
0
0
0
0
0
0
0
0
0
0.0117647
0.988235
0.678431
0.443137
0.894118
0.92549
0.498039
0.00392157
0
0
0
0
0
0
0
0
0
0
0
0
0
0.529412
0.0627451
0
0
0.0196078
0
0
0
0
0
0
0
0
0
0
0
0
0
0
0
0
0
0
0
0
0
0
0
0
0
0
0
0
0
0
0
0
0
0
0
0
0
0
0
0
0
0
0
0
0
0
0
0
0
0
0
0
0
0
0
0
0
0
0
0
0
0
0
0
0
0
0
0
0
0
0
0
0
0
0
0
0
0
0
0
0
0
0
0
0
0
0
0
0
0
0
0
0
0
0
0
0
0
0
0
0
0
0
0
0
0
