0
0
0
0
0
0
0
0
0
0
0
0
0
0
0
0
0
0
0
0
0
0
0
0
0
0
0
0
0
0
0
0
0
0
0
0
0
0
0
0
0
0
0
0
0
0
0
0
0
0
0
0
0
0
0
0
0
0
0
0
0
0
0
0
0
0
0
0
0
0
0
0
0
0
0
0
0
0
0
0
0
0
0
0
0
0
0
0.176471
0.635294
0.607843
0.145098
0
0
0
0
0
0
0
0
0
0
0
0
0
0
0
0
0.87451
0.356863
0.341176
0.831373
0.0235294
0
0
0
0
0
0
0
0
0
0
0
0
0
0
0
0.2
0.00392157
0
0.760784
0.145098
0
0
0
0
0
0
0
0
0
0
0
0
0
0
0
0
0
0
0.745098
0.145098
0
0
0
0
0
0
0
0
0
0
0
0
0
0
0
0
0
0
0.737255
0.137255
0
0
0
0
0
0
0
0
0
0
0
0
0
0
0
0
0
0
0.870588
0.00784314
0
0
0
0
0
0
0
0
0
0
0
0
0
0
0
0
0
0.0352941
0.831373
0
0
0
0
0
0
0
0
0
0
0
0
0
0
0
0
0
0
0.203922
0.690196
0
0
0
0
0.380392
0.0745098
0
0
0
0
0
0
0
0
0
0
0.172549
0.886275
0.752941
0.27451
0
0
0
0.266667
0.811765
0.00784314
0
0
0
0
0
0
0
0
0
0
0.270588
0.733333
0.913725
0.843137
0.435294
0.427451
0.627451
0.862745
0.176471
0
0
0
0
0
0
0
0
0
0
0
0.180392
0.988235
0.313726
0.258824
0.501961
0.490196
0.388235
0.0352941
0
0
0
0
0
0
0
0
0
0
0
0
0
0.0784314
0
0
0
0
0
0
0
0
0
0
0
0
0
0
0
0
0
0
0
0
0
0
0
0
0
0
0
0
0
0
0
0
0
0
0
0
0
0
0
0
0
0
0
0
0
0
0
0
0
0
0
0
0
0
0
0
0
0
0
0
0
0
0
0
0
0
0
0
0
0
0
0
0
0
0
0
0
0
0
0
0
0
0
0
0
0
0
0
0
0
0
