0
0
0
0
0
0
0
0
0
0
0
0
0
0
0
0
0
0
0
0
0
0
0
0
0
0
0
0
0
0
0
0
0
0
0
0
0
0
0
0
0
0
0
0
0
0
0
0
0
0
0
0
0
0
0
0
0
0
0
0
0
0
0
0
0
0
0
0
0
0
0
0
0
0
0
0
0
0
0
0
0
0
0
0
0
0
0
0
0
0
0.027451
0
0
0
0
0
0
0
0
0
0
0
0
0
0
0
0
0
0
0.509804
0.964706
0.180392
0
0
0
0
0
0
0
0
0
0
0
0
0
0
0
0
0.168627
0.839216
0.396078
0.596078
0
0
0
0
0
0
0
0
0
0
0
0
0
0
0
0
0.639216
0.364706
0.239216
0.666667
0
0
0
0
0
0
0
0
0
0
0
0
0
0
0
0
0.823529
0.0901961
0.145098
0.745098
0
0
0
0
0
0
0
0
0
0
0
0
0
0
0
0
0.819608
0.0862745
0.105882
0.556863
0
0
0
0
0
0
0
0
0
0
0
0
0
0
0
0
0.819608
0.0862745
0.447059
0.552941
0
0
0
0
0
0
0
0
0
0
0
0
0
0
0
0
0.858824
0.223529
0.972549
0.945098
0.498039
0.00392157
0
0
0
0
0
0
0
0
0
0
0
0
0
0
0.803922
0.858824
0.745098
0.52549
0.701961
0.411765
0
0
0
0
0
0
0
0
0
0
0
0
0
0
0.756863
0.388235
0
0
0.352941
0.552941
0
0
0
0
0
0
0
0
0
0
0
0
0
0
0.431373
0.6
0
0
0.466667
0.490196
0
0
0
0
0
0
0
0
0
0
0
0
0
0
0.0470588
0.823529
0.631373
0.580392
0.878431
0.137255
0
0
0
0
0
0
0
0
0
0
0
0
0
0
0
0.0431373
0.313726
0.337255
0.105882
0
0
0
0
0
0
0
0
0
0
0
0
0
0
0
0
0
0
0
0
0
0
0
0
0
0
0
0
0
0
0
0
0
0
0
0
0
0
0
0
0
0
0
0
0
0
0
0
0
0
0
0
0
0
0
0
0
0
0
0
0
0
0
0
0
0
0
