0
0
0
0
0
0
0
0
0
0
0
0
0
0
0
0
0
0
0
0
0
0
0
0
0
0
0
0
0
0
0
0
0
0
0
0
0
0
0
0
0
0
0
0
0
0
0
0
0
0
0
0
0
0
0
0
0
0
0
0
0
0
0
0
0
0
0
0
0
0
0
0
0
0
0
0
0
0
0
0
0
0
0
0
0
0
0
0
0
0
0
0
0
0
0
0
0
0
0
0
0
0
0
0
0
0
0
0
0
0.121569
0.678431
0
0
0
0
0
0
0
0
0
0
0
0
0
0
0
0
0
0
0.498039
0.623529
0
0
0
0
0
0
0
0
0
0
0
0
0
0
0
0
0.0784314
0.501961
0.980392
0.423529
0
0
0
0
0
0
0
0
0
0
0
0
0
0
0
0
0.247059
0.564706
0.533333
0.407843
0
0
0
0
0
0
0
0
0
0
0
0
0
0
0
0
0
0
0.478431
0.411765
0
0
0
0
0
0
0
0
0
0
0
0
0
0
0
0
0
0
0.478431
0.823529
0.831373
0.619608
0.0901961
0
0
0
0
0
0
0
0
0
0
0
0
0
0
0
0.478431
0.901961
0.12549
0.454902
0.780392
0
0
0
0
0
0
0
0
0
0
0
0
0
0
0
0.478431
0.411765
0
0
0.847059
0.0705882
0
0
0
0
0
0
0
0
0
0
0
0
0
0
0.490196
0.423529
0
0.00392157
0.870588
0.0588235
0
0
0
0
0
0
0
0
0
0
0
0
0
0
0.372549
0.678431
0.141176
0.592157
0.662745
0
0
0
0
0
0
0
0
0
0
0
0
0
0
0
0.0117647
0.639216
0.807843
0.505882
0.0392157
0
0
0
0
0
0
0
0
0
0
0
0
0
0
0
0
0
0
0
0
0
0
0
0
0
0
0
0
0
0
0
0
0
0
0
0
0
0
0
0
0
0
0
0
0
0
0
0
0
0
0
0
0
0
0
0
0
0
0
0
0
0
0
0
0
0
0
0
0
0
0
0
0
0
0
0
0
0
0
0
0
0
0
0
0
0
