0
0
0
0
0
0
0
0
0
0
0
0
0
0
0
0
0
0
0
0
0
0
0
0
0
0
0
0
0
0
0
0
0
0
0
0
0
0
0
0
0
0
0
0
0
0
0
0
0
0
0
0
0
0
0
0
0
0
0
0
0
0
0
0
0
0
0
0
0
0
0
0
0
0
0
0
0
0
0
0
0
0
0
0
0
0
0
0
0
0.133333
0.133333
0
0
0
0
0
0
0
0
0
0
0
0
0
0
0
0
0
0
0.588235
0.756863
0
0
0
0
0
0
0
0
0
0
0
0
0
0
0
0
0
0
0.772549
0.886275
0
0
0
0
0
0
0
0
0
0
0
0
0
0
0
0
0
0
0.811765
0.870588
0
0
0
0
0
0
0
0
0
0
0
0
0
0
0
0
0
0
0.776471
0.756863
0
0
0
0
0
0
0
0
0
0
0
0
0
0
0
0
0
0
0.796078
0.627451
0
0
0
0
0
0
0
0
0
0
0
0
0
0
0
0
0
0.0352941
0.870588
0.168627
0.52549
0.662745
0.160784
0
0
0
0
0
0
0
0
0
0
0
0
0
0
0.631373
0.968627
0.176471
0.972549
0.745098
0.913725
0.0392157
0
0
0
0
0
0
0
0
0
0
0
0.0627451
0.647059
0.596078
0.698039
0.227451
0.329412
0.541176
0.980392
0.0705882
0
0
0
0
0
0
0
0
0
0
0
0.203922
0.490196
0.00784314
0.572549
0.376471
0.00392157
0.447059
0.690196
0
0
0
0
0
0
0
0
0
0
0
0
0
0
0
0.290196
0.901961
0.890196
0.694118
0.0901961
0
0
0
0
0
0
0
0
0
0
0
0
0
0
0
0
0.196078
0.0588235
0
0
0
0
0
0
0
0
0
0
0
0
0
0
0
0
0
0
0
0
0
0
0
0
0
0
0
0
0
0
0
0
0
0
0
0
0
0
0
0
0
0
0
0
0
0
0
0
0
0
0
0
0
0
0
0
0
0
0
0
0
0
0
0
0
0
0
0
0
0
0
0
0
0
0
0
0
0
0
0
0
0
0
0
0
0
0
0
