0
0
0
0
0
0
0
0
0
0
0
0
0
0
0
0
0
0
0
0
0
0
0
0
0
0
0
0
0
0
0
0
0
0
0
0
0
0
0
0
0
0
0
0
0
0
0
0
0
0
0
0
0
0
0
0
0
0
0
0
0
0
0
0
0
0
0
0
0
0
0
0
0
0
0
0
0
0
0
0
0
0
0
0
0
0
0
0
0
0
0
0
0
0
0
0
0
0
0
0
0
0
0
0
0
0
0
0
0
0
0.0784314
0.431373
0.00784314
0
0
0
0
0
0
0
0
0
0
0
0
0
0
0
0
0
0.701961
0.937255
0.164706
0
0
0
0
0
0
0
0
0
0
0
0
0
0
0
0
0.403922
0.662745
0.678431
0.211765
0
0
0
0
0
0
0
0
0
0
0
0
0
0
0
0
0.803922
0.101961
0.705882
0.188235
0
0
0
0
0
0
0
0
0
0
0
0
0
0
0
0
0.768627
0
0.843137
0.0470588
0
0
0
0
0
0
0
0
0
0
0
0
0
0
0
0
0.87451
0.121569
0.823529
0
0
0
0
0
0
0
0
0
0
0
0
0
0
0
0
0
0.894118
0.576471
0.8
0.301961
0
0
0
0
0
0
0
0
0
0
0
0
0
0
0
0
0.941176
0.819608
0.454902
0.894118
0.0627451
0
0
0
0
0
0
0
0
0
0
0
0
0
0
0
0.929412
0.109804
0
0.658824
0.266667
0
0
0
0
0
0
0
0
0
0
0
0
0
0
0
0.670588
0.341176
0
0.635294
0.27451
0
0
0
0
0
0
0
0
0
0
0
0
0
0
0
0.196078
0.878431
0.403922
0.858824
0.12549
0
0
0
0
0
0
0
0
0
0
0
0
0
0
0
0
0.211765
0.560784
0.368627
0
0
0
0
0
0
0
0
0
0
0
0
0
0
0
0
0
0
0
0
0
0
0
0
0
0
0
0
0
0
0
0
0
0
0
0
0
0
0
0
0
0
0
0
0
0
0
0
0
0
0
0
0
0
0
0
0
0
0
0
0
0
0
0
0
0
0
