0
0
0
0
0
0
0
0
0
0
0
0
0
0
0
0
0
0
0
0
0
0
0
0
0
0
0
0
0
0
0
0
0
0
0
0
0
0
0
0
0
0
0
0
0
0
0
0
0
0
0
0
0
0
0
0
0
0
0
0
0
0
0
0
0
0
0
0
0
0
0
0
0
0
0
0
0
0
0
0
0
0
0
0
0
0
0
0
0
0
0
0
0
0
0
0
0
0
0
0
0
0
0
0
0
0
0
0
0
0
0
0
0
0
0
0
0
0
0
0
0
0
0
0
0
0
0
0
0.0196078
0.380392
0.592157
0.568627
0.407843
0
0
0
0
0
0
0
0
0
0
0
0
0
0
0.0352941
0.870588
0.619608
0.27451
0.392157
0.878431
0.00784314
0
0
0
0
0
0
0
0
0
0
0
0
0
0
0
0
0
0.596078
0.247059
0
0
0
0
0
0
0
0
0
0
0
0
0
0
0
0
0
0.0666667
0.545098
0
0
0
0
0
0
0
0
0
0
0
0
0
0
0
0
0
0.0235294
0.733333
0.168627
0
0
0
0
0
0
0
0
0
0
0
0
0
0
0
0
0.0117647
0.639216
0.537255
0
0
0
0
0
0
0
0
0
0
0
0
0
0
0
0
0.172549
0.811765
0.835294
0.847059
0.603922
0.176471
0
0
0
0
0
0
0
0
0
0
0
0
0
0
0.380392
0.509804
0.0117647
0.00392157
0.294118
0.811765
0.611765
0.192157
0
0
0
0
0
0
0
0
0
0
0
0
0
0
0
0
0
0.0627451
0.52549
0.121569
0
0
0
0
0
0
0
0
0
0
0
0
0
0
0
0
0
0
0
0
0
0
0
0
0
0
0
0
0
0
0
0
0
0
0
0
0
0
0
0
0
0
0
0
0
0
0
0
0
0
0
0
0
0
0
0
0
0
0
0
0
0
0
0
0
0
0
0
0
0
0
0
0
0
0
0
0
0
0
0
0
0
0
0
0
0
0
0
0
0
0
0
0
0
0
0
0
0
0
0
0
0
0
0
0
