0
0
0
0
0
0
0
0
0
0
0
0
0
0
0
0
0
0
0
0
0
0
0
0
0
0
0
0
0
0
0
0
0
0
0
0
0
0
0
0
0
0
0
0
0
0
0
0
0
0
0
0
0
0
0
0
0
0
0
0
0
0
0
0
0
0
0
0
0
0
0
0
0
0
0
0
0
0
0
0
0
0
0
0
0
0
0
0
0
0
0
0
0
0
0
0
0
0
0
0
0
0
0
0
0
0
0
0
0
0
0.00392157
0.0745098
0.0862745
0.00392157
0
0
0
0
0
0
0
0
0
0
0
0
0
0
0.0980392
0.870588
0.894118
0.807843
0.913725
0.313726
0
0
0
0
0
0
0
0
0
0
0
0
0
0
0.00392157
0.121569
0
0
0.545098
0.345098
0
0
0
0
0
0
0
0
0
0
0
0
0
0
0
0
0
0
0.52549
0.32549
0
0
0
0
0
0
0
0
0
0
0
0
0
0
0
0
0
0
0.611765
0.243137
0
0
0
0
0
0
0
0
0
0
0
0
0
0
0
0
0
0.0431373
0.862745
0.0313726
0
0
0
0
0
0
0
0
0
0
0
0
0
0
0
0.2
0.470588
0.552941
0.807843
0.52549
0.662745
0.0117647
0
0
0
0
0
0
0
0
0
0
0
0
0
0.380392
0.427451
0.647059
0.462745
0.376471
0.290196
0
0
0
0
0
0
0
0
0
0
0
0
0
0
0
0.156863
0.266667
0
0
0
0
0
0
0
0
0
0
0
0
0
0
0
0
0
0.0470588
0.403922
0.156863
0
0
0
0
0
0
0
0
0
0
0
0
0
0
0
0
0.0392157
0.686275
0.443137
0
0
0
0
0
0
0
0
0
0
0
0
0
0
0
0
0
0.294118
0.729412
0.0117647
0
0
0
0
0
0
0
0
0
0
0
0
0
0
0
0
0
0
0.00784314
0
0
0
0
0
0
0
0
0
0
0
0
0
0
0
0
0
0
0
0
0
0
0
0
0
0
0
0
0
0
0
0
0
0
0
0
0
0
0
0
0
0
0
0
0
0
0
0
0
0
