0
0
0
0
0
0
0
0
0
0
0
0
0
0
0
0
0
0
0
0
0
0
0
0
0
0
0
0
0
0
0
0
0
0
0
0
0
0
0
0
0
0
0
0
0
0
0
0
0
0
0
0
0
0
0
0
0
0
0
0
0
0
0
0
0
0
0
0
0
0
0
0
0
0
0
0
0
0
0
0
0
0
0
0
0
0
0
0
0
0
0
0
0
0
0
0
0
0
0
0
0
0
0
0
0
0
0
0
0
0
0
0
0
0
0
0
0
0
0
0
0
0
0
0
0
0
0
0
0
0
0.454902
0.364706
0
0
0
0
0
0
0
0
0
0
0
0
0
0
0
0
0
0.266667
0.972549
0.329412
0
0
0
0
0
0
0
0
0
0
0
0
0
0
0
0
0.0980392
0.862745
0.576471
0.239216
0
0
0
0
0
0
0
0
0
0
0
0
0
0
0
0
0.513726
0.396078
0.423529
0.239216
0
0
0
0
0
0
0
0
0
0
0
0
0
0
0
0
0.827451
0.403922
0.639216
0.427451
0.227451
0.254902
0.164706
0
0
0
0
0
0
0
0
0
0
0
0
0
0.298039
0.443137
0.823529
0.639216
0.560784
0.588235
0.392157
0
0
0
0
0
0
0
0
0
0
0
0
0
0
0
0.533333
0.333333
0
0
0
0
0
0
0
0
0
0
0
0
0
0
0
0
0
0
0.541176
0.341176
0
0
0
0
0
0
0
0
0
0
0
0
0
0
0
0
0
0
0.560784
0.360784
0
0
0
0
0
0
0
0
0
0
0
0
0
0
0
0
0
0
0.0862745
0.0392157
0
0
0
0
0
0
0
0
0
0
0
0
0
0
0
0
0
0
0
0
0
0
0
0
0
0
0
0
0
0
0
0
0
0
0
0
0
0
0
0
0
0
0
0
0
0
0
0
0
0
0
0
0
0
0
0
0
0
0
0
0
0
0
0
0
0
0
0
0
0
0
0
0
0
0
0
0
0
0
0
0
0
0
0
0
0
0
0
