0
0
0
0
0
0
0
0
0
0
0
0
0
0
0
0
0
0
0
0
0
0
0
0
0
0
0
0
0
0
0
0
0
0
0
0
0
0
0
0
0
0
0
0
0
0
0
0
0
0
0
0
0
0
0
0
0
0
0
0
0
0
0
0
0
0
0
0
0
0
0
0
0
0
0
0
0
0
0
0
0
0
0
0
0
0
0
0
0
0
0
0
0
0
0
0
0
0
0
0
0
0
0
0
0
0
0
0
0
0
0
0.0392157
0.419608
0
0
0
0
0
0
0
0
0
0
0
0
0
0
0
0
0
0.0117647
0.666667
0.490196
0
0
0
0
0
0
0
0
0
0
0
0
0
0
0
0
0
0.447059
0.6
0
0
0
0
0
0
0
0
0
0
0
0
0
0
0
0
0
0.156863
0.807843
0.027451
0
0
0
0
0
0
0
0
0
0
0
0
0
0
0
0
0
0.701961
0.227451
0
0
0
0
0
0
0
0
0
0
0
0
0
0
0
0
0
0.337255
0.611765
0
0.0431373
0.705882
0
0
0
0
0
0
0
0
0
0
0
0
0
0
0
0.219608
0.890196
0.537255
0.337255
0.792157
0
0
0
0
0
0
0
0
0
0
0
0
0
0
0
0
0.0235294
0.443137
0.643137
0.870588
0.0352941
0
0
0
0
0
0
0
0
0
0
0
0
0
0
0
0
0
0.211765
0.678431
0
0
0
0
0
0
0
0
0
0
0
0
0
0
0
0
0
0
0.243137
0.686275
0
0
0
0
0
0
0
0
0
0
0
0
0
0
0
0
0
0
0.101961
0.262745
0
0
0
0
0
0
0
0
0
0
0
0
0
0
0
0
0
0
0
0
0
0
0
0
0
0
0
0
0
0
0
0
0
0
0
0
0
0
0
0
0
0
0
0
0
0
0
0
0
0
0
0
0
0
0
0
0
0
0
0
0
0
0
0
0
0
0
0
0
0
0
0
0
0
0
0
0
0
0
0
0
0
0
0
0
0
0
