0
0
0
0
0
0
0
0
0
0
0
0
0
0
0
0
0
0
0
0
0
0
0
0
0
0
0
0
0
0
0
0
0
0
0
0
0
0
0
0
0
0
0
0
0
0
0
0
0
0
0
0
0
0
0
0
0
0
0
0
0
0
0
0
0
0
0
0
0
0
0
0
0
0
0
0
0
0
0
0
0
0
0
0
0
0
0
0
0
0
0
0
0
0
0
0
0
0
0
0
0
0
0
0
0
0
0
0
0
0
0
0
0
0
0
0
0
0
0
0
0
0
0
0
0
0
0
0
0
0
0
0
0
0
0
0
0
0
0
0
0
0
0
0
0
0
0
0
0
0
0.623529
0.211765
0
0
0
0
0
0
0
0
0
0
0
0
0
0
0
0
0
0.219608
0.788235
0.0235294
0
0
0
0
0
0
0
0
0
0
0
0
0
0
0
0
0
0.713726
0.211765
0
0
0
0
0
0
0
0
0
0
0
0
0
0
0
0
0
0.0862745
0.737255
0.00784314
0.709804
0
0
0
0
0
0
0
0
0
0
0
0
0
0
0
0
0.270588
0.764706
0.113725
0.890196
0.211765
0.0392157
0
0
0
0
0
0
0
0
0
0
0
0
0
0
0.027451
0.501961
0.423529
0.960784
0.678431
0.2
0
0
0
0
0
0
0
0
0
0
0
0
0
0
0
0
0.0117647
0.878431
0
0
0
0
0
0
0
0
0
0
0
0
0
0
0
0
0
0
0.0235294
0.835294
0
0
0
0
0
0
0
0
0
0
0
0
0
0
0
0
0
0
0
0.00392157
0
0
0
0
0
0
0
0
0
0
0
0
0
0
0
0
0
0
0
0
0
0
0
0
0
0
0
0
0
0
0
0
0
0
0
0
0
0
0
0
0
0
0
0
0
0
0
0
0
0
0
0
0
0
0
0
0
0
0
0
0
0
0
0
0
0
0
0
0
0
0
0
0
0
0
0
0
0
0
0
0
0
0
0
0
0
0
0
