0
0
0
0
0
0
0
0
0
0
0
0
0
0
0
0
0
0
0
0
0
0
0
0
0
0
0
0
0
0
0
0
0
0
0
0
0
0
0
0
0
0
0
0
0
0
0
0
0
0
0
0
0
0
0
0
0
0
0
0
0
0
0
0
0
0
0
0
0
0
0
0
0
0
0
0
0
0
0
0
0
0
0
0
0
0
0
0
0
0
0
0
0
0
0
0
0
0
0
0
0
0
0
0
0
0
0
0
0
0
0
0
0
0
0
0
0
0
0
0
0
0
0
0
0
0
0
0
0
0.545098
0.541176
0.368627
0.027451
0
0
0
0
0
0
0
0
0
0
0
0
0
0
0
0
0.247059
0.352941
0.835294
0.278431
0
0
0
0
0
0
0
0
0
0
0
0
0
0
0
0
0
0.0941176
0.878431
0.054902
0
0
0
0
0
0
0
0
0
0
0
0
0
0
0
0
0.054902
0.839216
0.4
0
0
0
0
0
0
0
0
0
0
0
0
0
0
0
0
0
0.0235294
0.509804
0.796078
0.00392157
0
0
0
0
0
0
0
0
0
0
0
0
0
0
0
0
0
0
0.419608
0.662745
0
0
0
0
0
0
0
0
0
0
0
0
0
0
0
0
0
0
0.564706
0.603922
0
0
0
0
0
0
0
0
0
0
0
0
0
0
0.2
0.270588
0.27451
0.603922
0.698039
0.027451
0
0
0
0
0
0
0
0
0
0
0
0
0
0
0.470588
0.603922
0.603922
0.407843
0.00784314
0
0
0
0
0
0
0
0
0
0
0
0
0
0
0
0
0
0
0
0
0
0
0
0
0
0
0
0
0
0
0
0
0
0
0
0
0
0
0
0
0
0
0
0
0
0
0
0
0
0
0
0
0
0
0
0
0
0
0
0
0
0
0
0
0
0
0
0
0
0
0
0
0
0
0
0
0
0
0
0
0
0
0
0
0
0
0
0
0
0
0
0
0
0
0
0
0
0
0
0
0
0
0
0
0
0
0
0
