0
0
0
0
0
0
0
0
0
0
0
0
0
0
0
0
0
0
0
0
0
0
0
0
0
0
0
0
0
0
0
0
0
0
0
0
0
0
0
0
0
0
0
0
0
0
0
0
0
0
0
0
0
0
0
0
0
0
0
0
0
0
0
0
0
0
0
0
0
0
0
0
0
0
0
0
0
0
0
0
0
0
0
0
0
0
0
0
0
0
0
0
0
0
0
0
0
0
0
0
0
0
0
0
0
0
0
0
0
0
0
0
0
0
0
0
0
0
0
0
0
0
0
0
0
0
0
0
0.137255
0.372549
0.407843
0.396078
0.105882
0
0
0
0
0
0
0
0
0
0
0
0
0
0
0.0196078
0.905882
0.486275
0.47451
0.513726
0.890196
0.0313726
0
0
0
0
0
0
0
0
0
0
0
0
0
0
0.0745098
0
0
0
0.819608
0.0862745
0
0
0
0
0
0
0
0
0
0
0
0
0
0
0
0
0
0.172549
0.811765
0.0235294
0
0
0
0
0
0
0
0
0
0
0
0
0
0
0
0
0.054902
0.521569
0.231373
0
0
0
0
0
0
0
0
0
0
0
0
0
0
0
0
0
0.701961
0.619608
0.0196078
0
0
0
0
0
0
0
0
0
0
0
0
0
0
0
0
0
0.109804
0.537255
0.803922
0.0705882
0
0
0
0
0
0
0
0
0
0
0
0
0
0
0
0
0
0.00392157
0.803922
0.105882
0
0
0
0
0
0
0
0
0
0
0
0
0
0
0
0
0
0.458824
0.643137
0
0
0
0
0
0
0
0
0
0
0
0
0
0
0
0
0.294118
0.733333
0.780392
0.0666667
0
0
0
0
0
0
0
0
0
0
0
0
0
0
0
0
0.219608
0.239216
0.0117647
0
0
0
0
0
0
0
0
0
0
0
0
0
0
0
0
0
0
0
0
0
0
0
0
0
0
0
0
0
0
0
0
0
0
0
0
0
0
0
0
0
0
0
0
0
0
0
0
0
0
0
0
0
0
0
0
0
0
0
0
0
0
0
0
0
0
0
0
