0
0
0
0
0
0
0
0
0
0
0
0
0
0
0
0
0
0
0
0
0
0
0
0
0
0
0
0
0
0
0
0
0
0
0
0
0
0
0
0
0
0
0
0
0
0
0
0
0
0
0
0
0
0
0
0
0
0
0
0
0
0
0
0
0
0
0
0
0
0
0
0
0
0
0
0
0
0
0
0
0
0
0
0
0
0
0
0
0
0
0
0
0
0
0
0
0
0
0
0
0
0
0
0
0
0
0
0
0
0
0
0
0
0
0
0
0
0
0
0
0
0
0
0
0
0
0
0
0
0
0
0
0
0
0
0
0
0
0
0
0
0
0
0
0
0
0
0
0.12549
0.501961
0.729412
0.737255
0.356863
0
0
0
0
0
0
0
0
0
0
0
0
0
0
0
0.380392
0.486275
0.172549
0.388235
0.686275
0
0
0
0
0
0
0
0
0
0
0
0
0
0
0
0
0
0.109804
0.792157
0.364706
0
0
0
0
0
0
0
0
0
0
0
0
0
0
0
0
0.109804
0.827451
0.345098
0
0
0
0
0
0
0
0
0
0
0
0
0
0
0
0
0
0.447059
0.905882
0.772549
0.2
0
0
0
0
0
0
0
0
0
0
0
0
0
0
0
0
0
0
0.156863
0.839216
0.105882
0
0
0
0
0
0
0
0
0
0
0
0
0
0
0
0
0
0
0.662745
0.313726
0
0
0
0
0
0
0
0
0
0
0
0
0
0
0
0
0.00784314
0.396078
0.764706
0.0235294
0
0
0
0
0
0
0
0
0
0
0
0
0
0
0
0
0.796078
0.635294
0.0745098
0
0
0
0
0
0
0
0
0
0
0
0
0
0
0
0
0
0.0470588
0
0
0
0
0
0
0
0
0
0
0
0
0
0
0
0
0
0
0
0
0
0
0
0
0
0
0
0
0
0
0
0
0
0
0
0
0
0
0
0
0
0
0
0
0
0
0
0
0
0
0
0
0
0
0
0
0
0
0
0
0
0
0
0
0
0
0
0
0
