0
0
0
0
0
0
0
0
0
0
0
0
0
0
0
0
0
0
0
0
0
0
0
0
0
0
0
0
0
0
0
0
0
0
0
0
0
0
0
0
0
0
0
0
0
0
0
0
0
0
0
0
0
0
0
0
0
0
0
0
0
0
0
0
0
0
0
0
0
0.113725
0.647059
0
0
0
0
0
0
0
0
0
0
0
0
0
0
0
0
0
0
0.509804
0.643137
0
0
0
0
0
0
0
0
0
0
0
0
0
0
0
0
0
0.188235
0.839216
0.756863
0.662745
0.207843
0
0
0
0
0
0
0
0
0
0
0
0
0
0
0.0117647
0.827451
0.262745
0.0235294
0.329412
0.741176
0.698039
0.0627451
0
0
0
0
0
0
0
0
0
0
0
0
0.466667
0.639216
0
0
0
0.133333
0.541176
0.858824
0.101961
0
0
0
0
0
0
0
0
0
0
0.333333
0.952941
0.443137
0.435294
0.796078
0.329412
0.741176
0.92549
0.721569
0.207843
0
0
0
0
0
0
0
0
0
0
0.47451
0.486275
0.352941
0.521569
0.905882
0.121569
0.0745098
0.827451
0.286275
0
0
0
0
0
0
0
0
0
0
0
0
0
0.301961
0.835294
0.133333
0
0
0.109804
0.827451
0.141176
0
0
0
0
0
0
0
0
0
0
0
0.423529
0.854902
0.145098
0
0
0
0.0117647
0.537255
0.52549
0
0
0
0
0
0
0
0
0
0.027451
0.529412
0.866667
0.376471
0.886275
0.439216
0.513726
0.686275
0.886275
0.713726
0.286275
0
0
0
0
0
0
0
0
0
0.635294
0.933333
0.72549
0.564706
0.929412
0.329412
0.835294
0.356863
0.00392157
0
0
0
0
0
0
0
0
0
0
0
0.145098
0.054902
0
0
0.909804
0
0.705882
0.105882
0
0
0
0
0
0
0
0
0
0
0
0
0
0
0
0
0.909804
0
0.752941
0.152941
0
0
0
0
0
0
0
0
0
0
0
0
0
0
0
0.00784314
0.823529
0.00392157
0.819608
0.113725
0
0
0
0
0
0
0
0
0
0
0
0
0
0
0
0
0
0
0.176471
0.00392157
0
0
0
0
0
0
0
0
0
0
0
0
0
0
0
0
0
0
0
0
0
0
0
0
0
0
0
0
0
0
0
0
0
0
0
0
0
0
0
0
0
0
0
0
0
0
0
