0
0
0
0
0
0
0
0
0
0
0
0
0
0
0
0
0
0
0
0
0
0
0
0
0
0
0
0
0
0
0
0
0
0
0
0
0
0
0
0
0
0
0
0
0
0
0
0
0
0
0
0
0
0
0
0
0
0
0
0
0
0
0
0
0
0
0
0
0
0.027451
0.0980392
0
0
0
0
0
0
0
0
0
0
0
0
0
0
0
0
0
0
0.388235
0.564706
0.627451
0.00392157
0
0
0
0
0
0
0
0
0
0
0
0
0
0
0
0
0.470588
0.192157
0.709804
0.243137
0
0
0
0
0
0
0
0
0
0
0
0
0
0
0
0
0.67451
0.0431373
0.278431
0.619608
0
0
0
0
0
0
0
0
0
0
0
0
0
0
0
0.054902
0.756863
0
0.0941176
0.831373
0
0
0
0
0
0
0
0
0
0
0
0
0
0
0
0.223529
0.654902
0
0
0.788235
0.0980392
0
0
0
0
0
0
0
0
0
0
0
0
0
0
0.462745
0.423529
0
0
0.352941
0.435294
0
0
0
0
0
0
0
0
0
0
0
0
0
0
0.576471
0.0862745
0
0
0
0.580392
0.0745098
0
0
0
0
0
0
0
0
0
0
0
0
0
0.623529
0
0
0
0
0
0.419608
0.00784314
0
0
0
0
0
0
0
0
0
0
0
0.113725
0.501961
0
0
0
0
0
0.603922
0.337255
0
0
0
0
0
0
0
0
0
0
0
0.521569
0.47451
0.00392157
0.0117647
0.0784314
0.2
0.207843
0.545098
0.631373
0
0
0
0
0
0
0
0
0
0
0
0.764706
0.780392
0.737255
0.862745
0.776471
0.686275
0.67451
0.643137
0.329412
0
0
0
0
0
0
0
0
0
0
0
0
0
0
0.486275
0.294118
0
0
0
0
0
0
0
0
0
0
0
0
0
0
0
0
0
0
0.513726
0.313726
0
0
0
0
0
0
0
0
0
0
0
0
0
0
0
0
0
0
0.6
0.337255
0
0
0
0
0
0
0
0
0
0
0
0
0
0
0
0
0
0
0.572549
0.121569
0
0
0
0
0
0
0
0
0
0
0
0
0
0
0
0
0
0
0
0
0
0
0
0
0
0
0
0
