0
0
0
0
0
0
0
0
0
0
0
0
0
0
0
0
0
0
0
0
0
0
0
0
0
0
0
0
0
0
0
0
0
0
0
0
0
0
0
0
0
0
0
0
0
0
0
0
0
0
0.00392157
0
0
0
0
0
0
0
0
0
0
0
0
0
0
0
0
0
0
0.0352941
0.792157
0.345098
0
0
0
0
0
0
0
0
0
0
0
0
0
0
0
0
0
0.403922
0.905882
0.796078
0.160784
0
0
0
0
0
0
0
0
0
0
0
0
0
0
0
0.435294
0.788235
0.0431373
0.294118
0.843137
0.309804
0
0
0
0
0
0
0
0
0
0
0
0
0
0.141176
0.909804
0.0470588
0
0
0.239216
0.956863
0.0901961
0
0
0
0
0
0
0
0
0
0
0
0
0.368627
0.898039
0.835294
0.631373
0
0.219608
0.960784
0.0980392
0
0
0
0
0
0
0
0
0
0
0
0
0
0.27451
0.898039
0.247059
0
0
0.431373
0.627451
0
0
0
0
0
0
0
0
0
0
0
0
0.203922
0.823529
0.152941
0
0
0.0352941
0.603922
1
0.141176
0
0
0
0
0
0
0
0
0
0
0
0.360784
0.913725
0.392157
0
0
0.00784314
0.443137
0.901961
0.0901961
0
0
0
0
0
0
0
0
0
0
0
0.192157
0.878431
0.270588
0
0
0
0
0.298039
0.847059
0.203922
0
0
0
0
0
0
0
0
0.0392157
0.490196
0.843137
0.254902
0
0
0
0.0627451
0.360784
0.643137
0.890196
0.898039
0
0
0
0
0
0
0
0.0784314
0.788235
0.772549
0.262745
0.258824
0.219608
0.286275
0.596078
0.878431
0.623529
0.388235
0.164706
0.121569
0
0
0
0
0
0
0
0.101961
0.494118
0.560784
0.552941
0.592157
0.921569
0.854902
0.576471
0.0627451
0
0
0
0
0
0
0
0
0
0
0
0
0
0
0
0
0.807843
0.521569
0.494118
0
0
0
0
0
0
0
0
0
0
0
0
0
0
0
0
0
0.780392
0.498039
0.403922
0
0
0
0
0
0
0
0
0
0
0
0
0
0
0
0
0
0.266667
0.0313726
0
0
0
0
0
0
0
0
0
0
0
0
0
0
0
0
0
0
0
0
0
0
0
0
0
0
0
0
0
0
0
0
0
0
0
0
0
0
0
0
0
0
0
0
0
0
0
0
0
