0
0
0
0
0
0
0
0
0
0
0
0
0
0
0
0
0
0
0
0
0
0
0
0
0
0
0
0
0
0
0
0
0
0
0
0
0
0
0
0
0
0
0
0
0
0
0
0
0
0
0
0
0
0
0
0
0
0
0
0
0
0
0
0
0
0
0
0
0
0
0
0
0
0
0
0
0
0
0
0
0
0
0
0
0
0
0
0
0
0.0941176
0.607843
0.00392157
0
0
0
0
0
0
0
0
0
0
0
0
0
0
0
0
0.113725
0.862745
0.854902
0.427451
0
0
0
0
0
0
0
0
0
0
0
0
0
0
0
0.141176
0.847059
0.32549
0.239216
0.972549
0.235294
0
0
0
0
0
0
0
0
0
0
0
0
0
0
0.764706
0.729412
0.372549
0.454902
0.901961
0.164706
0
0
0
0
0
0
0
0
0
0
0
0
0
0
0.243137
0.443137
0.647059
0.890196
0.356863
0.588235
0.0862745
0
0
0
0
0
0
0
0
0
0
0
0
0
0
0.172549
0.807843
0.592157
0.027451
0.309804
0.827451
0.137255
0
0
0
0
0
0
0
0
0
0
0
0
0.0901961
0.878431
0.509804
0.0901961
0
0
0.678431
0.623529
0
0
0
0
0
0
0
0
0
0
0
0
0.101961
0.580392
0.792157
0.709804
0
0.643137
0.929412
0.603922
0
0
0
0
0
0
0
0
0
0
0
0
0
0.294118
0.8
0.164706
0
0.364706
0.901961
0.164706
0
0
0
0
0
0
0
0
0
0
0
0.0196078
0.580392
0.764706
0.129412
0
0
0
0.160784
0.819608
0.0784314
0
0
0
0
0
0
0
0
0
0.0117647
0.705882
0.701961
0.133333
0.137255
0.113725
0.160784
0.478431
0.666667
0.913725
0.203922
0
0
0
0
0
0
0
0
0
0.231373
0.823529
0.733333
0.709804
0.603922
0.498039
0.701961
0.545098
0.164706
0.105882
0
0
0
0
0
0
0
0
0
0
0
0
0
0
0
0.0745098
0.839216
0
0
0
0
0
0
0
0
0
0
0
0
0
0
0
0
0
0
0.211765
0.721569
0
0
0
0
0
0
0
0
0
0
0
0
0
0
0
0
0
0
0.145098
0.352941
0
0
0
0
0
0
0
0
0
0
0
0
0
0
0
0
0
0
0
0
0
0
0
0
0
0
0
0
