0
0
0
0
0
0
0
0
0
0
0
0
0
0
0
0
0
0
0
0
0
0
0
0
0
0
0
0
0
0
0
0
0
0
0
0
0
0
0
0
0
0
0
0
0
0
0
0
0
0
0.694118
0.168627
0
0
0
0
0
0
0
0
0
0
0
0
0
0
0
0
0
0
0.435294
0.890196
0.101961
0
0
0
0
0
0
0
0
0
0
0
0
0
0
0
0
0.168627
0.866667
0.435294
0.796078
0.0313726
0
0
0
0
0
0
0
0
0
0
0
0
0
0
0.027451
0.776471
0.286275
0
0.360784
0.729412
0.0117647
0
0
0
0
0
0
0
0
0
0
0
0
0
0.407843
0.552941
0
0
0
0.670588
0.372549
0
0
0
0
0
0
0
0
0
0
0
0
0.00392157
0.858824
0.133333
0
0
0
0.890196
0.427451
0
0
0
0
0
0
0
0
0
0
0
0
0.0117647
0.937255
0.47451
0.4
0
0.129412
0.270588
0.905882
0.239216
0
0
0
0
0
0
0
0
0
0
0
0
0.388235
0.866667
0.670588
0.00784314
0.945098
0.854902
0.752941
0.337255
0
0
0
0
0
0
0
0
0
0
0
0
0.592157
0.670588
0
0
0.270588
0.643137
0.164706
0
0
0
0
0
0
0
0
0
0
0
0
0.0352941
0.666667
0.909804
0.164706
0
0.0470588
0.486275
0.890196
0.00392157
0
0
0
0
0
0
0
0
0
0
0
0
0.223529
0.776471
0.0705882
0
0.686275
0.878431
0.576471
0.00784314
0
0
0
0
0
0
0
0
0
0
0
0.160784
0.823529
0.207843
0.854902
0
0.0862745
0.811765
0.196078
0
0
0
0
0
0
0
0
0
0
0
0.141176
0.839216
0.207843
0.0196078
0.886275
0
0
0.27451
0.686275
0
0
0
0
0
0
0
0
0
0
0
0.752941
0.431373
0.109804
0.0862745
0.898039
0.188235
0.219608
0.219608
0.92549
0
0
0
0
0
0
0
0
0
0
0.0117647
0.658824
0.556863
0.427451
0.294118
0.992157
0.898039
0.686275
0.737255
0.623529
0
0
0
0
0
0
0
0
0
0
0
0
0
0
0.0235294
0.301961
0.823529
0
0
0
0
0
0
0
0
0
0
0
0
0
0
0
0
0
0
0.00784314
0.92549
0.00784314
0
0
0
0
0
0
0
0
0
0
0
0
0
0
0
0
0
0
0.180392
0
0
0
0
0
0
0
0
