0
0
0
0
0
0
0
0
0
0
0
0
0
0
0
0
0
0
0
0
0
0
0
0
0
0
0
0
0
0
0
0
0
0
0
0
0
0
0
0
0
0
0
0
0
0
0
0
0
0
0
0
0
0
0
0
0
0
0
0
0
0
0
0
0
0
0
0
0
0
0
0
0
0
0
0
0
0
0
0
0
0
0
0
0
0
0
0
0
0
0
0
0
0
0
0
0
0
0
0
0
0
0
0
0
0
0
0
0
0
0.462745
0.0235294
0
0
0
0
0
0
0
0
0
0
0
0
0
0
0
0
0
0.329412
0.937255
0.658824
0.054902
0
0
0
0
0
0
0
0
0
0
0
0
0
0
0
0.329412
0.854902
0.133333
0.486275
0.756863
0.137255
0
0
0
0
0
0
0
0
0
0
0
0
0
0.301961
0.839216
0.129412
0
0
0.290196
0.835294
0.258824
0
0
0
0
0
0
0
0
0
0
0
0.207843
0.870588
0.133333
0.0431373
0.0235294
0
0
0.160784
0.878431
0.101961
0
0
0
0
0
0
0
0
0
0
0.545098
0.839216
0.878431
0.992157
0.396078
0
0.294118
1
0.87451
0.141176
0
0
0
0
0
0
0
0
0
0
0
0.027451
0.698039
0.513726
0.00392157
0
0
0.478431
0.733333
0
0
0
0
0
0
0
0
0
0
0
0.027451
0.737255
0.619608
0.12549
0.423529
0.380392
0.560784
0.568627
0.976471
0.0235294
0
0
0
0
0
0
0
0
0
0
0.258824
0.690196
0.533333
0.560784
0.921569
0.568627
0.380392
0.337255
0.168627
0
0
0
0
0
0
0
0
0
0
0
0
0
0
0.207843
0.733333
0
0
0
0
0
0
0
0
0
0
0
0
0
0
0
0
0
0
0.47451
0.443137
0
0
0
0
0
0
0
0
0
0
0
0
0
0
0
0
0
0
0.478431
0.411765
0
0
0
0
0
0
0
0
0
0
0
0
0
0
0
0
0
0
0.478431
0.411765
0
0
0
0
0
0
0
0
0
0
0
0
0
0
0
0
0
0
0.235294
0.196078
0
0
0
0
0
0
0
0
0
0
0
0
0
0
0
0
0
0
0
0
0
0
0
0
0
0
0
0
0
