0
0
0
0
0
0
0
0
0
0
0
0
0
0
0
0
0
0
0
0
0
0
0
0
0
0
0
0
0
0
0
0
0
0
0
0
0
0
0
0
0
0
0
0
0
0
0
0
0
0
0.223529
0.380392
0.00392157
0
0
0
0
0
0
0
0
0
0
0
0
0
0
0
0
0.101961
0.847059
0.509804
0.756863
0.027451
0
0
0
0
0
0
0
0
0
0
0
0
0
0
0.054902
0.811765
0.321569
0
0.533333
0.560784
0
0
0
0
0
0
0
0
0
0
0
0
0
0.00392157
0.690196
0.494118
0
0
0.0313726
0.866667
0.00392157
0
0
0
0
0
0
0
0
0
0
0
0
0.552941
0.933333
0.552941
0.0588235
0
0
0.870588
0.0627451
0
0
0
0
0
0
0
0
0
0
0
0
0.180392
0.345098
0.909804
0.054902
0.619608
0.647059
0.905882
0.192157
0
0
0
0
0
0
0
0
0
0
0
0
0
0.341176
0.419608
0
0.478431
0.890196
0.278431
0
0
0
0
0
0
0
0
0
0
0
0
0
0.0901961
0.886275
0.121569
0
0
0.345098
0.898039
0.211765
0
0
0
0
0
0
0
0
0
0
0
0
0.211765
0.898039
0.443137
0
0
0.854902
0.937255
0.670588
0
0
0
0
0
0
0
0
0
0
0
0
0
0.203922
0.941176
0.0235294
0
0.329412
0.752941
0.0627451
0
0
0
0
0
0
0
0
0
0
0
0
0
0.364706
0.486275
0
0
0
0.423529
0.796078
0.137255
0
0
0
0
0
0
0
0
0
0
0
0.239216
0.478431
0
0
0
0
0
0.172549
0.823529
0.141176
0
0
0
0
0
0
0
0
0
0.145098
0.847059
0.12549
0
0.00784314
0.105882
0.458824
0.568627
0.686275
0.894118
0.443137
0
0
0
0
0
0
0
0
0
0.72549
0.823529
0.552941
0.580392
0.305882
0.611765
0.435294
0.290196
0.00392157
0
0
0
0
0
0
0
0
0
0
0
0.141176
0.121569
0.0352941
0.00392157
0.0784314
0.47451
0
0
0
0
0
0
0
0
0
0
0
0
0
0
0
0
0
0
0.152941
0.752941
0
0
0
0
0
0
0
0
0
0
0
0
0
0
0
0
0
0
0.156863
0.756863
0
0
0
0
0
0
0
0
0
0
0
0
0
0
0
0
0
0
0.0235294
0.219608
0
0
0
0
0
0
0
0
