0
0
0
0
0
0
0
0
0
0
0
0
0
0
0
0
0
0
0
0
0
0
0
0
0
0
0
0
0
0
0
0
0
0
0
0
0
0
0
0
0
0
0
0
0
0
0
0
0
0
0
0.054902
0.0705882
0
0
0
0
0
0
0
0
0
0
0
0
0
0
0
0
0
0
0.6
0.698039
0.00392157
0
0
0
0
0
0
0
0
0
0
0
0
0
0
0
0
0.372549
0.647059
0.701961
0.560784
0
0
0
0
0
0
0
0
0
0
0
0
0
0
0.0117647
0.603922
0.592157
0.00392157
0.0117647
0.713726
0.427451
0
0
0
0
0
0
0
0
0
0
0
0
0
0.603922
0.568627
0
0
0
0.054902
0.819608
0.254902
0
0
0
0
0
0
0
0
0
0
0
0.121569
0.941176
0.403922
0.333333
0
0
0
0.372549
0.670588
0
0
0
0
0
0
0
0
0
0
0
0.141176
0.607843
0.572549
0.952941
0
0
0.368627
0.866667
0.192157
0
0
0
0
0
0
0
0
0
0
0
0
0.239216
0.835294
0.443137
0
0
0.235294
0.862745
0.0627451
0
0
0
0
0
0
0
0
0
0
0
0.337255
0.988235
0.760784
0.00784314
0
0.0705882
0.27451
0.772549
0.333333
0
0
0
0
0
0
0
0
0
0
0
0.0784314
0.662745
0.843137
0.0117647
0
0.67451
0.945098
0.407843
0.027451
0
0
0
0
0
0
0
0
0
0
0.00392157
0.533333
0.764706
0.121569
0.0705882
0.00392157
0.027451
0.52549
0.803922
0.121569
0
0
0
0
0
0
0
0
0
0
0.533333
0.670588
0.027451
0
0.8
0.160784
0.0431373
0.321569
0.32549
0.835294
0.109804
0
0
0
0
0
0
0
0
0.145098
0.996078
0.8
0.537255
0.466667
0.929412
0.411765
0.643137
0.92549
0.764706
0.92549
0.486275
0
0
0
0
0
0
0
0
0
0.0901961
0.152941
0.4
0.466667
0.843137
0.329412
0.780392
0.490196
0.141176
0.0784314
0.0235294
0
0
0
0
0
0
0
0
0
0
0
0
0.32549
0.623529
0.00784314
0.894118
0.027451
0
0
0
0
0
0
0
0
0
0
0
0
0
0
0
0.105882
0.192157
0
0.0745098
0
0
0
0
0
0
0
0
0
0
0
0
0
0
0
0
0
0
0
0
0
0
0
0
0
0
0
0
0
0
0
0
0
0
0
0
0
0
0
0
0
0
0
0
0
0
0
