0
0
0
0
0
0
0
0
0
0
0
0
0
0
0
0
0
0
0
0
0
0
0
0
0
0
0
0
0
0
0
0
0
0
0
0
0
0
0
0
0
0
0
0
0
0
0
0
0
0
0
0
0
0
0
0
0
0
0
0
0
0
0
0
0
0
0
0
0
0
0.0980392
0.0627451
0
0
0
0
0
0
0
0
0
0
0
0
0
0
0
0
0
0
0.596078
0.909804
0.0431373
0
0
0
0
0
0
0
0
0
0
0
0
0
0
0
0
0.137255
0.839216
0.513726
0.768627
0.0627451
0
0
0
0
0
0
0
0
0
0
0
0
0
0
0.054902
0.823529
0.262745
0
0.372549
0.823529
0.152941
0
0
0
0
0
0
0
0
0
0
0
0
0
0.662745
0.513726
0
0
0
0.266667
0.866667
0.258824
0
0
0
0
0
0
0
0
0
0
0
0.556863
0.909804
0.419608
0.368627
0
0
0
0.152941
0.862745
0.164706
0
0
0
0
0
0
0
0
0
0
0.294118
0.478431
0.619608
0.988235
0.0627451
0
0.286275
0.890196
0.933333
0.396078
0
0
0
0
0
0
0
0
0
0
0
0.211765
0.839216
0.345098
0
0
0.168627
0.87451
0.172549
0.00784314
0
0
0
0
0
0
0
0
0
0
0.207843
0.866667
0.168627
0
0
0
0
0.466667
0.568627
0
0
0
0
0
0
0
0
0
0
0.0745098
0.894118
0.243137
0
0
0.0352941
0.0862745
0.305882
0.521569
0.878431
0
0
0
0
0
0
0
0
0
0.00392157
0.788235
0.835294
0.560784
0.431373
0.2
0.847059
0.509804
0.603922
0.447059
0.168627
0
0
0
0
0
0
0
0
0
0
0.321569
0.32549
0.270588
0.109804
0.176471
0.690196
0.113725
0.431373
0
0
0
0
0
0
0
0
0
0
0
0
0
0
0
0
0.231373
0.635294
0.219608
0.686275
0
0
0
0
0
0
0
0
0
0
0
0
0
0
0
0
0.352941
0.262745
0.219608
0.686275
0
0
0
0
0
0
0
0
0
0
0
0
0
0
0
0
0.643137
0.0862745
0.121569
0.435294
0
0
0
0
0
0
0
0
0
0
0
0
0
0
0
0
0.513726
0.0470588
0
0
0
0
0
0
0
0
0
0
0
0
0
0
0
0
0
0
0
0
0
0
0
0
0
0
0
0
