0
0
0
0
0
0
0
0
0
0
0
0
0
0
0
0
0
0
0
0
0
0
0
0
0
0
0
0
0
0
0
0
0
0
0
0
0
0
0
0
0
0
0
0
0
0
0
0
0
0
0
0
0
0
0
0
0
0
0
0
0
0
0
0
0
0
0
0
0
0
0
0
0
0
0
0
0
0
0
0
0
0
0
0
0
0
0
0
0
0
0
0
0
0
0
0
0
0
0
0
0
0
0
0
0
0
0
0
0
0
0
0
0
0
0
0
0
0
0
0
0
0
0
0
0
0
0
0
0
0
0
0
0.0313726
0.00392157
0
0
0
0
0
0
0
0
0
0
0
0
0
0
0
0.501961
0.796078
0.886275
0.921569
0.2
0
0
0
0
0
0
0
0
0
0
0
0
0
0
0
0.254902
0.701961
0.0196078
0.00784314
0
0
0
0
0
0
0
0
0
0
0
0
0
0
0
0
0.00392157
0.788235
0.0313726
0
0
0
0
0
0
0
0
0
0
0
0
0
0
0
0
0
0
0.811765
0.913725
0.866667
0.921569
0.180392
0
0
0
0
0
0
0
0
0
0
0
0
0
0
0
0.705882
0.203922
0
0
0
0
0
0
0
0
0
0
0
0
0
0
0
0
0
0.109804
0.729412
0.0313726
0
0
0
0
0
0
0
0
0
0
0
0
0
0
0
0
0.00392157
0.72549
0.337255
0
0
0
0
0
0
0
0
0
0
0
0
0
0
0
0
0
0.533333
0.639216
0
0
0
0
0
0
0
0
0
0
0
0
0
0
0
0
0
0
0.266667
0.0352941
0
0
0
0
0
0
0
0
0
0
0
0
0
0
0
0
0
0
0
0
0
0
0
0
0
0
0
0
0
0
0
0
0
0
0
0
0
0
0
0
0
0
0
0
0
0
0
0
0
0
0
0
0
0
0
0
0
0
0
0
0
0
0
0
0
0
0
0
0
0
0
0
0
0
0
0
0
0
0
0
0
0
0
0
0
0
0
0
0
0
