0
0
0
0
0
0
0
0
0
0
0
0
0
0
0
0
0
0
0
0
0
0
0
0
0
0
0
0
0
0
0
0
0
0
0
0
0
0
0
0
0
0
0
0
0
0
0
0
0
0
0
0
0
0
0
0
0
0
0
0
0
0
0
0
0
0
0
0
0
0
0
0
0
0
0
0
0
0
0
0
0
0
0
0
0
0
0
0
0
0
0
0
0
0
0
0
0
0
0
0
0
0
0
0
0
0
0
0
0
0
0
0
0
0
0
0
0
0
0
0
0
0
0
0
0
0
0
0
0
0
0
0
0
0
0
0
0
0
0
0
0
0
0
0
0
0
0
0
0
0
0
0
0
0
0
0
0
0
0
0
0
0
0
0
0
0
0
0
0
0.380392
0.0235294
0
0.298039
0
0
0
0
0
0
0
0
0
0
0
0
0
0
0
0.431373
0.996078
0.0784314
0
0.894118
0.027451
0
0
0
0
0
0
0
0
0
0
0
0
0
0.360784
0.8
0.858824
0.0745098
0.152941
0.972549
0.0117647
0
0
0
0
0
0
0
0
0
0
0
0
0.376471
0.823529
0.0745098
0.803922
0.0745098
0.701961
0.964706
0.435294
0.0431373
0
0
0
0
0
0
0
0
0
0
0
0.537255
0.0941176
0
0.819608
0.698039
0.635294
0.301961
0.607843
0.0588235
0
0
0
0
0
0
0
0
0
0
0
0
0
0
0.533333
0.490196
0.00784314
0
0
0
0
0
0
0
0
0
0
0
0
0
0
0
0
0
0
0
0
0
0
0
0
0
0
0
0
0
0
0
0
0
0
0
0
0
0
0
0
0
0
0
0
0
0
0
0
0
0
0
0
0
0
0
0
0
0
0
0
0
0
0
0
0
0
0
0
0
0
0
0
0
0
0
0
0
0
0
0
0
0
0
0
0
0
0
0
0
0
0
0
0
0
0
0
0
0
0
0
0
0
0
0
0
0
0
0
0
0
0
0
0
0
0
0
0
0
0
0
0
0
0
0
0
0
0
0
