0
0
0
0
0
0
0
0
0
0
0
0
0
0
0
0
0
0
0
0
0
0
0
0
0
0
0
0
0
0
0
0
0
0
0
0
0
0
0
0
0
0
0
0
0
0
0
0
0
0
0
0
0
0
0
0
0
0
0
0
0
0
0
0
0
0
0
0
0
0
0
0
0
0
0
0
0
0
0
0
0
0
0
0
0
0
0
0
0
0
0
0
0
0
0
0
0
0
0
0
0
0
0
0
0
0
0
0
0
0
0
0
0
0
0
0
0
0
0
0
0
0
0
0
0
0
0
0
0
0
0
0
0
0
0
0
0
0
0
0
0
0
0
0
0
0
0
0
0
0
0.0352941
0
0
0
0
0
0
0
0
0
0
0
0
0
0
0
0
0
0
0.427451
0.807843
0
0.0313726
0.266667
0
0
0
0
0
0
0
0
0
0
0
0
0
0
0.372549
0.811765
0.8
0
0.388235
0.752941
0
0
0
0
0
0
0
0
0
0
0
0
0
0.505882
0.737255
0.258824
0.701961
0.0627451
0.796078
0.733333
0
0
0
0
0
0
0
0
0
0
0
0
0.372549
0.780392
0.0235294
0.294118
0.631373
0.760784
0.372549
0.854902
0.00392157
0
0
0
0
0
0
0
0
0
0
0
0.0901961
0.054902
0
0.356863
0.960784
0.443137
0
0.686275
0.556863
0
0
0
0
0
0
0
0
0
0
0
0
0
0
0.129412
0.447059
0
0
0.0862745
0.207843
0
0
0
0
0
0
0
0
0
0
0
0
0
0
0
0
0
0
0
0
0
0
0
0
0
0
0
0
0
0
0
0
0
0
0
0
0
0
0
0
0
0
0
0
0
0
0
0
0
0
0
0
0
0
0
0
0
0
0
0
0
0
0
0
0
0
0
0
0
0
0
0
0
0
0
0
0
0
0
0
0
0
0
0
0
0
0
0
0
0
0
0
0
0
0
0
0
0
0
0
0
0
0
0
0
0
0
0
0
0
0
0
0
0
0
0
0
0
0
0
0
0
0
0
0
