0
0
0
0
0
0
0
0
0
0
0
0
0
0
0
0
0
0
0
0
0
0
0
0
0
0
0
0
0
0
0
0
0
0
0
0
0
0
0
0
0
0
0
0
0
0
0
0
0
0
0
0
0
0
0
0
0
0
0
0
0
0
0
0
0
0
0
0
0
0
0
0
0
0
0
0
0
0
0
0
0
0
0
0
0
0
0
0
0
0
0
0
0
0
0
0
0
0
0
0
0
0
0
0
0
0
0
0
0
0
0
0
0
0
0
0
0
0
0
0
0
0
0
0
0
0
0
0
0
0
0
0
0
0
0
0
0
0
0
0
0
0
0
0
0
0
0
0
0
0
0
0
0
0
0
0
0
0
0
0
0
0
0
0
0
0
0
0
0
0.298039
0.101961
0
0.0392157
0.101961
0
0
0
0
0
0
0
0
0
0
0
0
0
0
0.129412
0.988235
0.223529
0
0.419608
0.619608
0
0
0
0
0
0
0
0
0
0
0
0
0
0.172549
0.839216
0.780392
0.196078
0.0117647
0.819608
0.603922
0
0
0
0
0
0
0
0
0
0
0
0.00392157
0.380392
0.788235
0.172549
0.552941
0.054902
0.494118
0.843137
0.611765
0
0
0
0
0
0
0
0
0
0
0
0.360784
0.670588
0
0
0.878431
0.47451
0.733333
0.223529
0.858824
0.509804
0
0
0
0
0
0
0
0
0
0
0
0.00392157
0
0
0.890196
0.698039
0.0313726
0.00392157
0.329412
0.258824
0
0
0
0
0
0
0
0
0
0
0
0
0
0
0.266667
0.027451
0
0
0
0
0
0
0
0
0
0
0
0
0
0
0
0
0
0
0
0
0
0
0
0
0
0
0
0
0
0
0
0
0
0
0
0
0
0
0
0
0
0
0
0
0
0
0
0
0
0
0
0
0
0
0
0
0
0
0
0
0
0
0
0
0
0
0
0
0
0
0
0
0
0
0
0
0
0
0
0
0
0
0
0
0
0
0
0
0
0
0
0
0
0
0
0
0
0
0
0
0
0
0
0
0
0
0
0
0
