0
0
0
0
0
0
0
0
0
0
0
0
0
0
0
0
0
0
0
0
0
0
0
0
0
0
0
0
0
0
0
0
0
0
0
0
0
0
0
0
0
0
0
0
0
0
0
0
0
0
0
0
0
0
0
0
0
0
0
0
0
0
0
0
0
0
0
0
0
0
0
0
0
0
0
0
0
0
0
0
0
0
0
0
0
0
0
0
0
0
0
0
0
0
0
0
0
0
0
0
0
0
0
0
0
0
0
0
0
0
0
0
0
0
0
0
0
0
0
0
0
0
0
0
0
0
0
0
0
0
0
0
0
0
0
0
0
0
0
0
0
0
0
0
0
0
0
0
0
0.0745098
0
0
0
0.168627
0.2
0
0
0
0
0
0
0
0
0
0
0
0
0
0.0784314
0.913725
0.152941
0
0
0.772549
0.454902
0
0
0
0
0
0
0
0
0
0
0
0
0.00392157
0.756863
0.929412
0.129412
0
0.0627451
1
0.298039
0
0
0
0
0
0
0
0
0
0
0
0.109804
0.72549
0.305882
0.631373
0.0352941
0
0.160784
0.980392
0.105882
0
0
0
0
0
0
0
0
0
0
0.0627451
0.835294
0.290196
0
0.780392
0.00392157
0
0.670588
0.709804
0.827451
0.407843
0
0
0
0
0
0
0
0
0
0.0117647
0.211765
0
0
0.866667
0.368627
0.666667
0.654902
0
0.243137
0.462745
0.00392157
0
0
0
0
0
0
0
0
0
0
0
0
0.278431
0.556863
0.376471
0.00392157
0
0
0
0
0
0
0
0
0
0
0
0
0
0
0
0
0
0
0
0
0
0
0
0
0
0
0
0
0
0
0
0
0
0
0
0
0
0
0
0
0
0
0
0
0
0
0
0
0
0
0
0
0
0
0
0
0
0
0
0
0
0
0
0
0
0
0
0
0
0
0
0
0
0
0
0
0
0
0
0
0
0
0
0
0
0
0
0
0
0
0
0
0
0
0
0
0
0
0
0
0
0
0
0
0
0
0
0
0
0
0
0
0
0
0
0
0
0
0
0
0
0
0
0
0
0
0
