0
0
0
0
0
0
0
0
0
0
0
0
0
0
0
0
0
0
0
0
0
0
0
0
0
0
0
0
0
0
0
0
0
0
0
0
0
0
0
0
0
0
0
0
0
0
0
0
0
0
0
0
0
0
0
0
0
0
0
0
0
0
0
0
0
0
0
0
0
0
0
0
0
0
0
0
0
0
0
0
0
0
0
0
0
0
0
0
0
0
0
0
0
0
0
0
0
0
0
0
0
0
0
0
0
0
0
0
0
0
0
0
0
0
0
0
0
0
0
0
0
0
0
0
0
0
0
0
0
0
0
0
0
0
0
0
0
0
0
0
0
0
0
0
0
0
0
0
0
0
0
0
0
0
0
0
0
0
0
0
0
0
0
0
0
0
0
0
0
0
0.576471
0.129412
0
0.141176
0.505882
0
0
0
0
0
0
0
0
0
0
0
0
0
0.0117647
0.611765
0.847059
0.192157
0
0.368627
0.843137
0
0
0
0
0
0
0
0
0
0
0
0
0.0235294
0.666667
0.341176
0.694118
0.121569
0.0117647
0.768627
0.886275
0
0
0
0
0
0
0
0
0
0
0
0.0117647
0.67451
0.509804
0
0.835294
0.054902
0.537255
0.458824
0.686275
0.396078
0
0
0
0
0
0
0
0
0
0
0.501961
0.568627
0.00392157
0
0.92549
0.737255
0.305882
0
0.109804
0.67451
0
0
0
0
0
0
0
0
0
0
0.262745
0.101961
0
0
0.572549
0.164706
0
0
0
0
0
0
0
0
0
0
0
0
0
0
0
0
0
0
0
0
0
0
0
0
0
0
0
0
0
0
0
0
0
0
0
0
0
0
0
0
0
0
0
0
0
0
0
0
0
0
0
0
0
0
0
0
0
0
0
0
0
0
0
0
0
0
0
0
0
0
0
0
0
0
0
0
0
0
0
0
0
0
0
0
0
0
0
0
0
0
0
0
0
0
0
0
0
0
0
0
0
0
0
0
0
0
0
0
0
0
0
0
0
0
0
0
0
0
0
0
0
0
0
0
0
0
0
0
