0
0
0
0
0
0
0
0
0
0
0
0
0
0
0
0
0
0
0
0
0
0
0
0
0
0
0
0
0
0
0
0
0
0
0
0
0
0
0
0
0
0
0
0
0
0
0
0
0
0
0
0
0
0
0
0
0
0
0
0
0
0
0
0
0
0
0
0
0
0
0
0
0
0
0
0
0
0
0
0
0
0
0
0
0
0
0
0
0
0
0
0
0
0
0
0
0
0
0
0
0
0
0
0
0
0
0
0
0
0
0
0
0
0
0
0
0
0
0
0
0
0
0
0
0
0
0
0
0
0
0
0
0
0
0
0
0
0
0
0
0
0
0
0
0
0
0
0
0
0
0
0
0
0
0
0
0
0
0
0
0
0
0
0
0
0
0
0
0.00784314
0.596078
0
0
0
0
0
0
0
0
0
0
0
0
0
0
0
0
0
0
0.0196078
0.886275
0
0
0.533333
0.152941
0
0
0
0
0
0
0
0
0
0
0
0
0
0
0.0117647
0.878431
0
0.0431373
0.866667
0.0666667
0
0
0
0
0
0
0
0
0
0
0
0
0
0
0.00784314
0.898039
0
0.623529
0.486275
0
0
0
0
0
0
0
0
0
0
0
0
0
0
0
0
0.839216
0.686275
0.686275
0.0117647
0
0
0
0
0
0
0
0
0
0
0
0
0
0
0
0
0.141176
0.333333
0.027451
0
0
0
0
0
0
0
0
0
0
0
0
0
0
0
0
0
0
0
0
0
0
0
0
0
0
0
0
0
0
0
0
0
0
0
0
0
0
0
0
0
0
0
0
0
0
0
0
0
0
0
0
0
0
0
0
0
0
0
0
0
0
0
0
0
0
0
0
0
0
0
0
0
0
0
0
0
0
0
0
0
0
0
0
0
0
0
0
0
0
0
0
0
0
0
0
0
0
0
0
0
0
0
0
0
0
0
0
0
0
0
0
0
0
0
0
0
0
0
0
0
0
0
0
0
0
0
0
