0
0
0
0
0
0
0
0
0
0
0
0
0
0
0
0
0
0
0
0
0
0
0
0
0
0
0
0
0
0
0
0
0
0
0
0
0
0
0
0
0
0
0
0
0
0
0
0
0
0
0
0
0
0
0
0
0
0
0
0
0
0
0
0
0
0
0
0
0
0
0
0
0
0
0
0
0
0
0
0
0
0
0
0
0
0
0
0
0
0
0
0
0
0
0
0
0
0
0
0
0
0
0
0
0
0
0
0
0
0
0
0
0
0
0
0
0
0
0
0
0
0
0
0
0
0
0
0
0
0.145098
0.52549
0
0
0
0
0
0
0
0
0
0
0
0
0
0
0
0
0
0
0.211765
0.678431
0
0
0
0
0
0
0
0
0
0
0
0
0
0
0
0
0
0
0.101961
0.780392
0
0
0
0
0
0
0
0
0
0
0
0
0
0
0
0
0
0
0
0.862745
0.0431373
0
0
0
0
0
0
0
0
0
0
0
0
0
0
0
0
0
0
0.811765
0.0784314
0
0
0
0
0
0
0
0
0
0
0
0
0
0
0
0
0
0
0.752941
0.129412
0
0
0
0
0
0
0
0
0
0
0
0
0
0
0
0
0
0
0.737255
0.137255
0
0
0
0
0
0
0
0
0
0
0
0
0
0
0
0
0
0
0.533333
0.0627451
0
0
0
0
0
0
0
0
0
0
0
0
0
0
0
0
0
0
0.811765
0.105882
0
0
0
0
0
0
0
0
0
0
0
0
0
0
0
0
0
0.027451
0.898039
0
0
0
0
0
0
0
0
0
0
0
0
0
0
0
0
0
0
0.0117647
0.290196
0
0
0
0
0
0
0
0
0
0
0
0
0
0
0
0
0
0
0
0
0
0
0
0
0
0
0
0
0
0
0
0
0
0
0
0
0
0
0
0
0
0
0
0
0
0
0
0
0
0
0
0
0
0
0
0
0
0
0
0
0
0
0
0
0
0
0
0
0
