0
0
0
0
0
0
0
0
0
0
0
0
0
0
0
0
0
0
0
0
0
0
0
0
0
0
0
0
0
0
0
0
0
0
0
0
0
0
0
0
0
0
0
0
0
0
0
0
0
0
0
0
0
0
0
0
0
0
0
0
0
0
0
0
0
0
0
0
0
0
0
0
0
0
0
0
0
0
0
0
0
0
0
0
0
0
0
0
0
0
0
0
0
0
0
0
0
0
0
0
0
0
0
0
0
0
0
0
0
0
0
0
0
0
0
0
0
0
0
0
0
0
0
0
0
0
0
0
0
0
0.196078
0.235294
0
0
0
0
0
0
0
0
0
0
0
0
0
0
0
0
0
0
0.462745
0.447059
0
0
0
0
0
0
0
0
0
0
0
0
0
0
0
0
0
0
0.603922
0.27451
0
0
0
0
0
0
0
0
0
0
0
0
0
0
0
0
0
0
0.592157
0.258824
0
0
0
0
0
0
0
0
0
0
0
0
0
0
0
0
0
0
0.556863
0.164706
0
0
0
0
0
0
0
0
0
0
0
0
0
0
0
0
0
0
0.596078
0.0666667
0
0
0
0
0
0
0
0
0
0
0
0
0
0
0
0
0
0
0.819608
0.0862745
0
0
0
0
0
0
0
0
0
0
0
0
0
0
0
0
0
0
0.768627
0.054902
0
0
0
0
0
0
0
0
0
0
0
0
0
0
0
0
0
0
0.819608
0.0862745
0
0
0
0
0
0
0
0
0
0
0
0
0
0
0
0
0
0
0.12549
0
0
0
0
0
0
0
0
0
0
0
0
0
0
0
0
0
0
0
0
0
0
0
0
0
0
0
0
0
0
0
0
0
0
0
0
0
0
0
0
0
0
0
0
0
0
0
0
0
0
0
0
0
0
0
0
0
0
0
0
0
0
0
0
0
0
0
0
0
0
0
0
0
0
0
0
0
0
0
0
0
0
0
0
0
0
0
0
0
