0
0
0
0
0
0
0
0
0
0
0
0
0
0
0
0
0
0
0
0
0
0
0
0
0
0
0
0
0
0
0
0
0
0
0
0
0
0
0
0
0
0
0
0
0
0
0
0
0
0
0
0
0
0
0
0
0
0
0
0
0
0
0
0
0
0
0
0
0
0
0
0
0
0
0
0
0
0
0
0
0
0
0
0
0
0
0
0
0
0
0
0
0
0
0
0
0
0
0
0
0
0
0
0
0
0
0
0
0
0
0
0
0
0
0
0
0
0
0
0
0
0
0
0
0
0
0
0
0
0.00392157
0
0
0
0.0352941
0
0
0
0
0
0
0
0
0
0
0
0
0
0
0
0.560784
0.278431
0
0.0862745
0.839216
0.141176
0
0
0
0
0
0
0
0
0
0
0
0
0
0
0.454902
0.262745
0.0392157
0.741176
0.392157
0
0
0
0
0
0
0
0
0
0
0
0
0
0
0
0.486275
0.364706
0.811765
0.403922
0
0
0
0
0
0
0
0
0
0
0
0
0
0
0
0
0.486275
0.988235
0.305882
0
0
0
0
0
0
0
0
0
0
0
0
0
0
0
0
0
0.454902
0.941176
0.309804
0
0
0
0
0
0
0
0
0
0
0
0
0
0
0
0
0
0.286275
0.513726
0.866667
0.156863
0
0
0
0
0
0
0
0
0
0
0
0
0
0
0
0
0.372549
0.439216
0.27451
0.831373
0.101961
0
0
0
0
0
0
0
0
0
0
0
0
0
0
0
0.419608
0.486275
0
0.309804
0.858824
0.176471
0
0
0
0
0
0
0
0
0
0
0
0
0
0
0.0313726
0.0431373
0
0
0.188235
0.0627451
0
0
0
0
0
0
0
0
0
0
0
0
0
0
0
0
0
0
0
0
0
0
0
0
0
0
0
0
0
0
0
0
0
0
0
0
0
0
0
0
0
0
0
0
0
0
0
0
0
0
0
0
0
0
0
0
0
0
0
0
0
0
0
0
0
0
0
0
0
0
0
0
0
0
0
0
0
0
0
0
0
0
0
0
0
