0
0
0
0
0
0
0
0
0
0
0
0
0
0
0
0
0
0
0
0
0
0
0
0
0
0
0
0
0
0
0
0
0
0
0
0
0
0
0
0
0
0
0
0
0
0
0
0
0
0
0
0
0
0
0
0
0
0
0
0
0
0
0
0
0
0
0
0
0
0
0
0
0
0
0
0
0
0
0
0
0
0
0
0
0
0
0
0
0
0
0
0
0
0
0
0
0
0
0
0
0
0
0
0
0
0
0
0
0
0
0
0
0
0
0
0
0
0
0
0
0
0
0
0
0
0
0
0
0.658824
0.0117647
0
0
0.168627
0.0117647
0
0
0
0
0
0
0
0
0
0
0
0
0
0
0.847059
0.00784314
0
0.270588
0.870588
0.0627451
0
0
0
0
0
0
0
0
0
0
0
0
0
0
0.631373
0.0352941
0.0745098
0.752941
0.101961
0
0
0
0
0
0
0
0
0
0
0
0
0
0
0
0.552941
0.572549
0.533333
0
0
0
0
0
0
0
0
0
0
0
0
0
0
0
0
0
0.639216
0.901961
0.498039
0
0
0
0
0
0
0
0
0
0
0
0
0
0
0
0
0
0.545098
0.407843
0.823529
0.219608
0
0
0
0
0
0
0
0
0
0
0
0
0
0
0
0
0.458824
0.392157
0.180392
0.827451
0.368627
0
0
0
0
0
0
0
0
0
0
0
0
0
0
0
0.439216
0.372549
0
0.0705882
0.811765
0.32549
0
0
0
0
0
0
0
0
0
0
0
0
0
0
0.439216
0.392157
0
0
0.109804
0.133333
0
0
0
0
0
0
0
0
0
0
0
0
0
0
0
0
0
0
0
0
0
0
0
0
0
0
0
0
0
0
0
0
0
0
0
0
0
0
0
0
0
0
0
0
0
0
0
0
0
0
0
0
0
0
0
0
0
0
0
0
0
0
0
0
0
0
0
0
0
0
0
0
0
0
0
0
0
0
0
0
0
0
0
0
0
0
0
0
0
0
0
0
0
0
0
0
0
0
0
0
0
0
0
0
0
0
