0
0
0
0
0
0
0
0
0
0
0
0
0
0
0
0
0
0
0
0
0
0
0
0
0
0
0
0
0
0
0
0
0
0
0
0
0
0
0
0
0
0
0
0
0
0
0
0
0
0
0
0
0
0
0
0
0
0
0
0
0
0
0
0
0
0
0
0
0
0
0
0
0
0
0
0
0
0
0
0
0
0
0
0
0
0
0
0
0
0
0
0
0
0
0
0
0
0
0
0
0
0
0
0
0
0
0
0
0
0
0
0
0
0
0
0
0
0
0
0
0
0
0
0
0
0
0
0
0
0.309804
0.419608
0
0
0.027451
0.156863
0
0
0
0
0
0
0
0
0
0
0
0
0
0
0.266667
0.592157
0
0
0.545098
0.572549
0
0
0
0
0
0
0
0
0
0
0
0
0
0
0.227451
0.560784
0.00392157
0.345098
0.772549
0.0392157
0
0
0
0
0
0
0
0
0
0
0
0
0
0
0.2
0.733333
0.772549
0.207843
0.0392157
0
0
0
0
0
0
0
0
0
0
0
0
0
0
0
0.211765
0.890196
0.745098
0
0
0
0
0
0
0
0
0
0
0
0
0
0
0
0
0
0.247059
0.592157
0.823529
0.231373
0
0
0
0
0
0
0
0
0
0
0
0
0
0
0
0
0.266667
0.6
0.321569
0.792157
0
0
0
0
0
0
0
0
0
0
0
0
0
0
0
0
0.243137
0.576471
0
0.435294
0.486275
0
0
0
0
0
0
0
0
0
0
0
0
0
0
0
0.278431
0.611765
0
0.054902
0.780392
0.00784314
0
0
0
0
0
0
0
0
0
0
0
0
0
0
0.137255
0.341176
0
0
0
0
0
0
0
0
0
0
0
0
0
0
0
0
0
0
0
0
0
0
0
0
0
0
0
0
0
0
0
0
0
0
0
0
0
0
0
0
0
0
0
0
0
0
0
0
0
0
0
0
0
0
0
0
0
0
0
0
0
0
0
0
0
0
0
0
0
0
0
0
0
0
0
0
0
0
0
0
0
0
0
0
0
0
0
0
0
