0
0
0
0
0
0
0
0
0
0
0
0
0
0
0
0
0
0
0
0
0
0
0
0
0
0
0
0
0
0
0
0
0
0
0
0
0
0
0
0
0
0
0
0
0
0
0
0
0
0
0
0
0
0
0
0
0
0
0
0
0
0
0
0
0
0
0
0
0
0
0
0
0
0
0
0
0
0
0
0
0
0
0
0
0
0
0
0
0
0
0
0
0
0
0
0
0
0
0
0
0
0
0
0
0
0
0
0
0
0
0
0
0
0
0
0
0
0
0
0
0
0
0
0
0
0
0
0
0
0
0.309804
0.568627
0
0
0
0
0
0
0
0
0
0
0
0
0
0
0
0
0
0.156863
0.854902
0.929412
0.0196078
0
0
0
0
0
0
0
0
0
0
0
0
0
0
0
0
0.533333
0.419608
0.913725
0.00392157
0
0
0
0
0
0
0
0
0
0
0
0
0
0
0
0
0.745098
0.239216
0.823529
0
0
0
0
0
0
0
0
0
0
0
0
0
0
0
0
0
0.811765
0.203922
0.8
0
0
0
0
0
0
0
0
0
0
0
0
0
0
0
0
0
0.776471
0.831373
0.407843
0
0
0
0
0
0
0
0
0
0
0
0
0
0
0
0
0
0.407843
0.823529
0.00392157
0
0
0
0
0
0
0
0
0
0
0
0
0
0
0
0
0
0.0117647
0.686275
0.690196
0.419608
0.0117647
0
0
0
0
0
0
0
0
0
0
0
0
0
0
0
0
0.0196078
0.4
0.486275
0.0235294
0
0
0
0
0
0
0
0
0
0
0
0
0
0
0
0
0
0
0
0
0
0
0
0
0
0
0
0
0
0
0
0
0
0
0
0
0
0
0
0
0
0
0
0
0
0
0
0
0
0
0
0
0
0
0
0
0
0
0
0
0
0
0
0
0
0
0
0
0
0
0
0
0
0
0
0
0
0
0
0
0
0
0
0
0
0
0
0
0
0
0
0
0
0
0
0
0
0
0
0
0
0
0
0
0
0
