0
0
0
0
0
0
0
0
0
0
0
0
0
0
0
0
0
0
0
0
0
0
0
0
0
0
0
0
0
0
0
0
0
0
0
0
0
0
0
0
0
0
0
0
0
0
0
0
0
0
0
0
0
0
0
0
0
0
0
0
0
0
0
0
0
0
0
0
0
0
0.0745098
0
0
0
0
0
0
0
0
0
0
0
0
0
0
0
0
0
0
0
0.870588
0.0117647
0
0
0
0
0
0
0
0
0
0
0
0
0
0
0
0
0
0
0.913725
0.00392157
0
0
0
0
0
0
0
0
0
0
0
0
0
0
0
0
0
0
0.87451
0
0
0
0
0
0
0
0
0
0
0
0
0
0
0
0
0
0
0
0.886275
0
0
0
0
0
0
0
0
0
0
0
0
0
0
0
0
0
0
0
0.901961
0
0
0
0
0
0
0
0
0
0
0
0
0
0
0
0
0
0
0
0.901961
0.027451
0
0
0
0
0
0
0
0
0
0
0
0
0
0
0
0
0
0
0.694118
0.141176
0
0
0
0
0
0
0
0
0
0
0
0
0
0
0
0
0
0
0.572549
0.333333
0
0
0
0
0
0
0
0
0
0
0
0
0
0
0
0
0
0
0.556863
0.356863
0
0
0
0
0
0
0
0
0
0
0
0
0
0
0
0
0
0
0.537255
0.396078
0
0.00784314
0
0
0
0
0
0
0
0
0
0
0
0
0
0
0
0
0.207843
0.862745
0.607843
0.894118
0.0352941
0
0
0
0
0
0
0
0
0
0
0
0
0
0
0
0
0.164706
0.356863
0.0901961
0
0
0
0
0
0
0
0
0
0
0
0
0
0
0
0
0
0
0
0
0
0
0
0
0
0
0
0
0
0
0
0
0
0
0
0
0
0
0
0
0
0
0
0
0
0
0
0
0
0
0
0
0
0
0
0
0
0
0
0
0
0
0
0
0
0
0
0
0
0
0
0
0
0
0
0
0
0
0
0
0
0
0
0
0
0
