0
0
0
0
0
0
0
0
0
0
0
0
0
0
0
0
0
0
0
0
0
0
0
0
0
0
0
0
0
0
0
0
0
0
0
0
0
0
0
0
0
0
0
0
0
0
0
0
0
0
0
0
0
0
0
0
0
0
0
0
0
0
0
0
0
0
0
0
0
0
0
0
0
0
0
0
0
0
0
0
0
0
0
0
0
0
0
0
0
0
0
0
0
0
0
0
0
0
0
0
0
0
0
0
0
0
0
0
0
0
0.0117647
0.0235294
0
0
0
0
0
0
0
0
0
0
0
0
0
0
0
0
0
0
0.521569
0.407843
0
0
0
0
0
0
0
0
0
0
0
0
0
0
0
0
0
0
0.639216
0.235294
0
0
0
0
0
0
0
0
0
0
0
0
0
0
0
0
0
0
0.733333
0.101961
0
0
0
0
0
0
0
0
0
0
0
0
0
0
0
0
0
0
0.807843
0.0745098
0
0
0
0
0
0
0
0
0
0
0
0
0
0
0
0
0
0
0.67451
0.0392157
0
0
0
0
0
0
0
0
0
0
0
0
0
0
0
0
0
0
0.811765
0.0784314
0
0
0
0
0
0
0
0
0
0
0
0
0
0
0
0
0
0
0.768627
0.12549
0
0
0
0
0
0
0
0
0
0
0
0
0
0
0
0
0
0
0.568627
0.407843
0.027451
0.00784314
0
0
0
0
0
0
0
0
0
0
0
0
0
0
0
0
0.160784
0.87451
0.827451
0.270588
0
0
0
0
0
0
0
0
0
0
0
0
0
0
0
0
0
0.137255
0.305882
0
0
0
0
0
0
0
0
0
0
0
0
0
0
0
0
0
0
0
0
0
0
0
0
0
0
0
0
0
0
0
0
0
0
0
0
0
0
0
0
0
0
0
0
0
0
0
0
0
0
0
0
0
0
0
0
0
0
0
0
0
0
0
0
0
0
0
0
0
0
0
0
0
0
0
0
0
0
0
0
0
0
0
0
0
0
0
