0
0
0
0
0
0
0
0
0
0
0
0
0
0
0
0
0
0
0
0
0
0
0
0
0
0
0
0
0
0
0
0
0
0
0
0
0
0
0
0
0
0
0
0
0
0
0
0
0
0
0
0
0
0
0
0
0
0
0
0
0
0
0
0
0
0
0
0
0
0
0
0
0
0
0
0
0
0
0
0
0
0
0
0
0
0
0
0
0
0
0
0
0
0
0
0
0
0
0
0
0
0
0
0
0
0
0
0
0
0
0.176471
0.788235
0.309804
0
0
0
0
0
0
0
0
0
0
0
0
0
0
0
0
0.00392157
0.796078
0.356863
0.87451
0
0
0
0
0
0
0
0
0
0
0
0
0
0
0
0
0.368627
0.596078
0.0117647
0.878431
0
0
0
0
0
0
0
0
0
0
0
0
0
0
0
0
0.623529
0.0901961
0.027451
0.803922
0
0
0
0
0
0
0
0
0
0
0
0
0
0
0
0
0.631373
0.0392157
0.0705882
0.803922
0
0
0
0
0
0
0
0
0
0
0
0
0
0
0
0
0.768627
0.0627451
0.231373
0.698039
0
0
0
0
0
0
0
0
0
0
0
0
0
0
0
0
0.247059
0.360784
0.733333
0.305882
0
0
0
0
0
0
0
0
0
0
0
0
0
0
0
0
0.0666667
0.913725
0.709804
0
0
0
0
0
0
0
0
0
0
0
0
0
0
0
0
0
0
0.541176
0.462745
0
0
0
0
0
0
0
0
0
0
0
0
0
0
0
0
0
0
0.12549
0.862745
0.0627451
0
0
0
0
0
0
0
0
0
0
0
0
0
0
0
0
0
0
0.443137
0.835294
0.635294
0.0352941
0
0
0
0
0
0
0
0
0
0
0
0
0
0
0
0
0
0.243137
0.298039
0
0
0
0
0
0
0
0
0
0
0
0
0
0
0
0
0
0
0
0
0
0
0
0
0
0
0
0
0
0
0
0
0
0
0
0
0
0
0
0
0
0
0
0
0
0
0
0
0
0
0
0
0
0
0
0
0
0
0
0
0
0
0
0
0
0
