0
0
0
0
0
0
0
0
0
0
0
0
0
0
0
0
0
0
0
0
0
0
0
0
0
0
0
0
0
0
0
0
0
0
0
0
0
0
0
0
0
0
0
0
0
0
0
0
0
0
0
0
0
0
0
0
0
0
0
0
0
0
0
0
0
0
0
0
0
0
0
0
0
0
0
0
0
0
0
0
0
0
0
0
0
0
0
0
0
0
0
0
0
0
0
0
0
0
0
0
0
0
0
0
0
0
0
0
0
0
0.529412
0.396078
0
0
0
0
0
0
0
0
0
0
0
0
0
0
0
0
0
0.0235294
0.894118
0.870588
0.0235294
0
0
0
0
0
0
0
0
0
0
0
0
0
0
0
0
0.270588
0.643137
0.803922
0.0705882
0
0
0
0
0
0
0
0
0
0
0
0
0
0
0
0
0.478431
0.411765
0.792157
0.0588235
0
0
0
0
0
0
0
0
0
0
0
0
0
0
0
0
0.443137
0.254902
0.823529
0.0313726
0
0
0
0
0
0
0
0
0
0
0
0
0
0
0
0
0.505882
0.2
0.52549
0
0
0
0
0
0
0
0
0
0
0
0
0
0
0
0
0
0.6
0.666667
0.631373
0
0
0
0
0
0
0
0
0
0
0
0
0
0
0
0
0
0.592157
0.792157
0.0627451
0
0
0
0
0
0
0
0
0
0
0
0
0
0
0
0
0
0.196078
0.839216
0.00784314
0
0
0
0
0
0
0
0
0
0
0
0
0
0
0
0
0
0
0.627451
0.611765
0.568627
0.376471
0
0
0
0
0
0
0
0
0
0
0
0
0
0
0
0
0.027451
0.466667
0.541176
0.0431373
0
0
0
0
0
0
0
0
0
0
0
0
0
0
0
0
0
0
0
0
0
0
0
0
0
0
0
0
0
0
0
0
0
0
0
0
0
0
0
0
0
0
0
0
0
0
0
0
0
0
0
0
0
0
0
0
0
0
0
0
0
0
0
0
0
0
0
0
0
0
0
0
0
0
0
0
0
0
0
0
0
0
0
0
0
0
