0
0
0
0
0
0
0
0
0
0
0
0
0
0
0
0
0
0
0
0
0
0
0
0
0
0
0
0
0
0
0
0
0
0
0
0
0
0
0
0
0
0
0
0
0
0
0
0
0
0
0
0
0
0
0
0
0
0
0
0
0
0
0
0
0
0
0
0
0
0
0
0
0
0
0
0
0
0
0
0
0
0
0
0
0
0
0
0
0
0
0
0.0117647
0.258824
0.188235
0
0
0
0
0
0
0
0
0
0
0
0
0
0
0
0
0.105882
0.780392
0.709804
0.788235
0.0745098
0
0
0
0
0
0
0
0
0
0
0
0
0
0
0.054902
0.8
0.290196
0
0
0
0
0
0
0
0
0
0
0
0
0
0
0
0
0
0.203922
0.219608
0
0
0
0
0
0
0
0
0
0
0
0
0
0
0
0
0
0.027451
0.819608
0.00392157
0
0
0
0
0
0
0
0
0
0
0
0
0
0
0
0
0
0.439216
0.498039
0
0
0
0
0
0
0
0
0
0
0
0
0
0
0
0
0
0
0.52549
0.239216
0
0
0.0588235
0
0
0
0
0
0
0
0
0
0
0
0
0
0
0
0.498039
0.196078
0
0.105882
0.988235
0.32549
0
0
0
0
0
0
0
0
0
0
0
0
0
0
0.376471
0.470588
0
0.0392157
0.952941
0.360784
0
0
0
0
0
0
0
0
0
0
0
0
0
0
0.0705882
0.819608
0.572549
0.768627
0.560784
0.466667
0
0
0
0
0
0
0
0
0
0
0
0
0
0
0
0.105882
0.352941
0.105882
0.0627451
0.87451
0.00392157
0
0
0
0
0
0
0
0
0
0
0
0
0
0
0
0.666667
0.796078
0.87451
0.780392
0
0
0
0
0
0
0
0
0
0
0
0
0
0
0
0
0.0431373
0
0
0
0
0
0
0
0
0
0
0
0
0
0
0
0
0
0
0
0
0
0
0
0
0
0
0
0
0
0
0
0
0
0
0
0
0
0
0
0
0
0
0
0
0
0
0
0
0
0
0
0
0
0
0
0
0
0
0
0
0
0
0
0
0
0
0
0
0
