0
0
0
0
0
0
0
0
0
0
0
0
0
0
0
0
0
0
0
0
0
0
0
0
0
0
0
0
0
0
0
0
0
0
0
0
0
0
0
0
0
0
0
0
0
0
0
0
0
0
0
0
0
0
0
0
0
0
0
0
0
0
0
0
0
0
0
0
0
0
0
0
0
0
0
0
0
0
0
0
0
0
0
0
0
0
0
0
0
0
0.0117647
0.47451
0.219608
0
0
0
0
0
0
0
0
0
0
0
0
0
0
0
0
0
0.588235
0.654902
0.0901961
0
0
0
0
0
0
0
0
0
0
0
0
0
0
0
0
0.333333
0.72549
0.0117647
0
0
0
0
0
0
0
0
0
0
0
0
0
0
0
0
0.0117647
0.847059
0.101961
0
0
0
0
0
0
0
0
0
0
0
0
0
0
0
0
0
0.156863
0.447059
0
0
0.0117647
0
0
0
0
0
0
0
0
0
0
0
0
0
0
0
0.501961
0.388235
0
0
0.792157
0.188235
0
0
0
0
0
0
0
0
0
0
0
0
0
0
0.529412
0.392157
0
0.152941
0.921569
0.211765
0
0
0
0
0
0
0
0
0
0
0
0
0
0
0.203922
0.831373
0.509804
0.807843
0.643137
0.47451
0
0
0
0
0
0
0
0
0
0
0
0
0
0
0
0.290196
0.298039
0.0705882
0.411765
0.478431
0
0
0
0
0
0
0
0
0
0
0
0
0
0
0.588235
0.529412
0.0980392
0
0.427451
0.407843
0
0
0
0
0
0
0
0
0
0
0
0
0
0
0.0431373
0.396078
0.843137
0.607843
0.788235
0.211765
0
0
0
0
0
0
0
0
0
0
0
0
0
0
0
0
0.027451
0.341176
0.423529
0.00392157
0
0
0
0
0
0
0
0
0
0
0
0
0
0
0
0
0
0
0
0
0
0
0
0
0
0
0
0
0
0
0
0
0
0
0
0
0
0
0
0
0
0
0
0
0
0
0
0
0
0
0
0
0
0
0
0
0
0
0
0
0
0
0
0
0
0
0
0
0
0
0
0
0
0
0
0
0
0
0
0
0
0
0
0
0
0
