0
0
0
0
0
0
0
0
0
0
0
0
0
0
0
0
0
0
0
0
0
0
0
0
0
0
0
0
0
0
0
0
0
0
0
0
0
0
0
0
0
0
0
0
0
0
0
0
0
0
0
0
0
0
0
0
0
0
0
0
0
0
0
0
0
0
0
0
0
0
0
0
0
0
0
0
0
0
0
0
0
0
0
0
0
0
0
0
0
0
0
0
0
0
0
0
0
0
0
0
0
0
0
0
0
0
0
0
0
0
0.00784314
0.419608
0.654902
0
0
0
0
0
0
0
0
0
0
0
0
0
0
0
0
0.00784314
0.662745
0.635294
0.105882
0
0
0
0
0
0
0
0
0
0
0
0
0
0
0
0
0.494118
0.580392
0
0
0
0
0
0
0
0
0
0
0
0
0
0
0
0
0
0.105882
0.8
0.0313726
0
0
0
0
0
0
0
0
0
0
0
0
0
0
0
0
0
0.501961
0.403922
0
0
0
0
0
0
0
0
0
0
0
0
0
0
0
0
0
0
0.67451
0.207843
0
0.47451
0.811765
0.145098
0
0
0
0
0
0
0
0
0
0
0
0
0
0
0.564706
0.596078
0.0117647
0.466667
0.960784
0.466667
0
0
0
0
0
0
0
0
0
0
0
0
0
0
0.0196078
0.580392
0.913725
0.756863
0.360784
0.623529
0
0
0
0
0
0
0
0
0
0
0
0
0
0
0
0
0.00784314
0.00392157
0.407843
0.568627
0
0
0
0
0
0
0
0
0
0
0
0
0
0
0.0862745
0.101961
0.121569
0.478431
0.827451
0.133333
0
0
0
0
0
0
0
0
0
0
0
0
0
0
0.470588
0.819608
0.8
0.552941
0.0431373
0
0
0
0
0
0
0
0
0
0
0
0
0
0
0
0
0
0
0
0
0
0
0
0
0
0
0
0
0
0
0
0
0
0
0
0
0
0
0
0
0
0
0
0
0
0
0
0
0
0
0
0
0
0
0
0
0
0
0
0
0
0
0
0
0
0
0
0
0
0
0
0
0
0
0
0
0
0
0
0
0
0
0
0
0
0
0
