0
0
0
0
0
0
0
0
0
0
0
0
0
0
0
0
0
0
0
0
0
0
0
0
0
0
0
0
0
0
0
0
0
0
0
0
0
0
0
0
0
0
0
0
0
0
0
0
0
0
0
0
0
0
0
0
0
0
0
0
0
0
0
0
0
0
0
0
0
0
0.486275
0.0117647
0
0
0
0
0
0
0
0
0
0
0
0
0
0
0
0
0
0
0.827451
0.0117647
0
0
0
0
0
0
0
0
0
0
0
0
0
0
0
0
0
0
0.866667
0.00784314
0
0
0
0
0
0
0
0
0
0
0
0
0
0
0
0
0
0
0.87451
0.00784314
0
0
0
0
0
0
0
0
0
0
0
0
0
0
0
0
0
0
0.854902
0.0117647
0
0
0
0
0
0
0
0
0
0
0
0
0
0
0
0
0
0
0.8
0.0666667
0
0
0
0
0
0
0
0
0
0
0
0
0
0
0
0
0
0
0.733333
0.0666667
0
0
0
0
0
0
0
0
0
0
0
0
0
0
0
0
0
0
0.733333
0.133333
0
0
0
0
0
0
0
0
0
0
0
0
0
0
0
0
0
0
0.745098
0.145098
0
0
0
0
0
0
0
0
0
0
0
0
0
0
0
0
0
0
0.733333
0.133333
0
0
0
0
0
0
0
0
0
0
0
0
0
0
0
0
0
0
0.741176
0.141176
0
0
0
0
0
0
0
0
0
0
0
0
0
0
0
0
0
0
0.745098
0.145098
0
0
0
0
0
0
0
0
0
0
0
0
0
0
0
0
0.686275
0.137255
0.72549
0.12549
0
0
0
0
0
0
0
0
0
0
0
0
0
0
0
0
0.341176
0.854902
0.972549
0.0941176
0
0
0
0
0
0
0
0
0
0
0
0
0
0
0
0
0
0
0.0705882
0
0
0
0
0
0
0
0
0
0
0
0
0
0
0
0
0
0
0
0
0
0
0
0
0
0
0
0
0
0
0
0
0
0
0
0
0
0
0
0
0
0
0
0
0
0
0
0
0
