0
0
0
0
0
0
0
0
0
0
0
0
0
0
0
0
0
0
0
0
0
0
0
0
0
0
0
0
0
0
0
0
0
0
0
0
0
0
0
0
0
0
0
0
0
0
0
0
0
0
0
0
0
0
0
0
0
0
0
0
0
0
0
0
0
0
0
0
0
0
0
0
0
0
0
0
0
0
0
0
0
0
0
0
0
0
0
0
0
0.423529
0.52549
0.101961
0
0
0
0
0
0
0
0
0
0
0
0
0
0
0
0
0.380392
0.67451
0.431373
0.803922
0.0784314
0
0
0
0
0
0
0
0
0
0
0
0
0
0
0
0.635294
0.133333
0
0.352941
0.576471
0
0
0
0
0
0
0
0
0
0
0
0
0
0
0
0.121569
0.00392157
0
0.219608
0.666667
0
0
0
0
0
0
0
0
0
0
0
0
0
0
0
0.137255
0.341176
0
0.345098
0.521569
0
0
0
0
0
0
0
0
0
0
0
0
0
0
0
0.0431373
0.137255
0.027451
0.733333
0.113725
0
0
0
0
0
0
0
0
0
0
0
0
0
0
0
0
0.137255
0.737255
0.435294
0
0
0
0
0
0
0
0
0
0
0
0
0
0
0
0
0
0.427451
0.6
0.607843
0
0
0
0
0
0
0
0
0
0
0
0
0
0
0
0
0.223529
0.796078
0.301961
0.364706
0.47451
0.00392157
0
0
0
0
0
0
0
0
0
0
0
0
0
0
0.862745
0.239216
0
0
0.466667
0.388235
0
0
0
0
0
0
0
0
0
0
0
0
0
0.0117647
0.913725
0.219608
0.239216
0.227451
0.729412
0.447059
0
0
0
0
0
0
0
0
0
0
0
0
0
0
0.423529
0.368627
0.423529
0.262745
0.286275
0.00392157
0
0
0
0
0
0
0
0
0
0
0
0
0
0
0
0
0
0
0
0
0
0
0
0
0
0
0
0
0
0
0
0
0
0
0
0
0
0
0
0
0
0
0
0
0
0
0
0
0
0
0
0
0
0
0
0
0
0
0
0
0
0
0
0
0
0
0
0
0
0
0
0
0
0
0
0
0
0
0
0
0
0
0
0
0
0
