0
0
0
0
0
0
0
0
0
0
0
0
0
0
0
0
0
0
0
0
0
0
0
0
0
0
0
0
0
0
0
0
0
0
0
0
0
0
0
0
0
0
0
0
0
0
0
0
0
0
0
0
0
0
0
0
0
0
0
0
0
0
0
0
0
0
0
0
0
0
0
0
0
0
0
0
0
0
0
0
0
0
0
0
0
0
0
0
0
0
0
0
0
0
0
0
0
0
0
0
0
0
0
0
0
0
0
0
0
0
0
0
0
0
0
0
0
0
0
0
0
0
0
0
0
0
0
0
0
0.227451
0.552941
0.533333
0.541176
0.054902
0
0
0
0
0
0
0
0
0
0
0
0
0
0
0.105882
0.898039
0.709804
0.541176
0.341176
0.0235294
0
0
0
0
0
0
0
0
0
0
0
0
0
0
0.266667
0.752941
0.486275
0.286275
0
0
0
0
0
0
0
0
0
0
0
0
0
0
0
0
0.0117647
0.686275
0.819608
0.258824
0
0
0
0
0
0
0
0
0
0
0
0
0
0
0
0
0
0.00784314
0.694118
0.505882
0
0
0
0
0
0
0
0
0
0
0
0
0
0
0
0
0
0
0.180392
0.0941176
0.635294
0.152941
0
0
0
0
0
0
0
0
0
0
0
0
0
0
0
0
0.396078
0.231373
0.180392
0.839216
0.164706
0
0
0
0
0
0
0
0
0
0
0
0
0
0
0
0.231373
0.133333
0.0627451
0.678431
0.360784
0
0
0
0
0
0
0
0
0
0
0
0
0
0
0.423529
0.964706
0.890196
0.858824
0.509804
0.0117647
0
0
0
0
0
0
0
0
0
0
0
0
0
0
0
0.513726
0.313726
0
0
0
0
0
0
0
0
0
0
0
0
0
0
0
0
0
0
0.00392157
0
0
0
0
0
0
0
0
0
0
0
0
0
0
0
0
0
0
0
0
0
0
0
0
0
0
0
0
0
0
0
0
0
0
0
0
0
0
0
0
0
0
0
0
0
0
0
0
0
0
0
0
0
0
0
0
0
0
0
0
0
0
0
0
0
0
0
0
0
