0
0
0
0
0
0
0
0
0
0
0
0
0
0
0
0
0
0
0
0
0
0
0
0
0
0
0
0
0
0
0
0
0
0
0
0
0
0
0
0
0
0
0
0
0
0
0
0
0
0
0
0
0
0
0
0
0
0
0
0
0
0
0
0
0
0
0
0
0
0
0
0
0
0
0
0
0
0
0
0
0
0
0
0
0
0
0
0
0
0
0
0
0
0
0
0
0
0
0
0
0
0
0
0
0
0
0
0
0
0
0
0.00392157
0.254902
0.0117647
0
0
0
0
0
0
0
0
0
0
0
0
0
0
0
0
0.298039
0.654902
0.698039
0.0627451
0
0
0
0
0
0
0
0
0
0
0
0
0
0
0
0.137255
0.760784
0.431373
0
0
0
0
0
0
0
0
0
0
0
0
0
0
0
0
0.109804
0.8
0.713726
0.290196
0
0
0
0
0
0
0
0
0
0
0
0
0
0
0
0
0.47451
0.545098
0.694118
0.0745098
0
0
0
0
0
0
0
0
0
0
0
0
0
0
0
0
0.0941176
0.854902
0.862745
0.027451
0
0
0
0
0
0
0
0
0
0
0
0
0
0
0
0
0
0.137255
0.898039
0.109804
0
0
0
0
0
0
0
0
0
0
0
0
0
0
0
0
0
0
0.792157
0.521569
0
0
0
0
0
0
0
0
0
0
0
0
0
0
0
0
0
0.0352941
0.835294
0.847059
0
0
0
0
0
0
0
0
0
0
0
0
0
0
0
0
0
0.0470588
0.764706
0.788235
0
0
0
0
0
0
0
0
0
0
0
0
0
0
0
0
0.266667
0.105882
0.964706
0.552941
0
0
0
0
0
0
0
0
0
0
0
0
0
0
0
0
0.643137
0.929412
0.87451
0.00784314
0
0
0
0
0
0
0
0
0
0
0
0
0
0
0
0
0
0.0352941
0.454902
0
0
0
0
0
0
0
0
0
0
0
0
0
0
0
0
0
0
0
0
0
0
0
0
0
0
0
0
0
0
0
0
0
0
0
0
0
0
0
0
0
0
0
0
0
0
0
0
0
