0
0
0
0
0
0
0
0
0
0
0
0
0
0
0
0
0
0
0
0
0
0
0
0
0
0
0
0
0
0
0
0
0
0
0
0
0
0
0
0
0
0
0
0
0
0
0
0
0
0
0
0
0
0
0
0
0
0
0
0
0
0
0
0
0
0
0
0
0
0
0
0
0
0
0
0
0
0
0
0
0
0
0
0
0
0
0
0
0
0
0
0
0
0
0
0
0
0
0
0
0
0
0
0
0
0
0
0
0
0
0
0
0
0
0
0
0
0
0
0
0
0
0
0
0
0
0
0
0
0
0
0
0
0
0
0
0
0
0
0
0
0
0
0
0
0
0
0
0.054902
0.498039
0.839216
0.776471
0.760784
0.862745
0.752941
0.160784
0
0
0
0
0
0
0
0
0
0
0
0
0.764706
0.470588
0.458824
0.219608
0
0.00784314
0.270588
0.133333
0
0
0
0
0
0
0
0
0
0
0
0
0.607843
0.560784
0.513726
0.313726
0
0
0
0
0
0
0
0
0
0
0
0
0
0
0
0
0.0117647
0.588235
0.929412
0.313726
0
0
0
0
0
0
0
0
0
0
0
0
0
0
0
0
0
0
0.72549
0.929412
0.0627451
0
0
0
0
0
0
0
0
0
0
0
0
0
0
0
0
0
0.776471
0.698039
0.219608
0
0
0
0
0
0
0
0
0
0
0
0
0
0
0
0
0.0588235
0.8
0.721569
0.192157
0
0
0
0
0
0
0
0
0
0
0
0
0
0
0
0.231373
0.192157
0.847059
0.796078
0.0117647
0
0
0
0
0
0
0
0
0
0
0
0
0
0
0
0.627451
0.870588
0.776471
0.101961
0
0
0
0
0
0
0
0
0
0
0
0
0
0
0
0
0
0.396078
0.435294
0
0
0
0
0
0
0
0
0
0
0
0
0
0
0
0
0
0
0.133333
0.105882
0
0
0
0
0
0
0
0
0
0
0
0
0
0
0
0
0
0
0
0
0
0
0
0
0
0
0
0
0
0
0
0
0
0
0
0
0
0
0
0
0
0
0
0
0
0
0
0
0
