0
0
0
0
0
0
0
0
0
0
0
0
0
0
0
0
0
0
0
0
0
0
0
0
0
0
0
0
0
0
0
0
0
0
0
0
0
0
0
0
0
0
0
0
0
0
0
0
0
0
0
0
0
0
0
0
0
0
0
0
0
0
0
0
0
0
0
0
0
0
0
0
0
0
0
0
0
0
0
0
0
0
0
0
0
0
0
0
0
0
0
0
0
0
0
0
0
0
0
0
0
0
0
0
0
0
0
0
0
0
0
0.109804
0.321569
0.654902
0.109804
0
0
0
0
0
0
0
0
0
0
0
0
0
0
0
0.109804
0.898039
0.556863
0.27451
0.0117647
0
0
0
0
0
0
0
0
0
0
0
0
0
0
0.431373
0.662745
0.447059
0
0
0
0
0
0
0
0
0
0
0
0
0
0
0
0
0
0.572549
0.709804
0.368627
0
0
0
0
0
0
0
0
0
0
0
0
0
0
0
0
0
0.0862745
0.843137
0.341176
0
0
0
0
0
0
0
0
0
0
0
0
0
0
0
0
0
0
0.2
0.101961
0.219608
0
0
0
0
0
0
0
0
0
0
0
0
0
0
0
0
0.00392157
0.580392
0.121569
0.866667
0.054902
0
0
0
0
0
0
0
0
0
0
0
0
0
0
0
0.0313726
0.447059
0
0.537255
0.321569
0
0
0
0
0
0
0
0
0
0
0
0
0
0
0
0.00392157
0.301961
0
0.654902
0.298039
0
0
0
0
0
0
0
0
0
0
0
0
0
0
0
0.0784314
0.847059
0.666667
0.67451
0.027451
0
0
0
0
0
0
0
0
0
0
0
0
0
0
0
0.168627
0.905882
0.258824
0.00392157
0
0
0
0
0
0
0
0
0
0
0
0
0
0
0
0
0.0470588
0.564706
0
0
0
0
0
0
0
0
0
0
0
0
0
0
0
0
0
0
0
0
0
0
0
0
0
0
0
0
0
0
0
0
0
0
0
0
0
0
0
0
0
0
0
0
0
0
0
0
0
0
0
0
0
0
0
0
0
0
0
0
0
0
0
0
0
0
0
0
0
