0
0
0
0
0
0
0
0
0
0
0
0
0
0
0
0
0
0
0
0
0
0
0
0
0
0
0
0
0
0
0
0
0
0
0
0
0
0
0
0
0
0
0
0
0
0
0
0
0
0
0
0
0
0
0
0
0
0
0
0
0
0
0
0
0
0
0
0
0
0
0
0
0
0
0
0
0
0
0
0
0
0
0
0
0
0
0
0
0
0
0.231373
0.00784314
0
0
0
0
0
0
0
0
0
0
0
0
0
0
0
0
0
0
0.607843
0.0745098
0
0
0
0
0
0
0
0
0
0
0
0
0
0
0
0
0
0.0431373
0.807843
0.666667
0.611765
0.592157
0.192157
0
0
0
0
0
0
0
0
0
0
0
0
0
0.00392157
0.760784
0.941176
0.270588
0.278431
0.313726
0.105882
0
0
0
0
0
0
0
0
0
0
0
0
0
0.231373
0.752941
0.764706
0.00392157
0
0
0
0
0
0
0
0
0
0
0
0
0
0
0
0
0.0588235
0.831373
0.878431
0.00392157
0
0
0
0
0
0
0
0
0
0
0
0
0
0
0
0
0
0.0862745
0.905882
0.611765
0.0666667
0
0
0
0
0
0
0
0
0
0
0
0
0
0
0
0
0
0.239216
0.372549
0.776471
0.121569
0
0
0
0
0
0
0
0
0
0
0
0
0
0
0
0
0.690196
0
0.341176
0.643137
0
0
0
0
0
0
0
0
0
0
0
0
0
0
0
0
0.627451
0
0.121569
0.721569
0
0
0
0
0
0
0
0
0
0
0
0
0
0
0
0
0.588235
0
0.301961
0.623529
0
0
0
0
0
0
0
0
0
0
0
0
0
0
0.231373
0.203922
0.866667
0.470588
0.835294
0.12549
0
0
0
0
0
0
0
0
0
0
0
0
0
0.00784314
0.658824
0.701961
0.933333
0.47451
0.0901961
0
0
0
0
0
0
0
0
0
0
0
0
0
0
0
0
0.0431373
0.509804
0
0
0
0
0
0
0
0
0
0
0
0
0
0
0
0
0
0
0
0
0
0
0
0
0
0
0
0
0
0
0
0
0
0
0
0
0
0
0
0
0
0
0
0
0
0
0
0
0
