0
0
0
0
0
0
0
0
0
0
0
0
0
0
0
0
0
0
0
0
0
0
0
0
0
0
0
0
0
0
0
0
0
0
0
0
0
0
0
0
0
0
0
0
0
0
0
0
0
0
0
0
0
0
0
0
0
0
0
0
0
0
0
0
0
0
0
0
0
0
0
0
0
0
0
0
0
0
0
0
0
0
0
0
0
0
0
0
0
0
0
0
0
0
0
0
0
0
0
0
0
0
0
0
0
0
0
0
0
0
0
0
0
0
0
0
0
0
0
0
0
0
0
0
0
0
0
0
0
0
0
0.180392
0
0
0
0
0
0
0
0
0
0
0
0
0
0
0
0
0
0
0.262745
0.929412
0.392157
0
0
0
0
0
0
0
0
0
0
0
0
0
0
0
0.0117647
0.635294
0.768627
0.72549
0.329412
0
0
0
0
0
0
0
0
0
0
0
0
0
0
0
0.145098
0.941176
0.356863
0.372549
0
0
0
0
0
0
0
0
0
0
0
0
0
0
0
0
0
0.176471
0.862745
0.360784
0
0
0
0
0
0
0
0
0
0
0
0
0
0
0
0
0
0
0.537255
0.835294
0.0745098
0
0
0
0
0
0
0
0
0
0
0
0
0
0
0
0
0
0.321569
0.490196
0.623529
0
0
0
0
0
0
0
0
0
0
0
0
0
0
0
0.00784314
0.164706
0.505882
0.560784
0.592157
0
0
0
0
0
0
0
0
0
0
0
0
0
0
0
0.231373
0.756863
0.913725
0.560784
0.0666667
0
0
0
0
0
0
0
0
0
0
0
0
0
0
0
0
0
0.670588
0.113725
0
0
0
0
0
0
0
0
0
0
0
0
0
0
0
0
0
0
0
0
0
0
0
0
0
0
0
0
0
0
0
0
0
0
0
0
0
0
0
0
0
0
0
0
0
0
0
0
0
0
0
0
0
0
0
0
0
0
0
0
0
0
0
0
0
0
0
0
0
0
0
0
0
0
0
0
0
0
0
0
0
0
0
0
0
0
0
0
