0
0
0
0
0
0
0
0
0
0
0
0
0
0
0
0
0
0
0
0
0
0
0
0
0
0
0
0
0
0
0
0
0
0
0
0
0
0
0
0
0
0
0
0
0
0
0
0
0
0
0
0
0
0
0
0
0
0
0
0
0
0
0
0
0
0
0
0
0
0
0
0
0
0
0
0
0
0
0
0
0
0
0
0
0
0
0
0
0
0
0
0
0
0
0
0
0
0
0
0
0
0
0
0
0
0
0
0
0
0
0
0
0
0
0
0
0
0
0
0
0
0
0
0
0
0
0
0
0
0
0
0
0
0
0
0
0
0
0
0
0
0
0
0
0
0
0
0
0.486275
0.168627
0
0
0.0392157
0.101961
0
0
0
0
0
0
0
0
0
0
0
0
0
0
0.270588
0.862745
0.313726
0.0941176
0.662745
0.6
0
0
0
0
0
0
0
0
0
0
0
0
0
0
0
0.196078
0.607843
0.901961
0.968627
0.223529
0
0
0
0
0
0
0
0
0
0
0
0
0
0
0.0392157
0.219608
0.203922
0.737255
0.592157
0.027451
0
0
0
0
0
0
0
0
0
0
0
0
0
0
0.2
0.690196
0.976471
0.756863
0.694118
0.156863
0
0
0
0
0
0
0
0
0
0
0
0
0
0
0.105882
0.705882
0.960784
0.862745
0.337255
0.0941176
0.180392
0
0
0
0
0
0
0
0
0
0
0
0
0
0.72549
0.670588
0.00784314
0.243137
0.658824
0.8
0.545098
0
0
0
0
0
0
0
0
0
0
0
0
0
0.129412
0.0235294
0
0
0
0
0
0
0
0
0
0
0
0
0
0
0
0
0
0
0
0
0
0
0
0
0
0
0
0
0
0
0
0
0
0
0
0
0
0
0
0
0
0
0
0
0
0
0
0
0
0
0
0
0
0
0
0
0
0
0
0
0
0
0
0
0
0
0
0
0
0
0
0
0
0
0
0
0
0
0
0
0
0
0
0
0
0
0
0
0
0
0
0
0
0
0
0
0
0
0
0
0
0
0
0
0
0
0
0
0
0
