0
0
0
0
0
0
0
0
0
0
0
0
0
0
0
0
0
0
0
0
0
0
0
0
0
0
0
0
0
0
0
0
0
0
0
0
0
0
0
0
0
0
0
0
0
0
0
0
0
0
0
0
0
0
0
0
0
0
0
0
0
0
0
0
0
0
0
0
0
0
0
0
0
0
0
0
0
0
0
0
0
0
0
0
0
0
0
0
0
0
0
0
0
0
0
0
0
0
0
0
0
0
0
0
0
0
0
0
0
0
0
0
0
0
0
0
0
0
0
0
0
0
0
0
0
0
0
0
0
0
0
0
0
0
0
0
0
0
0
0
0
0
0
0
0
0
0
0
0
0
0
0
0
0
0
0
0
0
0
0
0
0
0
0
0
0
0
0
0.109804
0.490196
0.470588
0.458824
0.490196
0.164706
0
0
0
0
0
0
0
0
0
0
0
0
0
0.152941
0.835294
0.494118
0.403922
0.392157
0.894118
0.290196
0
0
0
0
0
0
0
0
0
0
0
0
0
0.854902
0.298039
0
0
0.419608
0.768627
0.0235294
0
0
0
0
0
0
0
0
0
0
0
0
0
0.12549
0
0
0.305882
0.792157
0.0666667
0
0
0
0
0
0
0
0
0
0
0
0
0
0
0
0
0.278431
0.941176
0.164706
0
0
0
0
0
0
0
0
0
0
0
0
0
0
0
0
0.521569
0.937255
0.72549
0.878431
0.486275
0.447059
0
0
0
0
0
0
0
0
0
0
0
0
0
0.00784314
0.560784
0.0862745
0
0.160784
0.466667
0.337255
0
0
0
0
0
0
0
0
0
0
0
0
0
0
0
0
0
0
0
0
0
0
0
0
0
0
0
0
0
0
0
0
0
0
0
0
0
0
0
0
0
0
0
0
0
0
0
0
0
0
0
0
0
0
0
0
0
0
0
0
0
0
0
0
0
0
0
0
0
0
0
0
0
0
0
0
0
0
0
0
0
0
0
0
0
0
0
0
0
0
0
0
0
0
0
0
0
0
0
0
0
0
0
0
0
0
