0
0
0
0
0
0
0
0
0
0
0
0
0
0
0
0
0
0
0
0
0
0
0
0
0
0
0
0
0
0
0
0
0
0
0
0
0
0
0
0
0
0
0
0
0
0
0
0
0
0
0
0
0
0
0
0
0
0
0
0
0
0
0
0
0
0
0
0
0
0
0
0
0
0
0
0
0
0
0
0
0
0
0
0
0
0
0
0
0
0
0
0
0
0
0
0
0
0
0
0
0
0
0
0
0
0
0
0
0
0
0
0
0
0
0
0
0
0
0
0
0
0
0
0
0
0
0
0
0
0
0
0
0
0
0
0
0
0
0
0
0
0
0
0
0
0
0
0
0
0
0.235294
0.196078
0
0
0
0
0
0
0
0
0
0
0
0
0
0
0
0
0
0
0.466667
0.262745
0
0
0
0
0
0
0
0
0
0
0
0
0
0
0
0
0
0
0.592157
0.258824
0
0
0
0
0
0
0
0
0
0
0
0
0
0
0
0
0
0
0.552941
0.219608
0
0
0
0
0
0
0
0
0
0
0
0
0
0
0
0
0
0
0.576471
0.313726
0
0
0
0
0
0
0
0
0
0
0
0
0
0
0
0
0
0
0.552941
0.352941
0
0
0
0
0
0
0
0
0
0
0
0
0
0
0
0
0
0
0.552941
0.352941
0
0
0
0
0
0
0
0
0
0
0
0
0
0
0
0
0
0
0.576471
0.396078
0
0
0
0
0
0
0
0
0
0
0
0
0
0
0
0
0
0
0.192157
0.105882
0
0
0
0
0
0
0
0
0
0
0
0
0
0
0
0
0
0
0
0
0
0
0
0
0
0
0
0
0
0
0
0
0
0
0
0
0
0
0
0
0
0
0
0
0
0
0
0
0
0
0
0
0
0
0
0
0
0
0
0
0
0
0
0
0
0
0
0
0
0
0
0
0
0
0
0
0
0
0
0
0
0
0
0
0
0
0
0
