0
0
0
0
0
0
0
0
0
0
0
0
0
0
0
0
0
0
0
0
0
0
0
0
0
0
0
0
0
0
0
0
0
0
0
0
0
0
0
0
0
0
0
0
0
0
0
0
0
0
0
0
0
0
0
0
0
0
0
0
0
0
0
0
0
0
0
0
0
0
0
0
0
0
0
0
0
0
0
0
0
0
0
0
0
0
0
0
0
0
0
0
0
0
0
0
0
0
0
0
0
0
0
0
0
0
0
0
0
0
0
0
0
0
0
0
0
0
0
0
0
0
0
0
0
0
0
0
0
0
0
0.2
0.105882
0
0
0
0
0
0
0
0
0
0
0
0
0
0
0
0
0
0.0235294
0.803922
0.258824
0
0
0
0
0
0
0
0
0
0
0
0
0
0
0
0
0.0196078
0.635294
0.878431
0.00392157
0
0
0
0
0
0
0
0
0
0
0
0
0
0
0.00392157
0.341176
0.8
0.572549
0.243137
0
0
0
0
0
0
0
0
0
0
0
0
0
0
0
0.0313726
0.607843
0.176471
0.12549
0.533333
0
0
0
0
0
0
0
0
0
0
0
0
0
0
0
0
0
0
0.027451
0.156863
0
0
0
0
0
0
0
0
0
0
0
0
0
0
0
0
0
0
0.0980392
0.380392
0
0
0
0
0
0
0
0
0
0
0
0
0
0
0
0
0
0
0.109804
0.427451
0
0
0
0
0
0
0
0
0
0
0
0
0
0
0
0
0
0
0.160784
0.627451
0
0
0
0
0
0
0
0
0
0
0
0
0
0
0
0
0
0
0.211765
0.678431
0
0
0
0
0
0
0
0
0
0
0
0
0
0
0
0
0
0
0.227451
0.694118
0
0
0
0
0
0
0
0
0
0
0
0
0
0
0
0
0
0
0.0117647
0.109804
0
0
0
0
0
0
0
0
0
0
0
0
0
0
0
0
0
0
0
0
0
0
0
0
0
0
0
0
0
0
0
0
0
0
0
0
0
0
0
0
0
0
0
0
0
0
0
0
