0
0
0
0
0
0
0
0
0
0
0
0
0
0
0
0
0
0
0
0
0
0
0
0
0
0
0
0
0
0
0
0
0
0
0
0
0
0
0
0
0
0
0
0
0
0
0
0
0
0
0
0
0
0
0
0
0
0
0
0
0
0
0
0
0
0
0
0
0
0
0
0
0
0
0
0
0
0
0
0
0
0
0
0
0
0
0
0
0
0
0
0
0
0
0
0
0
0
0
0
0
0
0
0
0
0
0
0
0
0
0
0
0
0
0
0
0
0
0
0
0
0
0
0
0
0
0
0
0
0
0
0.12549
0.305882
0
0
0
0
0
0
0
0
0
0
0
0
0
0
0
0
0
0
0.376471
0.576471
0
0
0
0
0
0
0
0
0
0
0
0
0
0
0
0
0
0
0.623529
0.435294
0
0
0
0
0
0
0
0
0
0
0
0
0
0
0
0
0
0.133333
0.407843
0.423529
0
0
0
0
0
0
0
0
0
0
0
0
0
0
0
0
0.0196078
0.819608
0.490196
0.388235
0
0
0
0
0
0
0
0
0
0
0
0
0
0
0
0.00784314
0.611765
0.556863
0.368627
0.352941
0
0
0
0
0
0
0
0
0
0
0
0
0
0
0.0352941
0.654902
0.611765
0.0117647
0.490196
0.423529
0
0
0
0
0
0
0
0
0
0
0
0
0
0
0.341176
0.552941
0.00784314
0
0.231373
0.192157
0
0
0
0
0
0
0
0
0
0
0
0
0
0
0
0
0
0
0
0
0
0
0
0
0
0
0
0
0
0
0
0
0
0
0
0
0
0
0
0
0
0
0
0
0
0
0
0
0
0
0
0
0
0
0
0
0
0
0
0
0
0
0
0
0
0
0
0
0
0
0
0
0
0
0
0
0
0
0
0
0
0
0
0
0
0
0
0
0
0
0
0
0
0
0
0
0
0
0
0
0
0
0
0
0
0
0
0
0
0
0
0
0
0
0
0
0
0
0
0
0
0
0
0
0
0
0
