0
0
0
0
0
0
0
0
0
0
0
0
0
0
0
0
0
0
0
0
0
0
0
0
0
0
0
0
0
0
0
0
0
0
0
0
0
0
0
0
0
0
0
0
0
0
0
0
0
0
0
0
0
0
0
0
0
0
0
0
0
0
0
0
0
0
0
0
0
0
0
0
0
0
0
0
0
0
0
0
0
0
0
0
0
0
0
0
0
0
0.0901961
0.341176
0
0
0
0
0
0
0
0
0
0
0
0
0
0
0
0
0
0
0.168627
0.607843
0
0
0
0
0
0
0
0
0
0
0
0
0
0
0
0
0
0
0.239216
0.423529
0
0
0
0
0
0
0
0
0
0
0
0
0
0
0
0
0
0
0.2
0.337255
0
0
0
0
0
0
0
0
0
0
0
0
0
0
0
0
0
0
0.294118
0.494118
0
0
0
0
0
0
0
0
0
0
0
0
0
0
0
0
0
0
0.176471
0.301961
0
0
0
0
0
0
0
0
0
0
0
0
0
0
0
0
0
0
0.231373
0.396078
0
0
0
0
0
0
0
0
0
0
0
0
0
0
0
0
0
0
0.0313726
0.0784314
0
0
0
0
0
0
0
0
0
0
0
0
0
0
0
0
0
0
0.345098
0.498039
0
0
0
0
0
0
0
0
0
0
0
0
0
0
0
0
0
0
0.403922
0.443137
0
0
0
0
0
0
0
0
0
0
0
0
0
0
0
0
0
0
0.505882
0.360784
0
0
0
0
0
0
0
0
0
0
0
0
0
0
0
0
0
0
0.580392
0.294118
0
0
0
0
0
0
0
0
0
0
0
0
0
0
0
0
0
0
0.611765
0.278431
0
0
0
0
0
0
0
0
0
0
0
0
0
0
0
0
0
0
0.631373
0.270588
0
0
0
0
0
0
0
0
0
0
0
0
0
0
0
0
0
0
0.478431
0.133333
0
0
0
0
0
0
0
0
0
0
0
0
0
0
0
0
0
0
0
0
0
0
0
0
0
0
0
0
