0
0
0
0
0
0
0
0
0
0
0
0
0
0
0
0
0
0
0
0
0
0
0
0
0
0
0
0
0
0
0
0
0
0
0
0
0
0
0
0
0
0
0
0
0
0
0
0
0
0
0.0117647
0.168627
0
0
0
0
0
0
0
0
0
0
0
0
0
0
0
0
0
0
0.145098
0.745098
0
0
0
0
0
0
0
0
0
0
0
0
0
0
0
0
0
0
0.137255
0.737255
0
0
0
0
0
0
0
0
0
0
0
0
0
0
0
0
0
0
0.137255
0.627451
0
0
0
0
0
0
0
0
0
0
0
0
0
0
0
0
0
0
0.152941
0.619608
0
0
0
0
0
0
0
0
0
0
0
0
0
0
0
0
0
0
0.156863
0.623529
0
0
0
0
0
0
0
0
0
0
0
0
0
0
0
0
0
0
0.172549
0.639216
0
0
0
0
0
0
0
0
0
0
0
0
0
0
0
0
0
0
0.00392157
0.105882
0
0
0
0
0
0
0
0
0
0
0
0
0
0
0
0
0
0
0.137255
0.603922
0
0
0
0
0
0
0
0
0
0
0
0
0
0
0
0
0
0
0.180392
0.647059
0
0
0
0
0
0
0
0
0
0
0
0
0
0
0
0
0
0
0.152941
0.619608
0
0
0
0
0
0
0
0
0
0
0
0
0
0
0
0
0
0
0.196078
0.564706
0
0
0
0
0
0
0
0
0
0
0
0
0
0
0
0
0
0
0.0392157
0.160784
0
0
0
0
0
0
0
0
0
0
0
0
0
0
0
0
0
0
0.156863
0.380392
0
0
0
0
0
0
0
0
0
0
0
0
0
0
0
0
0
0
0.392157
0.329412
0
0
0
0
0
0
0
0
0
0
0
0
0
0
0
0
0
0
0.466667
0.4
0
0
0
0
0
0
0
0
0
0
0
0
0
0
0
0
0
0
0.439216
0.470588
0
0
0
0
0
0
0
0
0
0
0
0
0
0
0
0
0
0
0.545098
0.454902
0
0
0
0
0
0
0
0
