0
0
0
0
0
0
0
0
0
0
0
0
0
0
0
0
0
0
0
0
0
0
0
0
0
0
0
0
0
0
0
0
0
0
0
0
0
0
0
0
0
0
0
0
0
0
0
0
0
0
0
0
0
0
0
0
0
0
0
0
0
0
0
0
0
0
0
0
0
0
0
0
0
0
0
0
0
0
0
0
0
0
0
0
0
0
0
0
0
0
0
0
0
0
0
0
0
0
0
0
0
0
0
0
0
0
0
0
0
0
0
0
0
0
0
0
0
0
0
0
0
0
0
0
0
0
0
0
0
0
0
0
0
0
0
0
0
0
0
0
0
0
0
0
0
0
0
0
0
0
0.0352941
0.435294
0
0
0
0
0
0
0
0
0
0
0
0
0
0
0
0
0
0.00392157
0.596078
0.878431
0
0
0
0
0
0
0
0
0
0
0
0
0
0
0
0
0.027451
0.631373
0.588235
0.87451
0
0
0
0
0
0
0
0
0
0
0
0
0
0
0
0
0.439216
0.556863
0.0196078
0.878431
0
0
0
0
0
0
0
0
0
0
0
0
0
0
0
0
0
0
0.0470588
0.831373
0
0
0
0
0
0
0
0
0
0
0
0
0
0
0
0
0
0
0.0862745
0.811765
0
0
0
0
0
0
0
0
0
0
0
0
0
0
0
0
0
0
0.156863
0.764706
0
0
0
0
0
0
0
0
0
0
0
0
0
0
0
0
0
0
0.0784314
0.47451
0
0
0
0
0
0
0
0
0
0
0
0
0
0
0
0
0
0
0
0
0
0
0
0
0
0
0
0
0
0
0
0
0
0
0
0
0
0
0
0
0
0
0
0
0
0
0
0
0
0
0
0
0
0
0
0
0
0
0
0
0
0
0
0
0
0
0
0
0
0
0
0
0
0
0
0
0
0
0
0
0
0
0
0
0
0
0
0
0
0
0
0
0
0
0
0
0
0
0
0
0
0
0
0
0
0
0
0
