0
0
0
0
0
0
0
0
0
0
0
0
0
0
0
0
0
0
0
0
0
0
0
0
0
0
0
0
0
0
0
0
0
0
0
0
0
0
0
0
0
0
0
0
0
0
0
0
0
0
0
0
0
0
0
0
0
0
0
0
0
0
0
0
0
0
0
0
0
0
0
0
0
0
0
0
0
0
0
0
0
0
0
0
0
0
0
0
0
0
0
0
0
0
0
0
0
0
0
0
0
0
0
0
0
0
0
0
0
0
0
0
0
0
0
0
0
0
0
0
0
0
0
0
0
0
0
0
0
0
0
0
0
0
0
0
0
0
0
0
0
0
0
0
0
0
0
0
0
0
0
0
0
0
0
0
0
0
0
0
0
0
0
0
0
0
0
0
0
0
0
0.0313726
0.113725
0
0
0
0
0
0
0
0
0
0
0
0
0
0
0
0
0
0.054902
0.8
0.666667
0
0
0
0
0
0
0
0
0
0
0
0
0
0
0
0
0.0313726
0.737255
0.537255
0.498039
0
0
0
0
0
0
0
0
0
0
0
0
0
0
0
0
0.529412
0.529412
0.145098
0.564706
0
0
0
0
0
0
0
0
0
0
0
0
0
0
0
0
0.0980392
0.027451
0.258824
0.592157
0
0
0
0
0
0
0
0
0
0
0
0
0
0
0
0
0
0
0.258824
0.592157
0
0
0
0
0
0
0
0
0
0
0
0
0
0
0
0
0
0
0.12549
0.305882
0
0
0
0
0
0
0
0
0
0
0
0
0
0
0
0
0
0
0
0
0
0
0
0
0
0
0
0
0
0
0
0
0
0
0
0
0
0
0
0
0
0
0
0
0
0
0
0
0
0
0
0
0
0
0
0
0
0
0
0
0
0
0
0
0
0
0
0
0
0
0
0
0
0
0
0
0
0
0
0
0
0
0
0
0
0
0
0
0
0
0
0
0
0
0
0
0
0
0
0
0
0
0
0
0
0
0
