0
0
0
0
0
0
0
0
0
0
0
0
0
0
0
0
0
0
0
0
0
0
0
0
0
0
0
0
0
0
0
0
0
0
0
0
0
0
0
0
0
0
0
0
0
0
0
0
0
0
0
0
0
0
0
0
0
0
0
0
0
0
0
0
0
0
0
0
0
0
0
0
0
0
0
0
0
0
0
0
0
0
0
0
0
0
0
0
0
0
0
0
0
0
0
0
0
0
0
0
0
0
0
0
0
0
0
0
0
0
0
0
0
0
0
0
0
0
0
0
0
0
0
0
0
0
0
0
0
0
0
0.152941
0.266667
0
0
0
0
0
0
0
0
0
0
0
0
0
0
0
0
0
0.129412
0.87451
0.607843
0
0
0
0
0
0
0
0
0
0
0
0
0
0
0
0
0.0941176
0.843137
0.556863
0.596078
0
0
0
0
0
0
0
0
0
0
0
0
0
0
0
0.0431373
0.8
0.341176
0.298039
0.545098
0
0
0
0
0
0
0
0
0
0
0
0
0
0
0.0431373
0.729412
0.372549
0
0.321569
0.521569
0
0
0
0
0
0
0
0
0
0
0
0
0
0
0.533333
0.372549
0
0
0.407843
0.486275
0
0
0
0
0
0
0
0
0
0
0
0
0
0
0
0
0
0
0.505882
0.368627
0
0
0
0
0
0
0
0
0
0
0
0
0
0
0
0
0
0
0.356863
0.141176
0
0
0
0
0
0
0
0
0
0
0
0
0
0
0
0
0
0
0.603922
0.270588
0
0
0
0
0
0
0
0
0
0
0
0
0
0
0
0
0
0
0.623529
0.290196
0
0
0
0
0
0
0
0
0
0
0
0
0
0
0
0
0
0
0.388235
0.145098
0
0
0
0
0
0
0
0
0
0
0
0
0
0
0
0
0
0
0
0
0
0
0
0
0
0
0
0
0
0
0
0
0
0
0
0
0
0
0
0
0
0
0
0
0
0
0
0
0
0
0
0
0
0
0
0
0
0
0
0
0
0
0
0
0
0
0
