0
0
0
0
0
0
0
0
0
0
0
0
0
0
0
0
0
0
0
0
0
0
0
0
0
0
0
0
0
0
0
0
0
0
0
0
0
0
0
0
0
0
0
0
0
0
0
0
0
0
0
0
0
0
0
0
0
0
0
0
0
0
0
0
0
0
0
0
0
0
0
0
0
0
0
0
0
0
0
0
0
0
0
0
0
0
0
0
0
0
0
0
0
0
0
0
0
0
0
0
0
0
0
0
0
0
0
0
0
0
0
0
0
0
0
0
0
0
0
0
0
0
0
0
0
0
0
0
0
0
0
0
0
0
0
0
0
0
0
0
0
0
0
0
0
0
0
0
0
0
0.0313726
0.0117647
0
0
0
0
0
0
0
0
0
0
0
0
0
0
0
0
0
0
0.764706
0.4
0
0
0
0
0
0
0
0
0
0
0
0
0
0
0
0
0
0.333333
0.992157
0.403922
0
0
0
0
0
0
0
0
0
0
0
0
0
0
0
0
0.156863
0.866667
0.537255
0.32549
0
0
0
0
0
0
0
0
0
0
0
0
0
0
0
0
0.470588
0.364706
0.454902
0.388235
0
0
0
0
0
0
0
0
0
0
0
0
0
0
0
0
0
0
0.439216
0.372549
0
0
0
0
0
0
0
0
0
0
0
0
0
0
0
0
0
0
0.486275
0.419608
0
0
0
0
0
0
0
0
0
0
0
0
0
0
0
0
0
0
0.486275
0.419608
0
0
0
0
0
0
0
0
0
0
0
0
0
0
0
0
0
0
0.298039
0.247059
0
0
0
0
0
0
0
0
0
0
0
0
0
0
0
0
0
0
0
0
0
0
0
0
0
0
0
0
0
0
0
0
0
0
0
0
0
0
0
0
0
0
0
0
0
0
0
0
0
0
0
0
0
0
0
0
0
0
0
0
0
0
0
0
0
0
0
0
0
0
0
0
0
0
0
0
0
0
0
0
0
0
0
0
0
0
0
0
