0
0
0
0
0
0
0
0
0
0
0
0
0
0
0
0
0
0
0
0
0
0
0
0
0
0
0
0
0
0
0
0
0
0
0
0
0
0
0
0
0
0
0
0
0
0
0
0
0
0
0
0
0
0
0
0
0
0
0
0
0
0
0
0
0
0
0
0
0
0
0
0
0
0
0
0
0
0
0
0
0
0
0
0
0
0
0
0
0
0
0
0
0
0
0
0
0
0
0
0
0
0
0
0
0
0
0
0
0
0
0
0
0
0
0
0
0
0
0
0
0
0
0
0
0
0
0
0
0
0
0
0
0
0
0
0
0
0
0
0
0
0
0
0
0
0
0.235294
0.556863
0
0
0
0
0
0
0
0
0
0
0
0
0
0
0
0
0
0
0.137255
0.729412
0
0
0
0
0
0
0.2
0.2
0
0
0
0
0
0
0
0
0
0
0.00392157
0.729412
0.0980392
0
0.0431373
0
0
0
0.541176
0.388235
0
0
0
0
0
0
0
0
0
0
0
0.462745
0.258824
0.172549
0.807843
0
0
0.0352941
0.835294
0.0745098
0
0
0
0
0
0
0
0
0
0
0
0.290196
0.611765
0.286275
0.92549
0.0313726
0
0.52549
0.466667
0
0
0
0
0
0
0
0
0
0
0
0
0.00392157
0.866667
0.721569
0.780392
0.568627
0.329412
0.819608
0.0313726
0
0
0
0
0
0
0
0
0
0
0
0
0
0.431373
0.545098
0.0431373
0.580392
0.662745
0.121569
0
0
0
0
0
0
0
0
0
0
0
0
0
0
0
0
0
0
0
0
0
0
0
0
0
0
0
0
0
0
0
0
0
0
0
0
0
0
0
0
0
0
0
0
0
0
0
0
0
0
0
0
0
0
0
0
0
0
0
0
0
0
0
0
0
0
0
0
0
0
0
0
0
0
0
0
0
0
0
0
0
0
0
0
0
0
0
0
0
0
0
0
0
0
0
0
0
0
0
0
0
0
0
0
0
0
0
0
0
0
0
0
0
0
0
0
0
0
0
0
0
0
0
0
0
0
