0
0
0
0
0
0
0
0
0
0
0
0
0
0
0
0
0
0
0
0
0
0
0
0
0
0
0
0
0
0
0
0
0
0
0
0
0
0
0
0
0
0
0
0
0
0
0
0
0
0
0
0
0
0
0
0
0
0
0
0
0
0
0
0
0
0
0
0
0
0
0
0
0
0
0
0
0
0
0
0
0
0
0
0
0
0
0
0
0
0
0
0
0
0
0
0
0
0
0
0
0
0
0
0
0
0
0
0
0
0
0
0
0
0
0
0
0
0
0
0
0
0
0
0
0
0
0
0
0
0
0
0
0
0.0705882
0.054902
0
0
0
0
0
0
0
0
0
0
0
0
0.2
0.164706
0
0
0
0
0.470588
0.403922
0
0
0
0
0
0
0
0
0
0
0
0
0.478431
0.411765
0
0
0
0
0.403922
0.337255
0
0
0
0
0
0
0
0
0
0
0
0
0.286275
0.52549
0
0
0
0
0.376471
0.286275
0
0
0
0
0
0
0
0
0
0
0
0
0.0627451
0.423529
0
0
0.227451
0.270588
0.341176
0.2
0
0
0
0
0
0
0
0
0
0
0
0
0.0117647
0.435294
0.0313726
0
0.447059
0.486275
0.776471
0.0352941
0
0
0
0
0
0
0
0
0
0
0
0
0
0.427451
0.176471
0
0.580392
0.627451
0.776471
0
0
0
0
0
0
0
0
0
0
0
0
0
0
0.192157
0.411765
0.2
0.458824
0.745098
0.211765
0
0
0
0
0
0
0
0
0
0
0
0
0
0
0.00392157
0.764706
0.866667
0.0980392
0
0
0
0
0
0
0
0
0
0
0
0
0
0
0
0
0
0.0745098
0.2
0
0
0
0
0
0
0
0
0
0
0
0
0
0
0
0
0
0
0
0
0
0
0
0
0
0
0
0
0
0
0
0
0
0
0
0
0
0
0
0
0
0
0
0
0
0
0
0
0
0
0
0
0
0
0
0
0
0
0
0
0
0
0
0
0
0
0
0
0
0
0
0
0
0
0
0
0
0
0
0
0
0
0
0
0
0
0
0
0
