0
0
0
0
0
0
0
0
0
0
0
0
0
0
0
0
0
0
0
0
0
0
0
0
0
0
0
0
0
0
0
0
0
0
0
0
0
0
0
0
0
0
0
0
0
0
0
0
0
0
0
0
0
0
0
0
0
0
0
0
0
0
0
0
0
0
0
0
0
0
0
0
0
0
0
0
0
0
0
0
0
0
0
0
0
0
0
0
0
0
0
0
0
0
0
0
0
0
0
0
0
0
0
0
0
0
0
0
0
0
0
0
0
0
0
0
0
0
0
0
0
0
0
0
0
0
0
0
0
0.0627451
0.6
0.603922
0.592157
0.47451
0
0
0
0
0
0
0
0
0
0
0
0
0
0
0
0.0117647
0.266667
0.270588
0.305882
0.788235
0
0
0
0
0
0
0
0
0
0
0
0
0
0
0
0
0
0
0.372549
0.607843
0
0
0
0
0
0
0
0
0
0
0
0
0
0
0
0
0
0
0.192157
0.105882
0
0
0
0
0
0
0
0
0
0
0
0
0
0
0
0.278431
0.639216
0.662745
0.8
0.803922
0.364706
0
0
0
0
0
0
0
0
0
0
0
0
0
0.00784314
0.607843
0.262745
0.32549
0.0235294
0
0
0
0
0
0
0
0
0
0
0
0
0
0
0
0
0
0.164706
0.498039
0
0
0
0
0
0
0
0
0
0
0
0
0
0
0
0
0
0.0392157
0.4
0.164706
0
0
0
0
0
0
0
0
0
0
0
0
0
0
0
0
0
0.560784
0.341176
0
0
0
0
0
0
0
0
0
0
0
0
0
0
0
0
0.0117647
0.588235
0.258824
0
0
0
0
0
0
0
0
0
0
0
0
0
0
0
0
0
0.403922
0.596078
0
0
0
0
0
0
0
0
0
0
0
0
0
0
0
0
0
0
0.00392157
0
0
0
0
0
0
0
0
0
0
0
0
0
0
0
0
0
0
0
0
0
0
0
0
0
0
0
0
0
0
0
0
0
0
0
0
0
0
0
0
0
0
0
0
0
0
0
0
0
0
0
0
