0
0
0
0
0
0
0
0
0
0
0
0
0
0
0
0
0
0
0
0
0
0
0
0
0
0
0
0
0
0
0
0
0
0
0
0
0
0
0
0
0
0
0
0
0
0
0
0
0
0
0
0
0
0
0
0
0
0
0
0
0
0
0
0
0
0
0
0
0
0
0
0
0
0
0
0
0
0
0
0
0
0
0
0
0
0
0
0
0
0
0
0
0
0
0
0
0
0
0
0
0
0
0
0
0
0
0
0
0
0
0
0
0
0
0
0
0
0
0
0
0
0
0
0
0
0
0
0
0
0
0.0352941
0.0588235
0
0
0
0
0
0
0
0
0
0
0
0
0
0
0
0
0
0.239216
0.835294
0.843137
0.301961
0.121569
0
0
0
0
0
0
0
0
0
0
0
0
0
0
0
0.666667
0.305882
0
0.0705882
0.792157
0.207843
0
0
0
0
0
0
0
0
0
0
0
0
0
0
0.529412
0.345098
0
0
0.164706
0.780392
0.00784314
0
0
0
0
0
0
0
0
0
0
0
0
0
0.0431373
0.270588
0
0
0
0.741176
0.211765
0
0
0
0
0
0
0
0
0
0
0
0
0
0.00392157
0.521569
0.266667
0
0.235294
0.823529
0.054902
0
0
0
0
0
0
0
0
0
0
0
0
0.027451
0.509804
0.721569
0.847059
0.211765
0.607843
0.203922
0
0
0
0
0
0
0
0
0
0
0
0
0.0235294
0.705882
0.603922
0.176471
0.643137
0.533333
0
0
0
0
0
0
0
0
0
0
0
0
0
0
0.160784
0.886275
0.862745
0.756863
0.513726
0.0431373
0
0
0
0
0
0
0
0
0
0
0
0
0
0
0
0
0
0
0
0
0
0
0
0
0
0
0
0
0
0
0
0
0
0
0
0
0
0
0
0
0
0
0
0
0
0
0
0
0
0
0
0
0
0
0
0
0
0
0
0
0
0
0
0
0
0
0
0
0
0
0
0
0
0
0
0
0
0
0
0
0
0
0
0
0
0
0
0
0
0
0
0
0
0
0
0
0
0
0
0
0
0
0
0
0
0
0
