0
0
0
0
0
0
0
0
0
0
0
0
0
0
0
0
0
0
0
0
0
0
0
0
0
0
0
0
0
0
0
0
0
0
0
0
0
0
0
0
0
0
0
0
0
0
0
0
0
0
0
0
0
0
0
0
0
0
0
0
0
0
0
0
0
0
0
0
0
0
0
0
0
0
0
0
0
0
0
0
0
0
0
0
0
0
0
0
0
0
0
0
0
0
0
0
0
0
0
0
0
0
0
0
0
0
0
0
0
0
0
0
0
0
0
0
0
0
0
0
0
0
0
0
0
0
0
0
0
0.235294
0.196078
0
0
0
0
0
0
0
0
0
0
0
0
0
0
0
0
0
0
0.486275
0.545098
0
0
0.447059
0.290196
0
0
0
0
0
0
0
0
0
0
0
0
0
0
0.396078
0.572549
0
0
0.678431
0.368627
0
0
0
0
0
0
0
0
0
0
0
0.47451
0.203922
0
0.278431
0.67451
0
0.0313726
0.831373
0.121569
0
0
0
0
0
0
0
0
0
0
0
0.603922
0.321569
0
0.392157
0.792157
0
0.172549
0.956863
0.12549
0
0
0
0
0
0
0
0
0
0
0
0.505882
0.368627
0
0.678431
0.905882
0.101961
0.278431
1
0.137255
0
0
0
0
0
0
0
0
0
0
0
0.294118
0.552941
0.0470588
0.470588
0.490196
0.258824
0.490196
0.933333
0.356863
0
0
0
0
0
0
0
0
0
0
0
0.0431373
0.858824
0.592157
0.501961
0.0352941
0.831373
0.862745
0.301961
0.803922
0.0470588
0
0
0
0
0
0
0
0
0
0
0
0.341176
0.780392
0.0235294
0
0.211765
0.156863
0
0.462745
0.560784
0
0
0
0
0
0
0
0
0
0
0
0
0
0
0
0
0
0
0
0
0
0
0
0
0
0
0
0
0
0
0
0
0
0
0
0
0
0
0
0
0
0
0
0
0
0
0
0
0
0
0
0
0
0
0
0
0
0
0
0
0
0
0
0
0
0
0
0
0
0
0
0
0
0
0
0
0
0
0
0
0
0
0
0
0
0
0
0
0
0
0
0
0
0
0
0
0
0
0
0
0
0
0
0
