0
0
0
0
0
0
0
0
0
0
0
0
0
0
0
0
0
0
0
0
0
0
0
0
0
0
0
0
0
0
0
0
0
0
0
0
0
0
0
0
0
0
0
0
0
0
0
0
0
0
0
0
0
0
0
0
0
0
0
0
0
0
0
0
0
0
0
0
0
0
0
0
0
0
0
0
0
0
0
0
0
0
0
0
0
0
0
0
0
0
0
0
0
0
0
0
0
0
0
0
0
0
0
0
0
0
0
0
0
0
0
0
0
0
0
0
0
0
0
0
0
0
0
0
0
0
0
0
0.560784
0.235294
0
0
0.0313726
0.447059
0
0
0
0
0
0
0
0
0
0
0
0
0
0
0.101961
0.560784
0
0
0.0784314
0.811765
0
0
0
0
0
0
0
0
0
0
0
0
0
0
0.00392157
0.831373
0.00392157
0
0.0117647
0.407843
0
0
0
0
0
0
0
0
0
0
0
0
0
0
0
0.764706
0.262745
0.388235
0.509804
0.745098
0
0
0
0
0
0
0
0
0
0
0
0
0
0
0
0.607843
0.878431
0.521569
0.462745
0.670588
0
0
0
0
0
0
0
0
0
0
0
0
0
0
0
0.447059
0.388235
0
0.0745098
0.588235
0
0
0
0
0
0
0
0
0
0
0
0
0
0
0
0.337255
0.537255
0
0.101961
0.658824
0
0
0
0
0
0
0
0
0
0
0
0
0
0
0
0.345098
0.545098
0
0.109804
0.666667
0
0
0
0
0
0
0
0
0
0
0
0
0
0
0
0.4
0.490196
0
0.145098
0.752941
0
0
0
0
0
0
0
0
0
0
0
0
0
0
0
0.709804
0.270588
0
0.0588235
0.913725
0.0627451
0
0
0
0
0
0
0
0
0
0
0
0
0
0
0.313726
0.0117647
0
0
0.352941
0.121569
0
0
0
0
0
0
0
0
0
0
0
0
0
0
0
0
0
0
0
0
0
0
0
0
0
0
0
0
0
0
0
0
0
0
0
0
0
0
0
0
0
0
0
0
0
0
0
0
0
0
0
0
0
0
0
0
0
0
0
0
0
0
0
0
0
