0
0
0
0
0
0
0
0
0
0
0
0
0
0
0
0
0
0
0
0
0
0
0
0
0
0
0
0
0
0
0
0
0
0
0
0
0
0
0
0
0
0
0
0
0
0
0
0
0
0
0
0
0
0
0
0
0
0
0
0
0
0
0
0
0
0
0
0
0
0
0
0
0
0
0
0
0
0
0
0
0
0
0
0
0
0
0
0
0
0
0
0
0
0
0
0
0
0
0
0
0
0
0
0
0
0
0
0
0
0
0
0
0
0
0
0
0
0
0
0
0
0
0
0
0
0
0
0
0
0.501961
0.0470588
0
0
0.0352941
0
0
0
0
0
0
0
0
0
0
0
0
0
0
0
0.592157
0.278431
0
0.137255
0.737255
0
0
0
0
0
0
0
0
0
0
0
0
0
0
0
0.290196
0.227451
0
0.0862745
0.631373
0
0
0
0
0
0
0
0
0
0
0
0
0
0
0
0.294118
0.576471
0.501961
0.596078
0.811765
0.0235294
0
0
0
0
0
0
0
0
0
0
0
0
0
0
0.360784
0.686275
0.364706
0.498039
0.823529
0.054902
0
0
0
0
0
0
0
0
0
0
0
0
0
0
0.356863
0.423529
0
0.27451
0.607843
0
0
0
0
0
0
0
0
0
0
0
0
0
0
0
0.435294
0.462745
0
0.231373
0.564706
0
0
0
0
0
0
0
0
0
0
0
0
0
0
0
0.509804
0.152941
0
0.239216
0.658824
0
0
0
0
0
0
0
0
0
0
0
0
0
0
0.00392157
0.756863
0.0627451
0
0.12549
0.858824
0
0
0
0
0
0
0
0
0
0
0
0
0
0
0.0392157
0.698039
0
0
0
0.141176
0
0
0
0
0
0
0
0
0
0
0
0
0
0
0
0
0
0
0
0
0
0
0
0
0
0
0
0
0
0
0
0
0
0
0
0
0
0
0
0
0
0
0
0
0
0
0
0
0
0
0
0
0
0
0
0
0
0
0
0
0
0
0
0
0
0
0
0
0
0
0
0
0
0
0
0
0
0
0
0
0
0
0
0
0
0
