0
0
0
0
0
0
0
0
0
0
0
0
0
0
0
0
0
0
0
0
0
0
0
0
0
0
0
0
0
0
0
0
0
0
0
0
0
0
0
0
0
0
0
0
0
0
0
0
0
0
0
0
0
0
0
0
0
0
0
0
0
0
0
0
0
0
0
0
0
0
0
0
0
0
0
0
0
0
0
0
0
0
0
0
0
0
0
0
0
0
0
0
0
0
0
0
0
0
0
0
0
0
0
0
0
0
0
0
0
0
0
0
0
0
0
0
0
0
0
0
0
0
0
0
0
0
0
0
0.294118
0.243137
0
0.0745098
0.470588
0
0
0
0
0
0
0
0
0
0
0
0
0
0
0
0.270588
0.219608
0
0.0666667
0.537255
0
0
0
0
0
0
0
0
0
0
0
0
0
0
0
0.164706
0.133333
0
0.0313726
0.266667
0
0
0
0
0
0
0
0
0
0
0
0
0
0
0
0.380392
0.596078
0.545098
0.572549
0.666667
0
0
0
0
0
0
0
0
0
0
0
0
0
0
0
0.411765
0.698039
0.372549
0.345098
0.235294
0
0
0
0
0
0
0
0
0
0
0
0
0
0
0
0.027451
0.0117647
0
0.0352941
0.627451
0
0
0
0
0
0
0
0
0
0
0
0
0
0
0
0.435294
0.423529
0
0
0.658824
0
0
0
0
0
0
0
0
0
0
0
0
0
0
0
0.403922
0.47451
0
0
0.419608
0.00392157
0
0
0
0
0
0
0
0
0
0
0
0
0
0
0.298039
0.462745
0
0
0.635294
0.027451
0
0
0
0
0
0
0
0
0
0
0
0
0
0
0
0
0
0
0.670588
0.0588235
0
0
0
0
0
0
0
0
0
0
0
0
0
0
0
0
0
0
0
0
0
0
0
0
0
0
0
0
0
0
0
0
0
0
0
0
0
0
0
0
0
0
0
0
0
0
0
0
0
0
0
0
0
0
0
0
0
0
0
0
0
0
0
0
0
0
0
0
0
0
0
0
0
0
0
0
0
0
0
0
0
0
0
0
0
0
