0
0
0
0
0
0
0
0
0
0
0
0
0
0
0
0
0
0
0
0
0
0
0
0
0
0
0
0
0
0
0
0
0
0
0
0
0
0
0
0
0
0
0
0
0
0
0
0
0
0
0
0
0
0
0
0
0
0
0
0
0
0
0
0
0
0
0
0
0
0
0
0
0
0
0
0
0
0
0
0
0
0
0
0
0
0
0
0
0
0
0
0
0
0
0
0
0
0
0
0
0
0
0
0
0
0
0
0
0
0
0.00392157
0
0
0
0
0
0
0
0
0
0
0
0
0
0
0
0
0
0
0.203922
0.862745
0.623529
0.6
0.0470588
0
0
0
0
0
0
0
0
0
0
0
0
0
0
0.27451
0.866667
0.219608
0.0313726
0.470588
0.752941
0.00784314
0
0
0
0
0
0
0
0
0
0
0
0
0.0862745
0.823529
0.141176
0
0
0
0.780392
0.145098
0
0
0
0
0
0
0
0
0
0
0
0
0.439216
0.419608
0
0
0
0
0.568627
0.313726
0
0
0
0
0
0
0
0
0
0
0
0
0.6
0.266667
0
0
0
0
0.509804
0.309804
0
0
0
0
0
0
0
0
0
0
0
0
0.568627
0.337255
0
0
0
0
0.560784
0.219608
0
0
0
0
0
0
0
0
0
0
0
0
0.396078
0.509804
0
0
0
0
0.627451
0.0431373
0
0
0
0
0
0
0
0
0
0
0
0
0.113725
0.858824
0.0666667
0
0
0.219608
0.792157
0
0
0
0
0
0
0
0
0
0
0
0
0
0
0.458824
0.764706
0.47451
0.627451
0.843137
0.192157
0
0
0
0
0
0
0
0
0
0
0
0
0
0
0
0.270588
0.407843
0.298039
0.0235294
0
0
0
0
0
0
0
0
0
0
0
0
0
0
0
0
0
0
0
0
0
0
0
0
0
0
0
0
0
0
0
0
0
0
0
0
0
0
0
0
0
0
0
0
0
0
0
0
0
0
0
0
0
0
0
0
0
0
0
0
0
0
0
0
0
0
0
0
0
0
0
0
0
0
0
0
0
0
0
0
0
0
0
0
0
0
0
