0
0
0
0
0
0
0
0
0
0
0
0
0
0
0
0
0
0
0
0
0
0
0
0
0
0
0
0
0
0
0
0
0
0
0
0
0
0
0
0
0
0
0
0
0
0
0
0
0
0
0
0
0
0
0
0
0
0
0
0
0
0
0
0
0
0
0
0
0
0
0
0
0
0
0
0
0
0
0
0
0
0
0
0
0
0
0
0
0
0.427451
0.627451
0.00784314
0
0
0
0
0
0
0
0
0
0
0
0
0
0
0
0
0.411765
0.780392
0.521569
0.854902
0.290196
0
0
0
0
0
0
0
0
0
0
0
0
0
0
0.266667
0.764706
0.0627451
0
0.239216
0.8
0.576471
0.027451
0
0
0
0
0
0
0
0
0
0
0
0
0.772549
0.172549
0
0
0
0.0313726
0.6
0.611765
0
0
0
0
0
0
0
0
0
0
0
0.0901961
0.698039
0
0
0
0
0
0.00392157
0.768627
0.243137
0
0
0
0
0
0
0
0
0
0
0.431373
0.435294
0
0
0
0
0
0
0.270588
0.741176
0
0
0
0
0
0
0
0
0
0
0.466667
0.4
0
0
0
0
0
0
0
0.823529
0.121569
0
0
0
0
0
0
0
0
0
0.478431
0.411765
0
0
0
0
0
0
0
0.619608
0.27451
0
0
0
0
0
0
0
0
0
0.392157
0.356863
0
0
0
0
0
0
0
0.690196
0.227451
0
0
0
0
0
0
0
0
0
0.196078
0.690196
0
0
0
0
0
0
0.211765
0.823529
0.0235294
0
0
0
0
0
0
0
0
0
0.00392157
0.6
0.00392157
0
0
0
0
0.027451
0.776471
0.203922
0
0
0
0
0
0
0
0
0
0
0
0.239216
0.733333
0.054902
0
0
0.0627451
0.709804
0.454902
0
0
0
0
0
0
0
0
0
0
0
0
0
0.376471
0.858824
0.466667
0.505882
0.858824
0.411765
0
0
0
0
0
0
0
0
0
0
0
0
0
0
0
0.129412
0.470588
0.447059
0.133333
0
0
0
0
0
0
0
0
0
0
0
0
0
0
0
0
0
0
0
0
0
0
0
0
0
0
0
0
0
0
0
0
0
0
0
0
0
0
0
0
0
0
0
0
0
0
0
