0
0
0
0
0
0
0
0
0
0
0
0
0
0
0
0
0
0
0
0
0
0
0
0
0
0
0
0
0
0
0
0
0
0
0
0
0
0
0
0
0
0
0
0
0
0
0
0
0
0
0
0
0
0
0
0
0
0
0
0
0
0
0
0
0
0
0
0
0
0
0
0
0
0
0
0
0
0
0
0
0
0
0
0
0
0
0
0
0
0
0
0
0
0
0
0
0
0
0
0
0
0
0
0
0
0
0
0
0
0
0
0
0
0
0
0
0
0
0
0
0
0
0
0
0
0
0
0
0
0.0352941
0.129412
0.121569
0.0235294
0
0
0
0
0
0
0
0
0
0
0
0
0
0
0
0.466667
0.901961
0.501961
0.52549
0.686275
0
0
0
0
0
0
0
0
0
0
0
0
0
0
0.294118
0.776471
0.0352941
0
0
0.341176
0.368627
0
0
0
0
0
0
0
0
0
0
0
0
0
0.647059
0.286275
0
0
0
0.0235294
0.568627
0.0784314
0
0
0
0
0
0
0
0
0
0
0
0
0.658824
0.192157
0
0
0
0
0.760784
0.129412
0
0
0
0
0
0
0
0
0
0
0
0
0.666667
0.2
0
0
0
0
0.752941
0.0196078
0
0
0
0
0
0
0
0
0
0
0
0
0.419608
0.431373
0
0
0
0.239216
0.752941
0
0
0
0
0
0
0
0
0
0
0
0
0
0.121569
0.878431
0.556863
0.470588
0.494118
0.776471
0.137255
0
0
0
0
0
0
0
0
0
0
0
0
0
0
0.0784314
0.380392
0.403922
0.337255
0.101961
0
0
0
0
0
0
0
0
0
0
0
0
0
0
0
0
0
0
0
0
0
0
0
0
0
0
0
0
0
0
0
0
0
0
0
0
0
0
0
0
0
0
0
0
0
0
0
0
0
0
0
0
0
0
0
0
0
0
0
0
0
0
0
0
0
0
0
0
0
0
0
0
0
0
0
0
0
0
0
0
0
0
0
0
0
0
0
0
0
0
0
0
0
0
0
0
0
0
0
0
0
0
0
0
0
0
0
