0
0
0
0
0
0
0
0
0
0
0
0
0
0
0
0
0
0
0
0
0
0
0
0
0
0
0
0
0
0
0
0
0
0
0
0
0
0
0
0
0
0
0
0
0
0
0
0
0
0
0
0
0
0
0
0
0
0
0
0
0
0
0
0
0
0
0
0
0
0
0
0
0
0
0
0
0
0
0
0
0
0
0
0
0
0
0
0
0
0
0
0
0
0
0
0
0
0
0
0
0
0
0
0
0
0
0
0
0
0
0
0
0
0
0
0
0
0
0
0
0
0
0
0
0
0
0
0
0
0.0745098
0.180392
0.588235
0.368627
0
0
0
0
0
0
0
0
0
0
0
0
0
0
0
0.00392157
0.8
0.454902
0.152941
0.823529
0
0
0
0
0
0
0
0
0
0
0
0
0
0
0
0.305882
0.568627
0
0
0.823529
0.0235294
0
0
0
0
0
0
0
0
0
0
0
0
0
0
0.580392
0.329412
0
0
0.701961
0.180392
0
0
0
0
0
0
0
0
0
0
0
0
0
0
0.670588
0.211765
0
0
0.67451
0.207843
0
0
0
0
0
0
0
0
0
0
0
0
0
0
0.678431
0.235294
0
0
0.6
0.160784
0
0
0
0
0
0
0
0
0
0
0
0
0
0
0.458824
0.486275
0
0
0.666667
0.109804
0
0
0
0
0
0
0
0
0
0
0
0
0
0
0.101961
0.866667
0.0980392
0
0.788235
0.129412
0
0
0
0
0
0
0
0
0
0
0
0
0
0
0
0.396078
0.835294
0.509804
0.854902
0.00392157
0
0
0
0
0
0
0
0
0
0
0
0
0
0
0
0
0.207843
0.466667
0.137255
0
0
0
0
0
0
0
0
0
0
0
0
0
0
0
0
0
0
0
0
0
0
0
0
0
0
0
0
0
0
0
0
0
0
0
0
0
0
0
0
0
0
0
0
0
0
0
0
0
0
0
0
0
0
0
0
0
0
0
0
0
0
0
0
0
0
0
0
0
0
0
0
0
0
0
0
0
0
0
0
0
0
0
0
0
0
0
