0
0
0
0
0
0
0
0
0
0
0
0
0
0
0
0
0
0
0
0
0
0
0
0
0
0
0
0
0
0
0
0
0
0
0
0
0
0
0
0
0
0
0
0
0
0
0
0
0
0
0
0
0
0
0
0
0
0
0
0
0
0
0
0
0
0
0
0
0
0
0
0
0
0
0
0
0
0
0
0
0
0
0
0
0
0
0
0
0
0
0
0
0
0
0
0
0
0
0
0
0
0
0
0
0
0
0
0
0
0
0
0
0
0
0
0
0
0
0
0
0
0
0
0
0
0
0
0
0
0
0
0.160784
0.270588
0
0
0
0
0
0
0
0
0
0
0
0
0
0
0
0
0
0
0.537255
0.556863
0
0
0
0
0
0
0
0
0
0
0
0
0
0
0
0
0
0
0.862745
0.498039
0
0
0
0
0
0
0
0
0
0
0
0
0
0
0
0
0
0.0980392
1
0.545098
0
0
0
0
0
0
0
0
0
0
0
0
0
0
0
0
0
0.431373
0.831373
0.458824
0
0
0
0
0
0
0
0
0
0
0
0
0
0
0
0
0.0235294
0.854902
0.454902
0.47451
0
0
0
0
0
0
0
0
0
0
0
0
0
0
0
0
0.27451
0.67451
0.439216
0.505882
0
0
0
0
0
0
0
0
0
0
0
0
0
0
0
0
0.278431
0.498039
0.133333
0.164706
0
0
0
0
0
0
0
0
0
0
0
0
0
0
0
0
0
0
0
0
0
0
0
0
0
0
0
0
0
0
0
0
0
0
0
0
0
0
0
0
0
0
0
0
0
0
0
0
0
0
0
0
0
0
0
0
0
0
0
0
0
0
0
0
0
0
0
0
0
0
0
0
0
0
0
0
0
0
0
0
0
0
0
0
0
0
0
0
0
0
0
0
0
0
0
0
0
0
0
0
0
0
0
0
0
0
0
0
0
0
0
0
0
0
0
0
0
0
0
0
0
0
0
0
0
0
0
