0
0
0
0
0
0
0
0
0
0
0
0
0
0
0
0
0
0
0
0
0
0
0
0
0
0
0
0
0
0
0
0
0
0
0
0
0
0
0
0
0
0
0
0
0
0
0
0
0
0
0
0
0
0
0
0
0
0
0
0
0
0
0
0
0
0
0
0
0
0
0
0
0
0
0
0
0
0
0
0
0
0
0
0
0
0
0
0
0
0
0
0
0
0
0
0
0
0
0
0
0
0
0
0
0
0
0
0
0
0
0
0
0
0
0
0
0
0
0
0
0
0
0
0
0
0
0
0
0
0
0.180392
0.486275
0
0
0
0
0
0
0
0
0
0
0
0
0
0
0
0
0
0.00784314
0.823529
0.596078
0
0
0
0
0
0
0
0
0
0
0
0
0
0
0
0
0
0.341176
0.737255
0.337255
0
0
0
0
0
0
0
0
0
0
0
0
0
0
0
0
0.145098
0.866667
0.160784
0.203922
0
0
0
0
0
0
0
0
0
0
0
0
0
0
0
0
0.827451
0.278431
0.160784
0.627451
0
0
0
0
0
0
0
0
0
0
0
0
0
0
0
0
0.298039
0
0.168627
0.635294
0
0
0
0
0
0
0
0
0
0
0
0
0
0
0
0
0
0
0.12549
0.690196
0
0
0
0
0
0
0
0
0
0
0
0
0
0
0
0
0
0
0.133333
0.733333
0
0
0
0
0
0
0
0
0
0
0
0
0
0
0
0
0
0
0.145098
0.745098
0
0
0
0
0
0
0
0
0
0
0
0
0
0
0
0
0
0
0.168627
0.768627
0
0
0
0
0
0
0
0
0
0
0
0
0
0
0
0
0
0
0
0.0745098
0
0
0
0
0
0
0
0
0
0
0
0
0
0
0
0
0
0
0
0
0
0
0
0
0
0
0
0
0
0
0
0
0
0
0
0
0
0
0
0
0
0
0
0
0
0
0
0
0
0
0
0
0
0
0
0
0
0
0
0
0
0
0
0
0
0
0
0
