0
0
0
0
0
0
0
0
0
0
0
0
0
0
0
0
0
0
0
0
0
0
0
0
0
0
0
0
0
0
0
0
0
0
0
0
0
0
0
0
0
0
0
0
0
0
0
0
0
0
0
0
0
0
0
0
0
0
0
0
0
0
0
0
0
0
0
0
0
0
0
0
0
0
0
0
0
0
0
0
0
0
0
0
0
0
0
0
0
0
0
0
0
0
0
0
0
0
0
0
0
0
0
0
0
0
0
0
0
0
0
0
0
0
0
0
0
0
0
0
0
0
0
0
0
0
0
0
0
0
0
0
0
0
0
0
0
0
0
0
0
0
0
0
0
0
0
0
0
0
0.533333
0.278431
0
0
0
0
0
0
0
0
0
0
0
0
0
0
0
0
0
0
0.686275
0.219608
0
0
0
0
0
0
0
0
0
0
0
0
0
0
0
0
0
0
0.690196
0.223529
0
0
0
0
0
0
0
0
0
0
0
0
0
0
0
0
0
0
0.666667
0.2
0
0
0
0
0
0
0
0
0
0
0
0
0
0
0
0
0
0
0.658824
0.192157
0
0
0
0
0
0
0
0
0
0
0
0
0
0
0
0
0
0
0.607843
0.141176
0
0
0
0
0
0
0
0
0
0
0
0
0
0
0
0
0
0
0.678431
0.211765
0
0
0
0
0
0
0
0
0
0
0
0
0
0
0
0
0
0
0.294118
0.0705882
0
0
0
0
0
0
0
0
0
0
0
0
0
0
0
0
0
0
0
0
0
0
0
0
0
0
0
0
0
0
0
0
0
0
0
0
0
0
0
0
0
0
0
0
0
0
0
0
0
0
0
0
0
0
0
0
0
0
0
0
0
0
0
0
0
0
0
0
0
0
0
0
0
0
0
0
0
0
0
0
0
0
0
0
0
0
0
0
0
0
0
0
0
0
0
0
0
0
0
0
0
0
0
0
0
0
0
0
