0
0
0
0
0
0
0
0
0
0
0
0
0
0
0
0
0
0
0
0
0
0
0
0
0
0
0
0
0
0
0
0
0
0
0
0
0
0
0
0
0
0
0
0
0
0
0
0
0
0
0
0
0
0
0
0
0
0
0
0
0
0
0
0
0
0
0
0
0
0
0
0
0
0
0
0
0
0
0
0
0
0
0
0
0
0
0
0
0
0
0
0
0
0
0
0
0
0
0
0
0
0
0
0
0
0
0
0
0
0
0
0
0
0
0
0
0
0
0
0
0
0
0
0
0
0
0
0
0
0
0
0
0
0.0352941
0
0
0
0
0
0
0
0
0
0
0
0
0
0
0
0
0
0
0.454902
0.662745
0
0
0
0
0
0
0
0
0
0
0
0
0
0
0
0
0
0.388235
0.690196
0.572549
0
0
0
0
0
0
0
0
0
0
0
0
0
0
0
0.0235294
0.580392
0.513726
0.376471
0.552941
0
0
0
0
0
0
0
0
0
0
0
0
0
0
0
0.588235
0.505882
0
0.345098
0.545098
0
0
0
0
0
0
0
0
0
0
0
0
0
0.00392157
0.505882
0.721569
0.027451
0
0.32549
0.490196
0
0
0
0
0
0
0
0
0
0
0
0
0.239216
0.670588
0.678431
0.0392157
0
0
0.411765
0.478431
0
0
0
0
0
0
0
0
0
0
0
0.0352941
0.666667
0.4
0.0117647
0
0
0
0.411765
0.478431
0
0
0
0
0
0
0
0
0
0
0
0
0
0
0
0
0
0
0.227451
0.270588
0
0
0
0
0
0
0
0
0
0
0
0
0
0
0
0
0
0
0
0
0
0
0
0
0
0
0
0
0
0
0
0
0
0
0
0
0
0
0
0
0
0
0
0
0
0
0
0
0
0
0
0
0
0
0
0
0
0
0
0
0
0
0
0
0
0
0
0
0
0
0
0
0
0
0
0
0
0
0
0
0
0
0
0
0
0
0
0
0
0
0
0
0
0
0
0
0
0
0
0
0
0
0
0
0
0
