0
0
0
0
0
0
0
0
0
0
0
0
0
0
0
0
0
0
0
0
0
0
0
0
0
0
0
0
0
0
0
0
0
0
0
0
0
0
0
0
0
0
0
0
0
0
0
0
0
0
0
0
0
0
0
0
0
0
0
0
0
0
0
0
0
0
0
0
0
0
0
0
0
0
0
0
0
0
0
0
0
0
0
0
0
0
0
0
0
0
0
0
0
0
0
0
0
0
0
0
0
0
0
0
0
0
0
0
0
0
0
0
0
0
0
0
0
0
0
0
0
0
0
0
0
0
0
0
0
0
0
0
0
0
0
0
0
0
0
0
0
0
0
0
0
0
0
0
0.137255
0.623529
0.635294
0.223529
0
0
0
0
0
0
0
0
0
0
0
0
0
0
0
0
0.721569
0.388235
0.305882
0.788235
0.352941
0
0
0
0
0
0
0
0
0
0
0
0
0
0
0.227451
0.592157
0
0
0.0745098
0.756863
0.309804
0
0
0
0
0
0
0
0
0
0
0
0
0
0.32549
0.337255
0
0
0
0.329412
0.52549
0
0
0
0
0
0
0
0
0
0
0
0
0
0.356863
0.372549
0
0
0
0.333333
0.533333
0
0
0
0
0
0
0
0
0
0
0
0
0
0.156863
0.752941
0.00784314
0.176471
0.447059
0.341176
0.541176
0
0
0
0
0
0
0
0
0
0
0
0
0
0
0.458824
0.701961
0.458824
0.843137
0.647059
0.458824
0
0
0
0
0
0
0
0
0
0
0
0
0
0
0
0.219608
0.427451
0.854902
0.654902
0.027451
0
0
0
0
0
0
0
0
0
0
0
0
0
0
0
0
0
0.227451
0.52549
0
0
0
0
0
0
0
0
0
0
0
0
0
0
0
0
0
0
0
0
0
0
0
0
0
0
0
0
0
0
0
0
0
0
0
0
0
0
0
0
0
0
0
0
0
0
0
0
0
0
0
0
0
0
0
0
0
0
0
0
0
0
0
0
0
0
0
0
0
0
0
0
0
0
0
0
0
0
0
0
0
0
0
0
0
0
0
