0
0
0
0
0
0
0
0
0
0
0
0
0
0
0
0
0
0
0
0
0
0
0
0
0
0
0
0
0
0
0
0
0
0
0
0
0
0
0
0
0
0
0
0
0
0
0
0
0
0
0
0
0
0
0
0
0
0
0
0
0
0
0
0
0
0
0
0
0
0
0
0
0
0
0
0
0
0
0
0
0
0
0
0
0
0
0
0
0
0
0
0
0
0
0
0
0
0
0
0
0
0
0
0
0
0
0
0
0
0
0
0
0
0
0
0
0
0
0
0
0
0
0
0
0
0
0
0
0.352941
0.345098
0.231373
0.0705882
0
0
0
0
0
0
0
0
0
0
0
0
0
0
0
0.176471
0.701961
0.235294
0.729412
0.878431
0.0784314
0
0
0
0
0
0
0
0
0
0
0
0
0
0
0.32549
0.298039
0
0.00392157
0.490196
0.639216
0
0
0
0
0
0
0
0
0
0
0
0
0
0
0.337255
0.101961
0
0
0.00784314
0.866667
0.00392157
0
0
0
0
0
0
0
0
0
0
0
0
0
0.537255
0.12549
0
0.298039
0.407843
0.513726
0.12549
0
0
0
0
0
0
0
0
0
0
0
0
0
0.509804
0.207843
0
0.12549
0.807843
0.635294
0.12549
0
0
0
0
0
0
0
0
0
0
0
0
0
0.298039
0.760784
0.121569
0
0.729412
0.776471
0.00392157
0
0
0
0
0
0
0
0
0
0
0
0
0
0
0.360784
0.839216
0.780392
0.831373
0.901961
0.129412
0
0
0
0
0
0
0
0
0
0
0
0
0
0
0
0
0.121569
0.12549
0.203922
0.0627451
0
0
0
0
0
0
0
0
0
0
0
0
0
0
0
0
0
0
0
0
0
0
0
0
0
0
0
0
0
0
0
0
0
0
0
0
0
0
0
0
0
0
0
0
0
0
0
0
0
0
0
0
0
0
0
0
0
0
0
0
0
0
0
0
0
0
0
0
0
0
0
0
0
0
0
0
0
0
0
0
0
0
0
0
0
0
0
0
0
0
0
0
0
0
0
0
0
0
0
0
0
0
0
0
0
0
