0
0
0
0
0
0
0
0
0
0
0
0
0
0
0
0
0
0
0
0
0
0
0
0
0
0
0
0
0
0
0
0
0
0
0
0
0
0
0
0
0
0
0
0
0
0
0
0
0
0
0
0
0
0
0
0
0
0
0
0
0
0
0
0
0
0
0
0
0
0
0
0
0
0
0
0
0
0
0
0
0
0
0
0
0
0
0
0
0
0
0
0
0
0
0
0
0
0
0
0
0
0
0
0
0
0
0
0
0
0
0
0
0
0
0
0
0
0
0
0
0
0
0
0
0
0
0
0
0
0.196078
0.266667
0.0627451
0.00784314
0
0
0
0
0
0
0
0
0
0
0
0
0
0
0
0.305882
0.847059
0.321569
0.870588
0.721569
0
0
0
0
0
0
0
0
0
0
0
0
0
0
0.145098
0.839216
0.0980392
0
0
0.466667
0.396078
0
0
0
0
0
0
0
0
0
0
0
0
0
0.603922
0.298039
0
0
0
0.0431373
0.898039
0.0313726
0
0
0
0
0
0
0
0
0
0
0
0.0117647
0.796078
0
0
0
0
0
0.564706
0.341176
0
0
0
0
0
0
0
0
0
0
0
0.0666667
0.8
0
0
0.00784314
0.537255
0
0.352941
0.552941
0
0
0
0
0
0
0
0
0
0
0
0.027451
0.862745
0.156863
0
0.00392157
0.878431
0.188235
0.662745
0.411765
0
0
0
0
0
0
0
0
0
0
0
0
0.262745
0.866667
0.662745
0.572549
0.823529
0.992157
0.556863
0.00392157
0
0
0
0
0
0
0
0
0
0
0
0
0
0.0235294
0.266667
0.196078
0.113725
0.266667
0.0784314
0
0
0
0
0
0
0
0
0
0
0
0
0
0
0
0
0
0
0
0
0
0
0
0
0
0
0
0
0
0
0
0
0
0
0
0
0
0
0
0
0
0
0
0
0
0
0
0
0
0
0
0
0
0
0
0
0
0
0
0
0
0
0
0
0
0
0
0
0
0
0
0
0
0
0
0
0
0
0
0
0
0
0
0
0
0
0
0
0
0
0
0
0
0
0
0
0
0
0
0
0
0
0
0
0
0
