0
0
0
0
0
0
0
0
0
0
0
0
0
0
0
0
0
0
0
0
0
0
0
0
0
0
0
0
0
0
0
0
0
0
0
0
0
0
0
0
0
0
0
0
0
0
0
0
0
0
0
0
0
0
0
0
0
0
0
0
0
0
0
0
0
0
0
0
0
0
0
0
0
0
0
0
0
0
0
0
0
0
0
0
0
0
0
0
0
0
0
0
0
0
0
0
0
0
0
0
0
0
0
0
0
0
0
0
0
0.298039
0.0117647
0
0
0
0
0
0
0
0
0
0
0
0
0
0
0
0
0
0.301961
0.780392
0.0431373
0.239216
0.0313726
0
0
0
0
0
0
0
0
0
0
0
0
0
0
0
0.752941
0.137255
0.219608
0.756863
0.72549
0.0235294
0
0
0
0
0
0
0
0
0
0
0
0
0
0.027451
0.172549
0
0
0
0.501961
0.360784
0
0
0
0
0
0
0
0
0
0
0
0
0
0.156863
0.380392
0
0
0
0.121569
0.764706
0
0
0
0
0
0
0
0
0
0
0
0
0
0.219608
0.368627
0
0
0
0
0.745098
0.00784314
0
0
0
0
0
0
0
0
0
0
0
0
0.2
0.356863
0
0
0.0352941
0
0.886275
0.0196078
0
0
0
0
0
0
0
0
0
0
0
0
0.137255
0.709804
0
0
0.670588
0.207843
0.713726
0
0
0
0
0
0
0
0
0
0
0
0
0
0
0.741176
0.376471
0
0.647059
0.407843
0.462745
0
0
0
0
0
0
0
0
0
0
0
0
0
0
0.054902
0.807843
0.466667
0.443137
0.980392
0.513726
0
0
0
0
0
0
0
0
0
0
0
0
0
0
0
0.0627451
0.380392
0.607843
0.572549
0.764706
0.0313726
0
0
0
0
0
0
0
0
0
0
0
0
0
0
0
0
0
0
0.462745
0.341176
0
0
0
0
0
0
0
0
0
0
0
0
0
0
0
0
0
0
0
0
0
0
0
0
0
0
0
0
0
0
0
0
0
0
0
0
0
0
0
0
0
0
0
0
0
0
0
0
0
0
0
0
0
0
0
0
0
0
0
0
0
0
0
0
0
