0
0
0
0
0
0
0
0
0
0
0
0
0
0
0
0
0
0
0
0
0
0
0
0
0
0
0
0
0
0
0
0
0
0
0
0
0
0
0
0
0
0
0
0
0
0
0
0
0
0
0
0
0
0
0
0
0
0
0
0
0
0
0
0
0
0
0
0
0
0
0
0
0
0
0
0
0
0
0
0
0
0
0
0
0
0
0
0
0
0
0
0
0
0
0
0
0
0
0
0
0
0
0
0
0
0
0
0
0
0
0.0352941
0.0784314
0.0235294
0
0
0
0
0
0
0
0
0
0
0
0
0
0
0
0
0.32549
0.92549
0.858824
0.533333
0
0
0
0
0
0
0
0
0
0
0
0
0
0
0
0
0.133333
0.164706
0.294118
0.627451
0
0
0
0
0
0
0
0
0
0
0
0
0
0
0
0
0
0
0.27451
0.607843
0
0
0
0
0
0
0
0
0
0
0
0
0
0
0
0
0
0
0.466667
0.529412
0
0
0
0
0
0
0
0
0
0
0
0
0
0
0
0
0
0.129412
0.870588
0.109804
0
0
0
0
0
0
0
0
0
0
0
0
0
0
0
0
0.0431373
0.827451
0.294118
0
0
0
0
0
0
0
0
0
0
0
0
0
0
0
0
0
0.564706
0.556863
0.27451
0.101961
0
0
0
0
0
0
0
0
0
0
0
0
0
0
0
0.0980392
0.980392
0.662745
0.843137
0.109804
0
0
0
0
0
0
0
0
0
0
0
0
0
0
0
0.0235294
0.360784
0.364706
0.0901961
0
0
0
0
0
0
0
0
0
0
0
0
0
0
0
0
0
0
0.0313726
0.0117647
0
0
0
0
0
0
0
0
0
0
0
0
0
0
0
0
0
0
0.435294
0.294118
0
0
0
0
0
0
0
0
0
0
0
0
0
0
0
0
0
0
0
0
0
0
0
0
0
0
0
0
0
0
0
0
0
0
0
0
0
0
0
0
0
0
0
0
0
0
0
0
0
0
0
0
0
0
0
0
0
0
0
0
0
0
0
0
0
0
0
0
