0
0
0
0
0
0
0
0
0
0
0
0
0
0
0
0
0
0
0
0
0
0
0
0
0
0
0
0
0
0
0
0
0
0
0
0
0
0
0
0
0
0
0
0
0
0
0
0
0
0
0
0
0
0
0
0
0
0
0
0
0
0
0
0
0
0
0
0
0
0
0
0
0
0
0
0
0
0
0
0
0
0
0
0
0
0
0
0
0
0
0
0
0
0
0
0
0
0
0
0
0
0
0
0
0
0
0
0
0
0
0
0.0235294
0
0
0
0
0
0
0
0
0
0
0
0
0
0
0
0
0
0
0.756863
0.909804
0.631373
0
0
0
0
0
0
0
0
0
0
0
0
0
0
0
0
0
0.12549
0.0862745
0.819608
0
0
0
0
0
0
0
0
0
0
0
0
0
0
0
0
0
0
0.176471
0.792157
0
0
0
0
0
0
0
0
0
0
0
0
0
0
0
0
0
0.00392157
0.741176
0.368627
0
0
0
0
0
0
0
0
0
0
0
0
0
0
0
0
0
0.376471
0.690196
0
0
0
0
0
0
0
0
0
0
0
0
0
0
0
0
0
0
0.72549
0.227451
0
0
0
0
0
0
0
0
0
0
0
0
0
0
0
0
0
0
0.823529
0.0901961
0
0
0
0
0
0
0
0
0
0
0
0
0
0
0
0
0
0
0.823529
0.12549
0
0
0
0
0
0
0
0
0
0
0
0
0
0
0
0
0
0
0.301961
0.0705882
0
0
0
0
0
0
0
0
0
0
0
0
0
0
0
0
0
0
0
0
0
0
0
0
0
0
0
0
0
0
0
0
0
0
0
0
0
0
0
0
0
0
0
0
0
0
0
0
0
0
0
0
0
0
0
0
0
0
0.298039
0.364706
0
0
0
0
0
0
0
0
0
0
0
0
0
0
0
0
0
0
0
0
0
0
0
0
0
0
0
0
0
0
0
0
0
0
0
0
0
0
0
0
0
0
0
0
0
0
0
0
