0
0
0
0
0
0
0
0
0
0
0
0
0
0
0
0
0
0
0
0
0
0
0
0
0
0
0
0
0
0
0
0
0
0
0
0
0
0
0
0
0
0
0
0
0
0
0
0
0
0
0
0
0
0
0
0
0
0
0
0
0
0
0
0
0
0
0
0
0
0
0
0
0
0
0
0
0
0
0
0
0
0
0
0
0
0
0
0
0
0
0
0
0
0
0
0
0
0
0
0
0
0
0
0
0
0
0
0
0
0.0352941
0.133333
0.109804
0
0
0
0
0
0
0
0
0
0
0
0
0
0
0
0
0.231373
0.905882
0.772549
0.898039
0.168627
0
0
0
0
0
0
0
0
0
0
0
0
0
0
0
0.0392157
0.0862745
0
0.266667
0.752941
0
0
0
0
0
0
0
0
0
0
0
0
0
0
0
0
0
0
0
0.87451
0.0117647
0
0
0
0
0
0
0
0
0
0
0
0
0
0
0
0
0
0.0470588
0.905882
0.0117647
0
0
0
0
0
0
0
0
0
0
0
0
0
0
0
0
0
0.537255
0.478431
0
0
0
0
0
0
0
0
0
0
0
0
0
0
0
0
0
0.176471
0.788235
0.00392157
0
0
0
0
0
0
0
0
0
0
0
0
0
0
0
0
0
0.721569
0.262745
0
0
0
0
0
0
0
0
0
0
0
0
0
0
0
0
0
0.054902
0.866667
0
0.572549
0.247059
0
0
0
0
0
0
0
0
0
0
0
0
0
0
0
0.0862745
0.878431
0.388235
0.858824
0.0862745
0
0
0
0
0
0
0
0
0
0
0
0
0
0
0
0
0.494118
0.654902
0.105882
0
0
0
0
0
0
0
0
0
0
0
0
0
0
0
0
0
0
0
0
0
0
0
0
0
0
0
0
0
0
0
0
0
0
0
0
0
0.0117647
0.109804
0
0
0
0
0
0
0
0
0
0
0
0
0
0
0
0
0
0
0.109804
0.427451
0
0
0
0
0
0
0
0
0
0
0
0
0
0
0
0
0
0
0
0
0
0
0
0
0
0
0
0
