0
0
0
0
0
0
0
0
0
0
0
0
0
0
0
0
0
0
0
0
0
0
0
0
0
0
0
0
0
0
0
0
0
0
0
0
0
0
0
0
0
0
0
0
0
0
0
0
0
0
0
0
0
0
0
0
0
0
0
0
0
0
0
0
0
0
0
0
0
0
0
0
0
0
0
0
0
0
0
0
0
0
0
0
0
0
0
0
0
0
0
0
0
0
0
0
0
0
0
0
0
0
0
0
0
0
0
0
0
0
0
0
0
0
0
0
0
0
0
0
0
0
0
0
0
0
0
0
0
0.0235294
0.360784
0.592157
0.345098
0
0
0
0
0
0
0
0
0
0
0
0
0
0
0
0
0.498039
0.752941
0.521569
0.619608
0
0
0
0
0
0
0
0
0
0
0
0
0
0
0
0
0.0627451
0.0705882
0.266667
0.6
0
0
0
0
0
0
0
0
0
0
0
0
0
0
0
0
0
0
0.380392
0.529412
0
0
0
0
0
0
0
0
0
0
0
0
0
0
0
0
0
0
0.752941
0.258824
0
0
0
0
0
0
0
0
0
0
0
0
0
0
0
0
0
0.239216
0.752941
0
0
0
0
0
0
0
0
0
0
0
0
0
0
0
0
0
0
0.560784
0.407843
0
0
0
0
0
0
0
0
0
0
0
0
0
0
0
0
0
0
0.560784
0.552941
0.470588
0
0
0
0
0
0
0
0
0
0
0
0
0
0
0
0
0
0.298039
0.847059
0.290196
0
0
0
0
0
0
0
0
0
0
0
0
0
0
0
0
0
0
0
0.00392157
0
0
0
0
0
0
0
0
0
0
0
0
0
0
0
0
0
0
0.372549
0.396078
0
0
0
0
0
0
0
0
0
0
0
0
0
0
0
0
0
0
0
0
0
0
0
0
0
0
0
0
0
0
0
0
0
0
0
0
0
0
0
0
0
0
0
0
0
0
0
0
0
0
0
0
0
0
0
0
0
0
0
0
0
0
0
0
0
0
0
