0
0
0
0
0
0
0
0
0
0
0
0
0
0
0
0
0
0
0
0
0
0
0
0
0
0
0
0
0
0
0
0
0
0
0
0
0
0
0
0
0
0
0
0
0
0
0
0
0
0
0
0
0
0
0
0
0
0
0
0
0
0
0
0
0
0
0
0
0
0
0
0
0
0
0
0
0
0
0
0
0
0
0
0
0
0
0
0
0
0
0
0
0
0
0
0
0
0
0
0
0
0
0
0
0
0
0
0
0
0
0
0
0
0
0
0
0
0
0
0
0
0
0
0
0
0
0
0
0
0
0.180392
0.419608
0.129412
0
0
0
0
0
0
0
0
0
0
0
0
0
0
0
0
0.305882
0.886275
0.533333
0.878431
0.160784
0
0
0
0
0
0
0
0
0
0
0
0
0
0
0
0.32549
0.254902
0
0.701961
0.270588
0
0
0
0
0
0
0
0
0
0
0
0
0
0
0
0
0
0.286275
0.866667
0.0196078
0
0
0
0
0
0
0
0
0
0
0
0
0
0
0
0
0.12549
0.898039
0.188235
0
0
0
0
0
0
0
0
0
0
0
0
0
0
0
0
0
0.470588
0.478431
0
0
0
0
0
0
0
0
0
0
0
0
0
0
0
0
0
0
0.470588
0.403922
0
0
0
0
0
0
0
0
0
0
0
0
0
0
0
0
0
0
0.498039
0.431373
0
0
0
0
0
0
0
0
0
0
0
0
0
0
0
0
0
0
0.101961
0.0784314
0
0
0
0
0
0
0
0
0
0
0
0
0
0
0
0
0
0
0.133333
0.231373
0
0
0
0
0
0
0
0
0
0
0
0
0
0
0
0
0
0
0.105882
0.192157
0
0
0
0
0
0
0
0
0
0
0
0
0
0
0
0
0
0
0
0
0
0
0
0
0
0
0
0
0
0
0
0
0
0
0
0
0
0
0
0
0
0
0
0
0
0
0
0
0
0
0
0
0
0
0
0
0
0
0
0
0
0
0
0
0
0
0
0
