0
0
0
0
0
0
0
0
0
0
0
0
0
0
0
0
0
0
0
0
0
0
0
0
0
0
0
0
0
0
0
0
0
0
0
0
0
0
0
0
0
0
0
0
0
0
0
0
0
0
0
0
0
0
0
0
0
0
0
0
0
0
0
0
0
0
0
0
0
0
0
0
0
0
0
0
0
0
0
0
0
0
0
0
0
0
0
0
0
0
0
0
0
0
0
0
0
0
0
0
0
0
0
0
0
0
0
0
0
0
0
0
0
0
0
0
0
0
0
0
0
0
0
0
0
0
0
0
0
0
0
0
0
0
0
0
0
0
0
0
0
0
0
0
0
0
0
0
0.521569
0.847059
0.713726
0.701961
0.352941
0
0
0
0
0
0
0
0
0
0
0
0
0
0
0
0.533333
0.0705882
0.00784314
0.121569
0.92549
0.0196078
0
0
0
0
0
0
0
0
0
0
0
0
0
0
0
0
0
0.372549
0.854902
0.00784314
0
0
0
0
0
0
0
0
0
0
0
0
0
0
0
0
0.462745
0.792157
0.0588235
0
0
0
0
0
0
0
0
0
0
0
0
0
0
0
0
0
0.596078
0.462745
0
0
0
0
0
0
0
0
0
0
0
0
0
0
0
0
0
0
0.0627451
0.831373
0.168627
0
0
0
0
0
0
0
0
0
0
0
0
0
0
0.101961
0.494118
0.466667
0.647059
0.858824
0.0784314
0
0
0
0
0
0
0
0
0
0
0
0
0
0
0.101961
0.443137
0.4
0.278431
0.0235294
0
0
0
0
0
0
0
0
0
0
0
0
0
0
0
0
0
0
0
0
0
0
0
0
0
0
0
0
0
0
0
0
0
0
0
0
0
0
0
0
0
0
0
0
0
0
0
0
0
0
0
0
0
0
0
0
0
0
0
0
0
0
0
0
0
0
0
0
0
0
0
0
0
0
0
0
0
0
0
0
0
0
0
0
0
0
0
0
0
0
0
0
0
0
0
0
0
0
0
0
0
0
0
0
0
0
0
0
