0
0
0
0
0
0
0
0
0
0
0
0
0
0
0
0
0
0
0
0
0
0
0
0
0
0
0
0
0
0
0
0
0
0
0
0
0
0
0
0
0
0
0
0
0
0
0
0
0
0
0
0
0
0
0
0
0
0
0
0
0
0
0
0
0
0
0
0
0
0
0
0
0
0
0
0
0
0
0
0
0
0
0
0
0
0
0
0
0
0
0
0
0
0
0
0
0
0
0
0
0
0
0
0
0
0
0
0
0
0
0
0
0
0
0
0
0
0
0
0
0
0
0
0
0
0
0.054902
0.156863
0.231373
0.258824
0.266667
0.101961
0
0
0
0
0
0
0
0
0
0
0
0
0
0
0.27451
0.643137
0.623529
0.592157
0.603922
0.937255
0.0627451
0
0
0
0
0
0
0
0
0
0
0
0
0
0
0
0
0.0745098
0.729412
0.592157
0.00392157
0
0
0
0
0
0
0
0
0
0
0
0
0
0
0
0
0.819608
0.439216
0
0
0
0
0
0
0
0
0
0
0
0
0
0
0
0
0
0
0.443137
0.819608
0.129412
0
0
0
0
0
0
0
0
0
0
0
0
0
0
0
0
0
0
0
0.580392
0.560784
0
0
0
0
0
0
0
0
0
0
0
0
0
0
0
0
0
0
0.00392157
0.886275
0.0862745
0
0
0
0
0
0
0
0
0
0
0
0
0
0
0
0
0
0.0745098
0.866667
0.027451
0
0
0
0
0
0
0
0
0
0
0
0
0
0
0
0
0.0705882
0.764706
0.32549
0
0
0
0
0
0
0
0
0
0
0
0
0
0
0
0
0.109804
0.803922
0.372549
0
0
0
0
0
0
0
0
0
0
0
0
0
0
0
0
0
0.760784
0.372549
0
0
0
0
0
0
0
0
0
0
0
0
0
0
0
0
0
0
0
0
0
0
0
0
0
0
0
0
0
0
0
0
0
0
0
0
0
0
0
0
0
0
0
0
0
0
0
0
0
0
0
0
0
0
0
0
0
0
0
0
0
0
0
0
0
0
0
0
0
