0
0
0
0
0
0
0
0
0
0
0
0
0
0
0
0
0
0
0
0
0
0
0
0
0
0
0
0
0
0
0
0
0
0
0
0
0
0
0
0
0
0
0
0
0
0
0
0
0
0
0
0
0
0
0
0
0
0
0
0
0
0
0
0
0
0
0
0
0
0
0
0
0
0
0
0
0
0
0
0
0
0
0
0
0
0
0
0
0
0
0
0
0
0
0
0
0
0
0
0
0
0
0
0
0
0
0
0
0
0
0
0
0
0
0
0
0
0
0
0
0
0
0
0
0
0
0
0
0
0
0.576471
0.647059
0.419608
0
0
0
0
0
0
0
0
0
0
0
0
0
0
0
0
0
0.211765
0.188235
0.905882
0.027451
0
0
0
0
0
0
0
0
0
0
0
0
0
0
0
0
0
0
0.803922
0.0705882
0
0
0
0
0
0
0
0
0
0
0
0
0
0
0
0
0
0.0313726
0.831373
0.00784314
0
0
0
0
0
0
0
0
0
0
0
0
0
0
0
0
0.0431373
0.721569
0.454902
0
0
0
0
0
0
0
0
0
0
0
0
0
0
0
0
0
0.231373
0.87451
0.392157
0
0
0
0
0
0
0
0
0
0
0
0
0
0
0
0
0
0
0.192157
0.945098
0.00784314
0
0
0
0
0
0
0
0
0
0
0
0
0
0.219608
0.780392
0.752941
0.737255
0.870588
0.447059
0
0
0
0
0
0
0
0
0
0
0
0
0
0
0.0235294
0.137255
0.00784314
0
0
0
0
0
0
0
0
0
0
0
0
0
0
0
0
0
0
0
0
0
0
0
0
0
0
0
0
0
0
0
0
0
0
0
0
0
0
0
0
0
0
0
0
0
0
0
0
0
0
0
0
0
0
0
0
0
0
0
0
0
0
0
0
0
0
0
0
0
0
0
0
0
0
0
0
0
0
0
0
0
0
0
0
0
0
0
0
0
0
0
0
0
0
0
0
0
0
0
0
0
0
0
0
0
0
0
0
0
0
