0
0
0
0
0
0
0
0
0
0
0
0
0
0
0
0
0
0
0
0
0
0
0
0
0
0
0
0
0
0
0
0
0
0
0
0
0
0
0
0
0
0
0
0
0
0
0
0
0
0.00392157
0
0
0
0
0
0
0
0
0
0
0
0
0
0
0
0
0
0
0.054902
0.839216
0.396078
0
0
0
0
0
0
0
0
0
0
0
0
0
0
0
0
0
0.537255
0.67451
0.890196
0.372549
0
0
0
0
0
0
0
0
0
0
0
0
0
0
0
0.4
0.972549
0.392157
0.152941
0.807843
0.513726
0.0117647
0
0
0
0
0
0
0
0
0
0
0
0
0
0.219608
0.886275
0.913725
0.203922
0.0313726
0.819608
0.705882
0.00784314
0
0
0
0
0
0
0
0
0
0
0
0.113725
0.796078
0.635294
0.0627451
0
0.0862745
0.913725
0.670588
0.00392157
0
0
0
0
0
0
0
0
0
0
0
0.329412
0.819608
0.807843
0.207843
0
0
0.196078
0.870588
0.137255
0
0
0
0
0
0
0
0
0
0
0
0
0.0235294
0.819608
0.329412
0
0
0.027451
0.654902
0.592157
0
0
0
0
0
0
0
0
0
0
0
0.0196078
0.701961
0.603922
0
0
0
0.121569
0.933333
0.564706
0
0
0
0
0
0
0
0
0
0
0
0.607843
0.603922
0.00392157
0
0
0
0
0.0941176
0.701961
0.670588
0.0235294
0
0
0
0
0
0
0
0
0.203922
0.854902
0.223529
0.278431
0.286275
0.356863
0.513726
0.509804
0.705882
0.745098
0.980392
0.521569
0
0
0
0
0
0
0
0
0.00392157
0.611765
0.709804
0.611765
0.619608
0.72549
0.772549
0.345098
0.247059
0.156863
0.145098
0.0666667
0
0
0
0
0
0
0
0
0
0
0
0
0
0.270588
0.603922
0
0
0
0
0
0
0
0
0
0
0
0
0
0
0
0
0
0
0.278431
0.611765
0
0
0
0
0
0
0
0
0
0
0
0
0
0
0
0
0
0
0.270588
0.603922
0
0
0
0
0
0
0
0
0
0
0
0
0
0
0
0
0
0
0.180392
0.478431
0
0
0
0
0
0
0
0
0
0
0
0
0
0
0
0
0
0
0.231373
0.564706
0
0
0
0
0
0
0
0
0
0
0
0
0
0
0
0
0
0
0.286275
0.619608
0
0
0
0
0
0
0
0
