0
0
0
0
0
0
0
0
0
0
0
0
0
0
0
0
0
0
0
0
0
0
0
0
0
0
0
0
0
0
0
0
0
0
0
0
0
0
0
0
0
0
0
0
0
0
0
0
0
0
0
0
0
0
0
0
0
0
0
0
0
0
0
0
0
0
0
0.027451
0.513726
0.537255
0.137255
0
0
0
0
0
0
0
0
0
0
0
0
0
0
0
0
0.627451
0.611765
0.388235
0.909804
0.435294
0.0392157
0
0
0
0
0
0
0
0
0
0
0
0
0
0
0.823529
0.803922
0.458824
0.121569
0.568627
0.847059
0.109804
0
0
0
0
0
0
0
0
0
0
0
0
0
0.376471
0.890196
0.305882
0
0
0.592157
0.647059
0.0862745
0
0
0
0
0
0
0
0
0
0
0
0.027451
0.996078
0.254902
0
0
0
0.0666667
0.580392
0.913725
0.0588235
0
0
0
0
0
0
0
0
0
0
0
0.678431
0.419608
0
0
0
0.12549
0.976471
0.862745
0.0235294
0
0
0
0
0
0
0
0
0
0
0.227451
0.894118
0.172549
0
0
0
0
0.129412
0.756863
0.364706
0
0
0
0
0
0
0
0
0
0
0.835294
0.243137
0
0
0
0
0.0392157
0.337255
0.796078
0.337255
0
0
0
0
0
0
0
0
0
0.0392157
0.933333
0.027451
0
0
0
0
0.552941
1
0.607843
0.0117647
0
0
0
0
0
0
0
0
0.00392157
0.639216
0.52549
0
0
0
0
0
0.00784314
0.309804
0.67451
0.843137
0.443137
0.0392157
0
0
0
0
0
0
0.337255
1
0.698039
0.666667
0.623529
0.627451
0.560784
0.552941
0.560784
0.658824
0.733333
0.905882
1
0.431373
0
0
0
0
0
0
0.00392157
0.172549
0.219608
0.270588
0.290196
0.803922
0.596078
0.756863
0.541176
0.27451
0.219608
0.0980392
0.0862745
0.00392157
0
0
0
0
0
0
0
0
0
0
0.152941
0.854902
0.0392157
0.619608
0.286275
0
0
0
0
0
0
0
0
0
0
0
0
0
0
0
0.439216
0.541176
0
0.580392
0.329412
0
0
0
0
0
0
0
0
0
0
0
0
0
0
0
0.764706
0.227451
0
0.52549
0.32549
0
0
0
0
0
0
0
0
0
0
0
0
0
0
0
0.12549
0
0
0.00392157
0
0
0
0
0
0
0
0
0
0
0
0
0
0
0
0
0
0
0
0
0
0
0
0
0
0
0
0
