0
0
0
0
0
0
0
0
0
0
0
0
0
0
0
0
0
0
0
0
0
0
0
0
0
0
0
0
0
0
0
0
0
0
0
0
0
0
0
0
0
0
0
0
0
0
0
0
0
0
0
0
0
0
0
0
0
0
0
0
0
0
0
0
0
0
0
0
0
0
0
0
0
0
0
0
0
0
0
0
0
0
0
0
0
0
0
0
0
0.133333
0.670588
0.0627451
0
0
0
0
0
0
0
0
0
0
0
0
0
0
0
0
0.0745098
0.843137
0.709804
0.729412
0.0588235
0
0
0
0
0
0
0
0
0
0
0
0
0
0
0.027451
0.721569
0.552941
0.160784
0.478431
0.788235
0.0901961
0
0
0
0
0
0
0
0
0
0
0
0
0
0.145098
0.823529
0.92549
0.929412
0.235294
0.988235
0.454902
0
0
0
0
0
0
0
0
0
0
0
0
0
0
0.258824
0.898039
0.176471
0
0.145098
0.788235
0.572549
0
0
0
0
0
0
0
0
0
0
0
0
0.380392
0.976471
0.529412
0.207843
0
0
0.219608
0.968627
0.027451
0
0
0
0
0
0
0
0
0
0
0
0.380392
0.592157
0.972549
0.576471
0.00784314
0.713726
0.870588
0.329412
0
0
0
0
0
0
0
0
0
0
0
0
0.109804
0.772549
0.498039
0.00784314
0
0.427451
0.913725
0.580392
0.160784
0
0
0
0
0
0
0
0
0
0.0117647
0.341176
0.890196
0.364706
0
0
0
0
0.0627451
0.4
0.858824
0.333333
0
0
0
0
0
0
0
0.0901961
0.945098
1
0.827451
0.686275
0.67451
0.690196
0.690196
0.686275
0.772549
0.890196
0.937255
0.866667
0
0
0
0
0
0
0
0
0.0431373
0.105882
0.2
0.219608
0.207843
0.690196
0.454902
0.219608
0.12549
0.0235294
0.0235294
0.00392157
0
0
0
0
0
0
0
0
0
0
0
0
0
0.678431
0.2
0
0
0
0
0
0
0
0
0
0
0
0
0
0
0
0
0
0
0.866667
0.0705882
0
0
0
0
0
0
0
0
0
0
0
0
0
0
0
0
0
0
0.937255
0
0
0
0
0
0
0
0
0
0
0
0
0
0
0
0
0
0
0.00392157
0.854902
0
0
0
0
0
0
0
0
0
0
0
0
0
0
0
0
0
0
0
0
0
0
0
0
0
0
0
0
0
