0
0
0
0
0
0
0
0
0
0
0
0
0
0
0
0
0
0
0
0
0
0
0
0
0
0
0
0
0
0
0
0
0
0
0
0
0
0
0
0
0
0
0
0
0
0
0
0
0
0
0.431373
0.0980392
0
0
0
0
0
0
0
0
0
0
0
0
0
0
0
0
0
0.203922
0.909804
0.870588
0.0862745
0
0
0
0
0
0
0
0
0
0
0
0
0
0
0
0.156863
0.870588
0.278431
0.427451
0.772549
0.0392157
0
0
0
0
0
0
0
0
0
0
0
0
0
0
0.407843
0.635294
0
0
0.509804
0.776471
0.054902
0
0
0
0
0
0
0
0
0
0
0
0
0
0.0588235
0.898039
0.113725
0.0980392
0.901961
0.960784
0.172549
0
0
0
0
0
0
0
0
0
0
0
0
0.00392157
0.513726
0.878431
0.0705882
0.00392157
0.419608
0.921569
0.411765
0
0
0
0
0
0
0
0
0
0
0
0
0.227451
0.878431
0.0470588
0
0
0
0.0941176
0.905882
0.0666667
0
0
0
0
0
0
0
0
0
0
0
0.254902
0.898039
0
0
0
0.027451
0.521569
0.862745
0.027451
0
0
0
0
0
0
0
0
0
0.0117647
0.533333
0.858824
0.235294
0
0
0
0.113725
0.905882
0.541176
0.0431373
0
0
0
0
0
0
0
0
0
0.537255
0.654902
0.0431373
0
0
0
0
0
0.054902
0.603922
0.901961
0.160784
0
0
0
0
0
0
0
0
0.47451
0.741176
0.360784
0.737255
0.737255
0.862745
0.67451
0.729412
0.776471
0.937255
0.760784
0.380392
0
0
0
0
0
0
0
0
0
0.286275
0.576471
0.827451
0.254902
0.909804
0.239216
0.776471
0.133333
0.00784314
0
0
0
0
0
0
0
0
0
0
0
0
0
0
0.0627451
0.921569
0.180392
0.737255
0
0
0
0
0
0
0
0
0
0
0
0
0
0
0
0
0.321569
0.670588
0.352941
0.588235
0
0
0
0
0
0
0
0
0
0
0
0
0
0
0
0
0.521569
0.443137
0.509804
0.392157
0
0
0
0
0
0
0
0
0
0
0
0
0
0
0
0
0.835294
0.164706
0.564706
0.364706
0
0
0
0
0
0
0
0
0
0
0
0
0
0
0
0.0117647
0.490196
0
0.121569
0.0627451
0
0
0
0
0
0
0
0
0
0
0
0
0
0
0
0
0
0
0
0
0
0
0
0
0
0
0
