0
0
0
0
0
0
0
0
0
0
0
0
0
0
0
0
0
0
0
0
0
0
0
0
0
0
0
0
0
0
0
0
0
0
0
0
0
0
0
0
0
0
0
0
0
0
0
0
0
0
0
0
0
0
0
0
0
0
0
0
0
0
0
0
0
0
0
0
0
0
0
0
0
0
0
0
0
0
0
0
0
0
0
0
0
0
0
0
0
0
0
0
0
0
0
0
0
0
0
0
0
0
0
0
0
0
0
0
0
0.00784314
0
0
0
0
0
0
0
0
0
0
0
0
0
0
0
0
0
0
0.172549
0.803922
0.698039
0.129412
0
0
0
0
0
0
0
0
0
0
0
0
0
0
0
0
0.780392
0.290196
0.278431
0.705882
0.333333
0
0
0
0
0
0
0
0
0
0
0
0
0
0
0.345098
0.713726
0.00392157
0
0.0901961
0.760784
0.568627
0
0
0
0
0
0
0
0
0
0
0
0
0
0.698039
0.862745
0.376471
0
0.0313726
0.466667
0.972549
0.423529
0
0
0
0
0
0
0
0
0
0
0
0
0
0.756863
0.494118
0
0.0588235
0.819608
0.92549
0.4
0
0
0
0
0
0
0
0
0
0
0
0
0.313726
0.752941
0
0
0
0.0313726
0.631373
0.447059
0
0
0
0
0
0
0
0
0
0
0
0.0117647
0.729412
0.643137
0
0.00392157
0
0
0.0431373
0.839216
0.176471
0
0
0
0
0
0
0
0
0
0
0.286275
1
0.705882
0.572549
0.627451
0.670588
0.560784
0.560784
0.792157
0.486275
0
0
0
0
0
0
0
0
0
0
0.00392157
0.164706
0.239216
0.305882
0.701961
0.435294
0.360784
0.360784
0.360784
0.133333
0
0
0
0
0
0
0
0
0
0
0
0
0
0
0.807843
0.105882
0
0
0
0
0
0
0
0
0
0
0
0
0
0
0
0
0
0
0.937255
0.00392157
0
0
0
0
0
0
0
0
0
0
0
0
0
0
0
0
0
0
0.180392
0
0
0
0
0
0
0
0
0
0
0
0
0
0
0
0
0
0
0
0
0
0
0
0
0
0
0
0
0
0
0
0
0
0
0
0
0
0
0
0
0
0
0
0
0
0
0
0
0
