0
0
0
0
0
0
0
0
0
0
0
0
0
0
0
0
0
0
0
0
0
0
0
0
0
0
0
0
0
0
0
0
0
0
0
0
0
0
0
0
0
0
0
0
0
0
0
0
0
0
0
0
0
0
0
0
0
0
0
0
0
0
0
0
0
0
0
0
0
0
0
0
0
0
0
0
0
0
0
0
0
0
0
0
0
0
0
0
0
0.309804
0.0980392
0
0
0
0
0
0
0
0
0
0
0
0
0
0
0
0
0
0.129412
0.956863
0.921569
0.129412
0
0
0
0
0
0
0
0
0
0
0
0
0
0
0
0.0431373
0.819608
0.337255
0.494118
0.760784
0.0862745
0
0
0
0
0
0
0
0
0
0
0
0
0
0
0.607843
0.521569
0
0
0.337255
0.709804
0.298039
0
0
0
0
0
0
0
0
0
0
0
0
0
0.501961
0.956863
0.376471
0
0
0.0431373
0.729412
0.572549
0.0117647
0
0
0
0
0
0
0
0
0
0
0
0.254902
0.839216
0.113725
0
0
0
0.0117647
0.756863
0.278431
0
0
0
0
0
0
0
0
0
0
0
0.486275
0.592157
0
0
0
0
0.388235
0.866667
0.705882
0
0
0
0
0
0
0
0
0
0
0.0117647
0.831373
0.203922
0
0
0
0
0.376471
0.952941
0.341176
0
0
0
0
0
0
0
0
0
0
0.254902
0.8
0
0
0
0
0
0
0.203922
0.854902
0.0901961
0
0
0
0
0
0
0
0
0
0.654902
0.913725
0.819608
0.811765
0.811765
0.811765
0.819608
0.819608
0.823529
0.941176
0.231373
0
0
0
0
0
0
0
0
0
0.0392157
0.0901961
0.0862745
0.0784314
0.713726
0.443137
0.898039
0.133333
0.0901961
0.0862745
0
0
0
0
0
0
0
0
0
0
0
0
0
0.270588
0.792157
0.0117647
0.721569
0.305882
0
0
0
0
0
0
0
0
0
0
0
0
0
0
0
0.211765
0.352941
0
0.207843
0.647059
0
0
0
0
0
0
0
0
0
0
0
0
0
0
0
0
0
0
0
0
0
0
0
0
0
0
0
0
0
0
0
0
0
0
0
0
0
0
0
0
0
0
0
0
0
0
0
0
0
0
0
0
0
0
0
0
0
0
0
0
0
0
0
0
0
0
