0
0
0
0
0
0
0
0
0
0
0
0
0
0
0
0
0
0
0
0
0
0
0
0
0
0
0
0
0
0
0
0
0
0
0
0
0
0
0
0
0
0
0
0
0
0
0
0
0
0
0
0
0
0
0
0
0
0
0
0
0
0
0
0
0
0
0
0
0
0.00392157
0.145098
0
0
0
0
0
0
0
0
0
0
0
0
0
0
0
0
0
0
0.192157
0.996078
0.333333
0
0
0
0
0
0
0
0
0
0
0
0
0
0
0
0
0
0.352941
0.737255
0.823529
0.376471
0
0
0
0
0
0
0
0
0
0
0
0
0
0
0
0.247059
0.886275
0.219608
0.223529
0.886275
0.0117647
0
0
0
0
0
0
0
0
0
0
0
0
0
0
0.627451
0.756863
0.0627451
0.635294
0.858824
0.313726
0
0
0
0
0
0
0
0
0
0
0
0
0
0
0.121569
0.776471
0.560784
0.12549
0.921569
0.541176
0
0
0
0
0
0
0
0
0
0
0
0
0
0.0901961
0.972549
0.788235
0.0784314
0
0.494118
0.835294
0.368627
0.0235294
0
0
0
0
0
0
0
0
0
0
0
0
0.278431
0.831373
0.639216
0.101961
0
0.203922
0.976471
0.423529
0
0
0
0
0
0
0
0
0
0
0
0.0627451
0.286275
0.576471
0.956863
0.560784
0
0.639216
0.588235
0.0117647
0
0
0
0
0
0
0
0
0
0
0.290196
0.964706
0.835294
0.447059
0.109804
0
0.101961
0.337255
0.886275
0.290196
0
0
0
0
0
0
0
0
0
0
0.0901961
0.513726
0.776471
0.858824
0.937255
0.721569
0.952941
0.831373
0.835294
0.819608
0.0745098
0
0
0
0
0
0
0
0
0
0
0
0
0
0.552941
0.521569
0.764706
0
0
0
0
0
0
0
0
0
0
0
0
0
0
0
0
0
0.509804
0.231373
0.811765
0
0
0
0
0
0
0
0
0
0
0
0
0
0
0
0
0
0.576471
0.101961
0.866667
0
0
0
0
0
0
0
0
0
0
0
0
0
0
0
0
0
0.803922
0.0313726
0.890196
0
0
0
0
0
0
0
0
0
0
0
0
0
0
0
0
0
0.894118
0.0352941
0.423529
0
0
0
0
0
0
0
0
0
0
0
0
0
0
0
0
0
0.298039
0
0
0
0
0
0
0
0
0
