0
0
0
0
0
0
0
0
0
0
0
0
0
0
0
0
0
0
0
0
0
0
0
0
0
0
0
0
0
0
0.0784314
0.00392157
0
0
0
0
0
0
0
0
0
0
0
0
0
0
0
0
0
0.631373
0.890196
0.556863
0
0
0
0
0
0
0
0
0
0
0
0
0
0
0
0
0.529412
0.662745
0.0705882
0.894118
0.329412
0
0
0
0
0
0
0
0
0
0
0
0
0
0
0
0.866667
0.87451
0.0431373
0.12549
0.807843
0.427451
0
0
0
0
0
0
0
0
0
0
0
0
0
0
0.462745
0.654902
0
0
0.054902
0.792157
0.52549
0
0
0
0
0
0
0
0
0
0
0
0
0
0.819608
0.309804
0
0
0
0.231373
0.964706
0.462745
0
0
0
0
0
0
0
0
0
0
0
0
0.670588
0.32549
0
0
0
0.235294
0.858824
0.588235
0
0
0
0
0
0
0
0
0
0
0
0.145098
0.819608
0.0117647
0
0
0
0
0.313726
0.627451
0
0
0
0
0
0
0
0
0
0
0.0627451
0.745098
0.607843
0
0
0
0
0
0.772549
0.439216
0
0
0
0
0
0
0
0
0
0
0.478431
0.858824
0.00784314
0
0
0
0
0
0.466667
0.87451
0.105882
0
0
0
0
0
0
0
0
0.101961
0.870588
0.121569
0
0
0
0
0
0.0745098
0.866667
0.956863
0.0901961
0
0
0
0
0
0
0
0
0.529412
0.623529
0
0
0
0
0
0
0
0.0313726
0.639216
0.686275
0.0392157
0
0
0
0
0
0
0.435294
0.760784
0.0588235
0
0
0
0
0
0
0
0
0.00784314
0.619608
0.529412
0
0
0
0
0
0
0.607843
0.760784
0.164706
0
0
0
0
0
0
0
0
0
0.545098
0.560784
0
0
0
0
0
0
0
0.321569
0.792157
0.827451
0.447059
0.192157
0.176471
0.152941
0.294118
0.341176
0.478431
0.733333
0.780392
0.0627451
0
0
0
0
0
0
0
0
0
0.141176
0.545098
0.835294
0.921569
0.752941
0.835294
0.847059
0.435294
0.262745
0.0235294
0
0
0
0
0
0
0
0
0
0
0
0.109804
0.858824
0.254902
0
0.352941
0.552941
0
0
0
0
0
0
0
0
0
0
0
0
0
0.0352941
0.847059
0.360784
0
0
0.196078
0.843137
0.00784314
0
0
0
0
0
0
0
0
0
0
0
0
0
0.133333
0
0
0
0
0.243137
0
0
0
0
0
0
