0
0
0
0
0
0
0
0
0
0
0
0
0
0
0
0
0
0
0
0
0
0
0
0
0
0
0
0
0
0
0
0
0
0
0
0
0
0
0
0
0
0
0
0
0
0
0
0
0
0
0
0
0
0
0
0
0
0
0
0
0
0
0
0
0
0
0
0
0
0
0
0
0
0
0
0
0
0
0
0
0
0
0
0
0
0
0
0
0
0
0
0
0
0
0
0
0
0
0
0
0
0
0
0
0
0
0
0
0.00392157
0.235294
0.356863
0.105882
0
0
0
0
0
0
0
0
0
0
0
0
0
0
0
0.0235294
0.678431
0.752941
0.556863
0.345098
0.552941
0.458824
0.0784314
0
0
0
0
0
0
0
0
0
0
0
0.0117647
0.627451
0.419608
0
0
0.0862745
0.352941
0.478431
0.870588
0.270588
0
0
0
0
0
0
0
0
0
0
0.368627
0.478431
0
0
0
0
0
0
0.109804
0.870588
0.0705882
0
0
0
0
0
0
0
0
0.00784314
0.901961
0.0470588
0
0
0
0
0
0
0
0.592157
0.32549
0
0
0
0
0
0
0
0
0.0470588
0.756863
0
0
0
0
0
0
0
0
0.541176
0.341176
0
0
0
0
0
0
0
0
0.0470588
0.729412
0
0
0
0
0
0
0
0
0.458824
0.266667
0
0
0
0
0
0
0
0
0.0588235
0.8
0
0
0
0
0
0
0
0
0.588235
0.301961
0
0
0
0
0
0
0
0
0
0.788235
0.223529
0
0
0
0
0
0
0.0117647
0.831373
0.133333
0
0
0
0
0
0
0
0
0
0.137255
0.831373
0.290196
0
0
0
0
0.0901961
0.647059
0.556863
0
0
0
0
0
0
0
0
0
0
0
0.12549
0.752941
0.894118
0.866667
0.607843
0.862745
0.733333
0.376471
0.00392157
0
0
0
0
0
0
0
0
0
0
0
0
0
0.0117647
0.00784314
0.00392157
0.00392157
0
0
0
0
0
0
0
0
0
0
0
0
0
0
0
0
0
0
0
0
0
0
0
0
0
0
0
0
0
0
0
0
0
0
0
0
0
0
0
0
0
0
0
0
0
0
0
0
0
0
0
0
0
0
0
0
0
0
0
0
0
0
0
0
0
0
0
