0
0
0
0
0
0
0
0
0
0
0
0
0
0
0
0
0
0
0
0
0
0
0
0
0
0
0
0
0
0
0
0
0
0
0
0
0
0
0
0
0
0
0
0
0
0
0
0
0
0
0
0
0
0
0
0
0
0
0
0
0
0
0
0
0
0
0
0
0
0
0
0
0
0
0
0
0
0
0
0
0
0
0
0
0
0
0
0
0
0
0
0
0
0
0
0
0
0
0
0
0
0
0
0
0
0
0
0
0
0.2
0.462745
0.407843
0.027451
0
0
0
0
0
0
0
0
0
0
0
0
0
0
0
0
0.843137
0.47451
0.662745
0.709804
0.00784314
0
0
0
0
0
0
0
0
0
0
0
0
0
0
0.278431
0.709804
0
0.00392157
0.654902
0.411765
0
0
0
0
0
0
0
0
0
0
0
0
0
0
0.647059
0.270588
0
0
0.0901961
0.835294
0
0
0
0
0
0
0
0
0
0
0
0
0
0
0.847059
0.0392157
0
0
0
0.764706
0.2
0
0
0
0
0
0
0
0
0
0
0
0
0.00392157
0.854902
0
0
0
0
0.545098
0.345098
0
0
0
0
0
0
0
0
0
0
0
0
0.0392157
0.835294
0
0
0
0
0.545098
0.345098
0
0
0
0
0
0
0
0
0
0
0
0
0.0705882
0.803922
0
0
0
0.0117647
0.8
0.188235
0
0
0
0
0
0
0
0
0
0
0
0
0.0313726
0.862745
0.00392157
0
0
0.262745
0.572549
0
0
0
0
0
0
0
0
0
0
0
0
0
0
0.705882
0.466667
0.0352941
0.278431
0.803922
0.00392157
0
0
0
0
0
0
0
0
0
0
0
0
0
0
0.0862745
0.666667
0.870588
0.741176
0.141176
0
0
0
0
0
0
0
0
0
0
0
0
0
0
0
0
0
0
0
0
0
0
0
0
0
0
0
0
0
0
0
0
0
0
0
0
0
0
0
0
0
0
0
0
0
0
0
0
0
0
0
0
0
0
0
0
0
0
0
0
0
0
0
0
0
0
0
0
0
0
0
0
0
0
0
0
0
0
0
0
0
0
0
0
0
0
0
