0
0
0
0
0
0
0
0
0
0
0
0
0
0
0
0
0
0
0
0
0
0
0
0
0
0
0
0
0
0
0
0
0
0
0
0
0
0
0
0
0
0
0
0
0
0
0
0
0
0
0
0
0
0
0
0
0
0
0
0
0
0
0
0
0
0
0
0
0
0
0
0
0
0
0
0
0
0
0
0
0
0
0
0
0
0
0
0
0
0
0.0352941
0.356863
0.0627451
0
0
0
0
0
0
0
0
0
0
0
0
0
0
0
0
0.121569
0.811765
0.694118
0.835294
0.298039
0
0
0
0
0
0
0
0
0
0
0
0
0
0
0.00392157
0.772549
0.301961
0
0.180392
0.858824
0.239216
0
0
0
0
0
0
0
0
0
0
0
0
0
0.466667
0.6
0
0
0
0.270588
0.647059
0
0
0
0
0
0
0
0
0
0
0
0
0.0627451
0.596078
0.0196078
0
0
0
0.0627451
0.760784
0
0
0
0
0
0
0
0
0
0
0
0
0.407843
0.309804
0
0
0
0
0.0745098
0.807843
0
0
0
0
0
0
0
0
0
0
0
0
0.811765
0.027451
0
0
0
0
0.0980392
0.792157
0
0
0
0
0
0
0
0
0
0
0
0.0117647
0.878431
0
0
0
0
0
0.270588
0.639216
0
0
0
0
0
0
0
0
0
0
0
0.0392157
0.862745
0
0
0
0
0
0.647059
0.313726
0
0
0
0
0
0
0
0
0
0
0
0.0784314
0.811765
0
0
0
0
0.219608
0.764706
0.0117647
0
0
0
0
0
0
0
0
0
0
0
0.0705882
0.890196
0.027451
0
0.0196078
0.368627
0.8
0.133333
0
0
0
0
0
0
0
0
0
0
0
0
0
0.533333
0.870588
0.788235
0.835294
0.623529
0.101961
0
0
0
0
0
0
0
0
0
0
0
0
0
0
0
0.0235294
0.054902
0.0313726
0
0
0
0
0
0
0
0
0
0
0
0
0
0
0
0
0
0
0
0
0
0
0
0
0
0
0
0
0
0
0
0
0
0
0
0
0
0
0
0
0
0
0
0
0
0
0
0
0
0
0
0
0
0
0
0
0
0
0
0
0
0
0
0
0
0
0
0
0
