0
0
0
0
0
0
0
0
0
0
0
0
0
0
0
0
0
0
0
0
0
0
0
0
0
0
0
0
0
0
0
0
0
0
0
0
0
0
0
0
0
0
0
0
0
0
0
0
0
0
0
0
0
0
0
0
0
0
0
0
0
0
0
0
0
0
0
0
0
0
0
0
0
0
0
0
0
0
0
0
0
0
0
0
0
0
0
0
0.137255
0.262745
0
0
0
0
0
0
0
0
0
0
0
0
0
0
0
0
0
0.0627451
0.858824
0.466667
0.560784
0.243137
0
0
0
0
0
0
0
0
0
0
0
0
0
0
0
0.411765
0.533333
0.2
0.419608
0.760784
0.607843
0.0235294
0
0
0
0
0
0
0
0
0
0
0
0
0
0.6
0.258824
0
0
0.00392157
0.498039
0.729412
0.0431373
0
0
0
0
0
0
0
0
0
0
0
0
0.635294
0.168627
0
0
0
0
0.298039
0.478431
0
0
0
0
0
0
0
0
0
0
0
0
0.611765
0.180392
0
0
0
0
0.00392157
0.443137
0.156863
0
0
0
0
0
0
0
0
0
0
0
0.509804
0.380392
0
0
0
0
0
0.447059
0.341176
0
0
0
0
0
0
0
0
0
0
0
0.0901961
0.745098
0
0
0
0
0
0.380392
0.313726
0
0
0
0
0
0
0
0
0
0
0
0.00392157
0.552941
0.231373
0
0
0
0
0.443137
0.345098
0
0
0
0
0
0
0
0
0
0
0
0
0.105882
0.666667
0.00392157
0
0
0
0.435294
0.168627
0
0
0
0
0
0
0
0
0
0
0
0
0
0.470588
0.486275
0
0
0.0431373
0.847059
0.0627451
0
0
0
0
0
0
0
0
0
0
0
0
0
0.00392157
0.756863
0.439216
0.152941
0.635294
0.501961
0
0
0
0
0
0
0
0
0
0
0
0
0
0
0
0.0705882
0.619608
0.788235
0.470588
0.00392157
0
0
0
0
0
0
0
0
0
0
0
0
0
0
0
0
0
0
0
0
0
0
0
0
0
0
0
0
0
0
0
0
0
0
0
0
0
0
0
0
0
0
0
0
0
0
0
0
0
0
0
0
0
0
0
0
0
0
0
0
0
0
0
0
0
