0
0
0
0
0
0
0
0
0
0
0
0
0
0
0
0
0
0
0
0
0
0
0
0
0
0
0
0
0
0
0
0
0
0
0
0
0
0
0
0
0
0
0
0
0
0
0
0
0
0
0
0
0
0
0
0
0
0
0
0
0
0
0
0
0
0
0
0
0
0
0
0
0
0
0
0
0
0
0
0
0
0
0
0
0
0
0
0
0
0
0
0
0
0
0
0
0
0
0
0
0
0
0
0
0
0
0
0
0
0
0
0
0
0
0
0
0
0
0
0
0
0
0
0
0
0
0
0
0
0
0.305882
0.666667
0.431373
0.0117647
0
0
0
0
0
0
0
0
0
0
0
0
0
0
0
0.376471
0.694118
0.207843
0.694118
0.592157
0
0
0
0
0
0
0
0
0
0
0
0
0
0
0.372549
0.580392
0.0392157
0
0.0117647
0.870588
0.0588235
0
0
0
0
0
0
0
0
0
0
0
0
0.0352941
0.843137
0.0862745
0
0
0
0.768627
0.129412
0
0
0
0
0
0
0
0
0
0
0
0
0.368627
0.537255
0
0
0
0
0.768627
0.109804
0
0
0
0
0
0
0
0
0
0
0
0
0.72549
0.152941
0
0
0
0
0.752941
0.00784314
0
0
0
0
0
0
0
0
0
0
0
0
0.811765
0.0784314
0
0
0
0.0196078
0.878431
0.00392157
0
0
0
0
0
0
0
0
0
0
0
0
0.721569
0.133333
0
0
0
0.266667
0.666667
0
0
0
0
0
0
0
0
0
0
0
0
0
0.505882
0.643137
0.054902
0
0.0862745
0.835294
0.180392
0
0
0
0
0
0
0
0
0
0
0
0
0
0.0196078
0.560784
0.819608
0.72549
0.886275
0.352941
0
0
0
0
0
0
0
0
0
0
0
0
0
0
0
0
0.0627451
0.12549
0.0352941
0
0
0
0
0
0
0
0
0
0
0
0
0
0
0
0
0
0
0
0
0
0
0
0
0
0
0
0
0
0
0
0
0
0
0
0
0
0
0
0
0
0
0
0
0
0
0
0
0
0
0
0
0
0
0
0
0
0
0
0
0
0
0
0
0
0
0
0
