0
0
0
0
0
0
0
0
0
0
0
0
0
0
0
0
0
0
0
0
0
0
0
0
0
0
0
0
0
0
0
0
0
0
0
0
0
0
0
0
0
0
0
0
0
0
0
0
0
0
0
0
0
0
0
0
0
0
0
0
0
0
0
0
0
0
0
0
0
0
0
0
0
0
0
0
0
0
0
0
0
0
0
0
0
0
0
0
0
0
0.152941
0.0235294
0
0
0
0
0
0
0
0
0
0
0
0
0
0
0
0.0784314
0.639216
0.00392157
0.596078
0.866667
0.337255
0
0
0
0
0
0
0
0
0
0
0
0
0
0.0117647
0.709804
0.352941
0
0
0.113725
0.8
0.423529
0
0
0
0
0
0
0
0
0
0
0
0
0.278431
0.607843
0
0
0
0
0.0470588
0.709804
0.27451
0
0
0
0
0
0
0
0
0
0
0
0.419608
0.439216
0
0
0
0
0
0.0980392
0.678431
0
0
0
0
0
0
0
0
0
0
0
0.47451
0.356863
0
0
0
0
0
0
0.72549
0.203922
0
0
0
0
0
0
0
0
0
0
0.537255
0.337255
0
0
0
0
0
0
0.603922
0.270588
0
0
0
0
0
0
0
0
0
0
0.533333
0.333333
0
0
0
0
0
0
0.592157
0.258824
0
0
0
0
0
0
0
0
0
0
0.454902
0.419608
0
0
0
0
0
0
0.537255
0.12549
0
0
0
0
0
0
0
0
0
0
0.231373
0.678431
0
0
0
0
0
0.0705882
0.560784
0.0313726
0
0
0
0
0
0
0
0
0
0
0.0117647
0.666667
0.0980392
0
0
0
0.0117647
0.486275
0.247059
0
0
0
0
0
0
0
0
0
0
0
0
0.294118
0.368627
0
0
0
0.490196
0.627451
0
0
0
0
0
0
0
0
0
0
0
0
0
0.0431373
0.478431
0.588235
0.411765
0.647059
0.647059
0.0313726
0
0
0
0
0
0
0
0
0
0
0
0
0
0
0.0235294
0.360784
0.478431
0.407843
0.00784314
0
0
0
0
0
0
0
0
0
0
0
0
0
0
0
0
0
0
0
0
0
0
0
0
0
0
0
0
0
0
0
0
0
0
0
0
0
0
0
0
0
0
0
0
0
0
0
