0
0
0
0
0
0
0
0
0
0
0
0
0
0
0
0
0
0
0
0
0
0
0
0
0
0
0
0
0
0
0
0
0
0
0
0
0
0
0
0
0
0
0
0
0
0
0
0
0
0
0
0
0
0
0
0
0
0
0
0
0
0
0
0
0
0
0
0
0
0
0
0
0
0
0
0
0
0
0
0
0
0
0
0
0
0
0
0
0
0
0
0
0.0431373
0.0588235
0
0
0
0
0
0
0
0
0
0
0
0
0
0
0
0
0.164706
0.054902
0.329412
0.760784
0.0117647
0
0
0
0
0
0
0
0
0
0
0
0
0
0
0.560784
0.819608
0.243137
0
0.552941
0.556863
0
0
0
0
0
0
0
0
0
0
0
0
0.0117647
0.470588
0.576471
0.0117647
0
0
0.00784314
0.803922
0.0470588
0
0
0
0
0
0
0
0
0
0
0
0.505882
0.537255
0
0
0
0
0
0.498039
0.352941
0
0
0
0
0
0
0
0
0
0
0.141176
0.811765
0.0235294
0
0
0
0
0
0.203922
0.564706
0
0
0
0
0
0
0
0
0
0
0.623529
0.309804
0
0
0
0
0
0
0.12549
0.501961
0
0
0
0
0
0
0
0
0
0
0.858824
0.00784314
0
0
0
0
0
0
0.219608
0.403922
0
0
0
0
0
0
0
0
0
0
0.866667
0.00784314
0
0
0
0
0
0
0.380392
0.0588235
0
0
0
0
0
0
0
0
0
0
0.862745
0.0313726
0
0
0
0
0
0.333333
0.709804
0
0
0
0
0
0
0
0
0
0
0
0.592157
0.352941
0
0
0
0
0.27451
0.827451
0.0862745
0
0
0
0
0
0
0
0
0
0
0
0.137255
0.87451
0.298039
0.0784314
0.262745
0.694118
0.670588
0.129412
0
0
0
0
0
0
0
0
0
0
0
0
0
0.141176
0.635294
0.811765
0.654902
0.298039
0
0
0
0
0
0
0
0
0
0
0
0
0
0
0
0
0
0
0
0
0
0
0
0
0
0
0
0
0
0
0
0
0
0
0
0
0
0
0
0
0
0
0
0
0
0
0
0
0
0
0
0
0
0
0
0
0
0
0
0
0
0
0
0
0
0
0
0
