0
0
0
0
0
0
0
0
0
0
0
0
0
0
0
0
0
0
0
0
0
0
0
0
0
0
0
0
0
0
0
0
0
0
0
0
0
0
0
0
0
0
0
0
0
0
0
0
0
0
0
0
0
0
0
0
0
0
0
0
0
0
0
0
0
0
0
0
0
0
0
0
0
0
0
0
0
0
0
0
0
0
0
0
0
0
0
0
0
0
0
0
0
0
0
0
0
0
0
0
0
0
0
0
0
0
0
0
0
0.0392157
0.647059
0.811765
0.733333
0.388235
0.0117647
0
0
0
0
0
0
0
0
0
0
0
0
0
0
0.623529
0.52549
0.00392157
0.133333
0.721569
0.635294
0
0
0
0
0
0
0
0
0
0
0
0
0
0.247059
0.745098
0.00392157
0
0
0.0117647
0.807843
0.196078
0
0
0
0
0
0
0
0
0
0
0
0
0.454902
0.223529
0
0
0
0
0.380392
0.494118
0
0
0
0
0
0
0
0
0
0
0
0.0862745
0.745098
0
0
0
0
0
0.278431
0.470588
0
0
0
0
0
0
0
0
0
0
0
0.243137
0.647059
0
0
0
0
0
0.352941
0.501961
0
0
0
0
0
0
0
0
0
0
0
0.321569
0.564706
0
0
0
0
0
0.501961
0.403922
0
0
0
0
0
0
0
0
0
0
0
0.396078
0.498039
0
0
0
0
0.0666667
0.858824
0.0745098
0
0
0
0
0
0
0
0
0
0
0
0.478431
0.435294
0
0
0
0.0431373
0.792157
0.356863
0
0
0
0
0
0
0
0
0
0
0
0
0.396078
0.564706
0
0
0.223529
0.831373
0.376471
0
0
0
0
0
0
0
0
0
0
0
0
0
0.0431373
0.811765
0.705882
0.729412
0.780392
0.188235
0
0
0
0
0
0
0
0
0
0
0
0
0
0
0
0.00784314
0.239216
0.239216
0
0
0
0
0
0
0
0
0
0
0
0
0
0
0
0
0
0
0
0
0
0
0
0
0
0
0
0
0
0
0
0
0
0
0
0
0
0
0
0
0
0
0
0
0
0
0
0
0
0
0
0
0
0
0
0
0
0
0
0
0
0
0
0
0
0
0
0
0
