0
0
0
0
0
0
0
0
0
0
0
0
0
0
0
0
0
0
0
0
0
0
0
0
0
0
0
0
0
0
0
0
0
0
0
0
0
0
0
0
0
0
0
0
0
0
0
0
0
0
0
0
0
0
0
0
0
0
0
0
0
0
0
0
0
0
0
0
0
0
0
0
0
0
0
0
0
0
0
0
0
0
0
0
0
0
0
0
0
0.0470588
0.172549
0.470588
0.286275
0
0
0
0
0
0
0
0
0
0
0
0
0
0
0
0.0745098
0.803922
0.541176
0.337255
0.772549
0.533333
0
0
0
0
0
0
0
0
0
0
0
0
0
0
0.596078
0.431373
0
0
0.027451
0.729412
0.368627
0
0
0
0
0
0
0
0
0
0
0
0
0.0352941
0.8
0.0235294
0
0
0
0.160784
0.729412
0
0
0
0
0
0
0
0
0
0
0
0
0.298039
0.564706
0
0
0
0
0
0.819608
0.0666667
0
0
0
0
0
0
0
0
0
0
0
0.576471
0.270588
0
0
0
0
0
0.737255
0.137255
0
0
0
0
0
0
0
0
0
0
0
0.694118
0.109804
0
0
0
0
0
0.541176
0.0705882
0
0
0
0
0
0
0
0
0
0
0
0.713726
0.113725
0
0
0
0
0
0.756863
0.101961
0
0
0
0
0
0
0
0
0
0
0
0.709804
0.156863
0
0
0
0
0
0.870588
0.0117647
0
0
0
0
0
0
0
0
0
0
0
0.486275
0.388235
0
0
0
0
0.254902
0.686275
0
0
0
0
0
0
0
0
0
0
0
0
0.235294
0.729412
0.0705882
0
0
0.00392157
0.721569
0.266667
0
0
0
0
0
0
0
0
0
0
0
0
0
0.360784
0.776471
0.145098
0.0117647
0.611765
0.572549
0
0
0
0
0
0
0
0
0
0
0
0
0
0
0
0.290196
0.839216
0.905882
0.588235
0.0117647
0
0
0
0
0
0
0
0
0
0
0
0
0
0
0
0
0
0
0
0
0
0
0
0
0
0
0
0
0
0
0
0
0
0
0
0
0
0
0
0
0
0
0
0
0
0
0
0
0
0
0
0
0
0
0
0
0
0
0
0
0
0
0
0
0
0
