0
0
0
0
0
0
0
0
0
0
0
0
0
0
0
0
0
0
0
0
0
0
0
0
0
0
0
0
0
0
0
0
0
0
0
0
0
0
0
0
0
0
0
0
0
0
0
0
0
0
0
0
0
0
0
0
0
0
0
0
0
0
0
0
0
0
0
0
0
0
0
0
0
0
0
0
0
0
0
0
0
0
0
0
0
0
0
0
0
0.360784
0.643137
0.00392157
0
0.054902
0
0
0
0
0
0
0
0
0
0
0
0
0
0
0.337255
0.72549
0.227451
0
0.00392157
0.866667
0.431373
0
0
0
0
0
0
0
0
0
0
0
0
0.372549
0.572549
0
0
0
0
0.0745098
0.768627
0.345098
0
0
0
0
0
0
0
0
0
0
0.0980392
0.835294
0.0941176
0
0
0
0
0
0.152941
0.768627
0
0
0
0
0
0
0
0
0
0
0.541176
0.388235
0
0
0
0
0
0
0.137255
0.756863
0
0
0
0
0
0
0
0
0
0
0.713726
0.0627451
0
0
0
0
0
0
0.0666667
0.8
0
0
0
0
0
0
0
0
0
0
0.737255
0.00392157
0
0
0
0
0
0
0.0627451
0.780392
0
0
0
0
0
0
0
0
0
0
0.533333
0.00392157
0
0
0
0
0
0
0.164706
0.701961
0
0
0
0
0
0
0
0
0
0
0.533333
0.00392157
0
0
0
0
0
0
0.32549
0.564706
0
0
0
0
0
0
0
0
0
0
0.858824
0.00784314
0
0
0
0
0
0
0.690196
0.235294
0
0
0
0
0
0
0
0
0
0
0.705882
0.227451
0
0
0
0
0
0.32549
0.443137
0.00392157
0
0
0
0
0
0
0
0
0
0
0.231373
0.792157
0.0313726
0
0
0.0627451
0.509804
0.627451
0.0313726
0
0
0
0
0
0
0
0
0
0
0
0
0.423529
0.839216
0.611765
0.643137
0.870588
0.423529
0
0
0
0
0
0
0
0
0
0
0
0
0
0
0
0.0901961
0.290196
0.27451
0.0313726
0
0
0
0
0
0
0
0
0
0
0
0
0
0
0
0
0
0
0
0
0
0
0
0
0
0
0
0
0
0
0
0
0
0
0
0
0
0
0
0
0
0
0
0
0
0
0
0
