0
0
0
0
0
0
0
0
0
0
0
0
0
0
0
0
0
0
0
0
0
0
0
0
0
0
0
0
0
0
0
0
0
0
0
0
0
0
0
0
0
0
0
0
0
0
0
0
0
0
0
0
0
0
0
0
0
0
0
0
0
0
0
0
0
0
0
0
0
0
0
0
0
0
0
0
0
0
0
0
0
0
0
0
0
0
0
0
0
0
0
0.137255
0.294118
0
0
0
0
0
0
0
0
0
0
0
0
0
0
0
0
0
0.498039
0.780392
0.270588
0
0
0
0
0
0
0
0
0
0
0
0
0
0
0
0
0.521569
0.666667
0.027451
0.298039
0.67451
0.027451
0
0
0
0
0
0
0
0
0
0
0
0
0
0.376471
0.721569
0.0117647
0
0
0.631373
0.466667
0
0
0
0
0
0
0
0
0
0
0
0
0.137255
0.835294
0.0392157
0
0
0
0.109804
0.87451
0
0
0
0
0
0
0
0
0
0
0
0
0.603922
0.345098
0
0
0
0
0
0.811765
0
0
0
0
0
0
0
0
0
0
0
0
0.831373
0.0588235
0
0
0
0
0
0.690196
0
0
0
0
0
0
0
0
0
0
0
0
0.854902
0
0
0
0
0
0
0.690196
0
0
0
0
0
0
0
0
0
0
0
0.0705882
0.807843
0
0
0
0
0
0.027451
0.72549
0
0
0
0
0
0
0
0
0
0
0
0.0431373
0.741176
0
0
0
0
0
0.533333
0.431373
0
0
0
0
0
0
0
0
0
0
0
0.0705882
0.803922
0
0
0
0
0.345098
0.647059
0.0117647
0
0
0
0
0
0
0
0
0
0
0
0.0235294
0.866667
0.568627
0.47451
0.635294
0.721569
0.807843
0.105882
0
0
0
0
0
0
0
0
0
0
0
0
0
0.0941176
0.333333
0.258824
0.239216
0.192157
0.0117647
0
0
0
0
0
0
0
0
0
0
0
0
0
0
0
0
0
0
0
0
0
0
0
0
0
0
0
0
0
0
0
0
0
0
0
0
0
0
0
0
0
0
0
0
0
0
0
0
0
0
0
0
0
0
0
0
0
0
0
0
0
0
0
0
0
0
0
