0
0
0
0
0
0
0
0
0
0
0
0
0
0
0
0
0
0
0
0
0
0
0
0
0
0
0
0
0
0
0
0
0
0
0
0
0
0
0
0
0
0
0
0
0
0
0
0
0
0
0
0
0
0
0
0
0
0
0
0
0
0
0
0
0
0
0
0
0
0
0
0
0
0
0
0
0
0
0
0
0
0
0
0
0
0
0
0
0
0.486275
0.435294
0.266667
0.0784314
0
0
0
0
0
0
0
0
0
0
0
0
0
0
0
0.298039
0.768627
0.0627451
0.623529
0.87451
0.686275
0.054902
0
0
0
0
0
0
0
0
0
0
0
0
0
0.752941
0.137255
0
0
0
0.533333
0.498039
0
0
0
0
0
0
0
0
0
0
0
0.00392157
0.705882
0.137255
0
0
0
0
0.0705882
0.854902
0.101961
0
0
0
0
0
0
0
0
0
0
0.239216
0.737255
0
0
0
0
0
0
0.447059
0.211765
0
0
0
0
0
0
0
0
0
0
0.521569
0.372549
0
0
0
0
0
0
0.537255
0.337255
0
0
0
0
0
0
0
0
0
0
0.537255
0.337255
0
0
0
0
0
0
0.529412
0.329412
0
0
0
0
0
0
0
0
0
0
0.537255
0.337255
0
0
0
0
0
0
0.639216
0.258824
0
0
0
0
0
0
0
0
0
0
0.501961
0.356863
0
0
0
0
0
0.027451
0.662745
0.0313726
0
0
0
0
0
0
0
0
0
0
0.345098
0.611765
0
0
0
0
0
0.419608
0.388235
0
0
0
0
0
0
0
0
0
0
0
0.0117647
0.811765
0.345098
0
0
0
0.262745
0.839216
0.0431373
0
0
0
0
0
0
0
0
0
0
0
0
0.0941176
0.760784
0.611765
0.247059
0.458824
0.843137
0.164706
0
0
0
0
0
0
0
0
0
0
0
0
0
0
0.0235294
0.396078
0.658824
0.556863
0.0666667
0
0
0
0
0
0
0
0
0
0
0
0
0
0
0
0
0
0
0
0
0
0
0
0
0
0
0
0
0
0
0
0
0
0
0
0
0
0
0
0
0
0
0
0
0
0
0
0
0
0
0
0
0
0
0
0
0
0
0
0
0
0
0
0
0
0
0
