0
0
0
0
0
0
0
0
0
0
0
0
0
0
0
0
0
0
0
0
0
0
0
0
0
0
0
0
0
0
0
0
0
0
0
0
0
0
0
0
0
0
0
0
0
0
0
0
0
0
0
0
0
0
0
0
0
0
0
0
0
0
0
0
0
0
0
0
0
0
0
0
0
0
0
0
0
0
0
0
0
0
0
0
0
0
0
0
0
0
0
0
0
0
0
0
0
0
0
0
0
0
0
0
0
0
0
0.0117647
0.639216
0.901961
0.686275
0.458824
0.172549
0
0
0
0
0
0
0
0
0
0
0
0
0
0
0.419608
0.635294
0.121569
0.27451
0.490196
0.839216
0.580392
0.0117647
0
0
0
0
0
0
0
0
0
0
0
0.00392157
0.831373
0.101961
0
0
0
0.0196078
0.647059
0.419608
0
0
0
0
0
0
0
0
0
0
0
0.243137
0.694118
0
0
0
0
0
0.129412
0.847059
0.0117647
0
0
0
0
0
0
0
0
0
0
0.435294
0.447059
0
0
0
0
0
0
0.819608
0.0784314
0
0
0
0
0
0
0
0
0
0
0.568627
0.262745
0
0
0
0
0
0
0.807843
0.0745098
0
0
0
0
0
0
0
0
0
0
0.533333
0.305882
0
0
0
0
0
0
0.780392
0.0392157
0
0
0
0
0
0
0
0
0
0
0.423529
0.462745
0
0
0
0
0
0.188235
0.823529
0
0
0
0
0
0
0
0
0
0
0
0.298039
0.658824
0
0
0
0
0.156863
0.866667
0.258824
0
0
0
0
0
0
0
0
0
0
0
0.0313726
0.819608
0.447059
0.0117647
0
0.196078
0.858824
0.192157
0
0
0
0
0
0
0
0
0
0
0
0
0
0.0745098
0.611765
0.905882
0.890196
0.796078
0.207843
0
0
0
0
0
0
0
0
0
0
0
0
0
0
0
0
0.0196078
0.0196078
0.00392157
0
0
0
0
0
0
0
0
0
0
0
0
0
0
0
0
0
0
0
0
0
0
0
0
0
0
0
0
0
0
0
0
0
0
0
0
0
0
0
0
0
0
0
0
0
0
0
0
0
0
0
0
0
0
0
0
0
0
0
0
0
0
0
0
0
0
0
0
