0
0
0
0
0
0
0
0
0
0
0
0
0
0
0
0
0
0
0
0
0
0
0
0
0
0
0
0
0
0
0
0
0
0
0
0
0
0
0
0
0
0
0
0
0
0
0
0
0
0
0
0
0
0
0
0
0
0
0
0
0
0
0
0
0
0
0
0
0
0
0
0
0
0
0
0
0
0
0
0
0
0
0
0
0
0
0
0
0
0
0
0
0
0
0
0
0
0
0
0
0
0
0
0
0
0
0
0
0.00392157
0.592157
0.854902
0.705882
0.431373
0.0352941
0
0
0
0
0
0
0
0
0
0
0
0
0
0.0117647
0.686275
0.662745
0.12549
0.258824
0.603922
0.788235
0.0784314
0
0
0
0
0
0
0
0
0
0
0
0
0.345098
0.662745
0.00784314
0
0
0
0.356863
0.768627
0.0235294
0
0
0
0
0
0
0
0
0
0
0
0.780392
0.207843
0
0
0
0
0
0.623529
0.4
0
0
0
0
0
0
0
0
0
0
0.192157
0.788235
0
0
0
0
0
0
0.278431
0.611765
0
0
0
0
0
0
0
0
0
0
0.407843
0.498039
0
0
0
0
0
0
0.219608
0.552941
0
0
0
0
0
0
0
0
0
0
0.411765
0.478431
0
0
0
0
0
0
0.278431
0.611765
0
0
0
0
0
0
0
0
0
0
0.423529
0.490196
0
0
0
0
0
0
0.458824
0.466667
0
0
0
0
0
0
0
0
0
0
0.270588
0.678431
0
0
0
0
0
0.0627451
0.866667
0.105882
0
0
0
0
0
0
0
0
0
0
0.0117647
0.827451
0.301961
0
0
0
0.105882
0.721569
0.294118
0
0
0
0
0
0
0
0
0
0
0
0
0.12549
0.858824
0.768627
0.678431
0.733333
0.854902
0.376471
0
0
0
0
0
0
0
0
0
0
0
0
0
0
0.027451
0.129412
0.0980392
0.0980392
0.00392157
0
0
0
0
0
0
0
0
0
0
0
0
0
0
0
0
0
0
0
0
0
0
0
0
0
0
0
0
0
0
0
0
0
0
0
0
0
0
0
0
0
0
0
0
0
0
0
0
0
0
0
0
0
0
0
0
0
0
0
0
0
0
0
0
0
0
0
