0
0
0
0
0
0
0
0
0
0
0
0
0
0
0
0
0
0
0
0
0
0
0
0
0
0
0
0
0
0
0
0
0
0
0
0
0
0
0
0
0
0
0
0
0
0
0
0
0
0
0
0
0
0
0
0
0
0
0
0
0
0
0
0
0
0
0
0
0
0
0
0
0
0
0
0
0
0
0
0
0
0
0
0
0
0
0
0
0
0
0
0
0
0
0
0
0
0
0
0
0
0
0
0
0
0
0
0
0
0
0
0
0
0
0
0
0
0
0
0
0
0
0
0
0
0
0
0
0
0
0
0
0
0
0
0
0
0
0
0
0
0
0
0
0
0
0
0
0
0
0
0
0
0
0
0
0
0
0
0
0
0
0
0
0
0
0
0
0
0
0
0
0
0
0
0
0
0
0
0
0
0
0
0
0
0
0
0.027451
0.0980392
0
0
0
0
0
0.164706
0.423529
0.121569
0
0
0
0
0
0
0
0
0
0.0705882
0.741176
0.690196
0.372549
0.858824
0.792157
0.121569
0.72549
0.635294
0.552941
0.823529
0.00392157
0
0
0
0
0
0
0
0.2
0.823529
0.372549
0.964706
0.737255
0.054902
0.407843
0.933333
0.529412
0
0
0.670588
0.392157
0
0
0
0
0
0
0.129412
0.866667
0.223529
0.027451
0.964706
0.0901961
0
0
0.580392
0.560784
0
0
0.180392
0.466667
0
0
0
0
0
0
0.0117647
0.109804
0
0.00784314
0.423529
0
0
0
0.0431373
0.321569
0
0
0
0
0
0
0
0
0
0
0
0
0
0
0
0
0
0
0
0
0
0
0
0
0
0
0
0
0
0
0
0
0
0
0
0
0
0
0
0
0
0
0
0
0
0
0
0
0
0
0
0
0
0
0
0
0
0
0
0
0
0
0
0
0
0
0
0
0
0
0
0
0
0
0
0
0
0
0
0
0
0
0
0
0
0
0
0
0
0
0
0
0
0
0
0
0
0
0
0
0
0
0
0
0
0
0
0
0
0
0
0
0
0
0
0
0
0
0
0
0
0
0
0
0
0
