0
0
0
0
0
0
0
0
0
0
0
0
0
0
0
0
0
0
0
0
0
0
0
0
0
0
0
0
0
0
0
0
0
0
0
0
0
0
0
0
0
0
0
0
0
0
0
0
0
0
0
0
0
0
0
0
0
0
0
0
0
0
0
0
0
0
0
0
0
0
0
0
0
0
0
0
0
0
0
0
0
0
0
0
0
0
0
0
0
0
0
0
0
0
0
0
0
0
0
0
0
0
0
0
0
0
0
0
0
0
0
0
0
0
0
0
0
0
0
0
0
0
0
0
0
0
0
0
0
0
0
0
0
0
0
0
0
0
0
0
0
0
0
0
0
0
0
0
0
0
0.101961
0.262745
0
0
0
0
0
0
0
0
0
0
0
0
0
0
0
0
0
0
0.321569
0.537255
0
0
0
0
0
0
0
0
0
0
0
0
0
0
0
0
0
0
0.345098
0.443137
0
0
0
0
0
0
0
0
0
0
0
0
0
0
0
0
0
0
0.313726
0.380392
0
0
0
0
0
0
0
0
0
0
0
0
0
0
0
0
0
0
0.4
0.466667
0
0
0
0
0
0
0
0
0
0
0
0
0
0
0
0
0
0
0.411765
0.478431
0
0
0
0
0
0
0
0
0
0
0
0
0
0
0
0
0
0
0.196078
0.235294
0
0
0
0
0
0
0
0
0
0
0
0
0
0
0
0
0
0
0
0
0
0
0
0
0
0
0
0
0
0
0
0
0
0
0
0
0
0
0.0627451
0.72549
0
0
0
0
0
0
0
0
0
0
0
0
0
0
0
0
0
0
0
0.0745098
0
0
0
0
0
0
0
0
0
0
0
0
0
0
0
0
0
0
0
0
0
0
0
0
0
0
0
0
0
0
0
0
0
0
0
0
0
0
0
0
0
0
0
0
0
0
0
0
0
0
0
0
0
0
0
0
0
0
0
0
0
0
0
0
0
0
0
0
