0
0
0
0
0
0
0
0
0
0
0
0
0
0
0
0
0
0
0
0
0
0
0
0
0
0
0
0
0
0
0
0
0
0
0
0
0
0
0
0
0
0
0
0
0
0
0
0
0
0
0
0
0
0
0
0
0
0
0
0
0
0
0
0
0
0
0
0
0
0
0
0
0
0
0
0
0
0
0
0
0
0
0
0
0
0
0
0
0
0
0
0
0
0
0
0
0
0
0
0
0
0
0
0
0
0
0
0
0
0
0
0
0
0
0
0
0
0
0
0
0
0
0
0
0
0
0
0
0
0
0
0
0
0
0
0
0
0
0
0
0
0
0
0
0
0
0
0
0
0
0
0
0
0
0
0
0
0
0
0
0
0
0
0
0
0
0
0
0
0
0.00392157
0.121569
0
0
0
0
0
0
0
0
0
0
0
0
0
0
0
0
0
0
0.207843
0.72549
0
0
0
0
0
0
0
0
0
0
0
0
0
0
0
0
0
0
0.501961
0.290196
0
0
0
0
0
0
0
0
0
0
0
0
0
0
0
0
0
0
0.823529
0.0392157
0
0
0
0
0
0
0
0
0
0
0
0
0
0
0
0
0
0
0.662745
0
0
0
0
0
0
0
0
0
0
0
0
0
0
0
0
0
0
0
0.839216
0
0
0
0
0
0
0
0
0
0
0
0
0
0
0
0
0
0
0
0.372549
0
0
0
0
0
0
0
0
0
0
0
0
0
0
0
0
0
0
0
0.654902
0
0
0
0
0
0
0
0
0
0
0
0
0
0
0
0
0
0
0
0
0
0
0
0
0
0
0
0
0
0
0
0
0
0
0
0
0
0
0
0
0
0
0
0
0
0
0
0
0
0
0
0
0
0
0
0
0
0
0
0
0
0
0
0
0
0
0
0
0
0
0
0
0
0
0
0
0
0
0
0
0
0
0
0
0
0
0
0
0
