0
0
0
0
0
0
0
0
0
0
0
0
0
0
0
0
0
0
0
0
0
0
0
0
0
0
0
0
0
0
0
0
0
0
0
0
0
0
0
0
0
0
0
0
0
0
0
0
0
0
0
0
0
0
0
0
0
0
0
0
0
0
0
0
0
0
0
0
0
0
0
0
0
0
0
0
0
0
0
0
0
0
0
0
0
0
0
0
0
0
0
0
0
0
0
0
0
0
0
0
0
0
0
0
0
0
0
0
0
0
0
0.435294
0.00392157
0
0
0
0
0
0
0
0
0
0
0
0
0
0
0
0
0
0.211765
0.776471
0
0
0
0
0
0
0
0
0
0
0
0
0
0
0
0
0
0
0.494118
0.427451
0
0
0
0
0
0
0
0
0
0
0
0
0
0
0
0
0
0
0.701961
0.180392
0
0
0
0
0
0
0
0
0
0
0
0
0
0
0
0
0
0
0.839216
0.027451
0
0
0
0
0
0
0
0
0
0
0
0
0
0
0
0
0
0
0.490196
0
0
0
0
0
0
0
0
0
0
0
0
0
0
0
0
0
0
0
0
0
0
0
0
0
0
0
0
0
0
0
0
0
0
0
0
0
0
0
0
0
0
0
0
0
0
0
0
0
0
0
0
0
0
0
0
0
0
0
0.180392
0
0.00392157
0
0
0
0
0
0
0
0
0
0
0
0
0
0
0
0
0.00784314
0.890196
0.431373
0.580392
0
0
0
0
0
0
0
0
0
0
0
0
0
0
0
0
0
0.160784
0.654902
0.0352941
0
0
0
0
0
0
0
0
0
0
0
0
0
0
0
0
0
0
0
0
0
0
0
0
0
0
0
0
0
0
0
0
0
0
0
0
0
0
0
0
0
0
0
0
0
0
0
0
0
0
0
0
0
0
0
0
0
0
0
0
0
0
0
0
0
0
0
0
0
0
0
0
0
0
0
0
0
0
0
0
0
0
0
0
0
0
0
