0
0
0
0
0
0
0
0
0
0
0
0
0
0
0
0
0
0
0
0
0
0
0
0
0
0
0
0
0
0
0
0
0
0
0
0
0
0
0
0
0
0
0
0
0
0
0
0
0
0
0
0
0
0
0
0
0
0
0
0
0
0
0
0
0
0
0
0
0
0
0
0
0
0
0
0
0
0
0
0
0
0
0
0
0
0
0
0
0
0
0
0
0
0
0
0
0
0
0
0
0
0
0
0
0
0
0
0
0
0
0
0
0
0
0
0
0
0
0
0
0
0
0
0
0
0
0
0
0
0
0
0
0
0
0
0
0
0
0
0
0
0
0
0
0
0
0
0
0
0
0
0
0
0
0
0
0
0
0
0
0
0
0
0
0
0
0
0
0
0.262745
0.8
0.811765
0.713726
0.231373
0
0
0
0
0
0
0
0
0
0
0
0
0
0
0
0.760784
0.32549
0.0980392
0.211765
0.133333
0
0
0
0
0
0
0
0
0
0
0
0
0
0
0
0.372549
0.835294
0.278431
0
0
0
0
0
0
0
0
0
0
0
0
0
0
0
0
0
0
0.176471
0.772549
0.505882
0
0
0
0
0
0
0
0
0
0
0
0
0
0
0
0
0
0
0.192157
0.87451
0
0
0
0
0
0
0
0
0
0
0
0
0
0
0
0.105882
0.360784
0.352941
0.858824
0.321569
0
0
0
0
0
0
0
0
0
0
0
0
0
0
0
0.192157
0.560784
0.572549
0.266667
0
0
0
0
0
0
0
0
0
0
0
0
0
0
0
0
0
0
0
0
0
0
0
0
0
0
0
0
0
0
0
0
0
0
0
0
0
0
0
0
0
0
0
0
0
0
0
0
0
0
0
0
0
0
0
0
0
0
0
0
0
0
0
0
0
0
0
0
0
0
0
0
0
0
0
0
0
0
0
0
0
0
0
0
0
0
0
0
0
0
0
0
0
0
0
0
0
0
0
0
0
0
0
0
0
0
0
0
