0
0
0
0
0
0
0
0
0
0
0
0
0
0
0
0
0
0
0
0
0
0
0
0
0
0
0
0
0
0
0
0
0
0
0
0
0
0
0
0
0
0
0
0
0
0
0
0
0
0
0
0
0
0
0
0
0
0
0
0
0
0
0
0
0
0
0
0
0
0
0
0
0
0
0
0
0
0
0
0
0
0
0
0
0
0
0
0
0
0
0
0
0
0
0
0
0
0
0
0
0
0
0
0
0
0
0
0
0
0
0
0
0
0
0
0
0
0
0
0
0
0
0
0
0
0
0
0
0
0
0
0
0
0
0
0
0
0
0
0
0
0
0
0
0
0
0
0
0
0
0
0.027451
0.647059
0.239216
0
0
0
0
0
0
0
0
0
0
0
0
0
0
0
0
0.137255
0.721569
0.635294
0.00392157
0
0
0
0
0
0
0
0
0
0
0
0
0
0
0.00392157
0.352941
0.823529
0.956863
0.196078
0
0
0
0
0
0
0
0
0
0
0
0
0
0
0.141176
0.705882
0.654902
0.0431373
0.333333
0.854902
0.643137
0
0
0
0
0
0
0
0
0
0
0
0
0.262745
0.866667
0.258824
0
0
0
0.188235
0.929412
0
0
0
0
0
0
0
0
0
0
0
0.129412
0.858824
0.164706
0
0
0
0.141176
0.894118
0.254902
0
0
0
0
0
0
0
0
0
0
0
0
0.0352941
0
0
0
0
0.0627451
0.176471
0
0
0
0
0
0
0
0
0
0
0
0
0
0
0
0
0
0
0
0
0
0
0
0
0
0
0
0
0
0
0
0
0
0
0
0
0
0
0
0
0
0
0
0
0
0
0
0
0
0
0
0
0
0
0
0
0
0
0
0
0
0
0
0
0
0
0
0
0
0
0
0
0
0
0
0
0
0
0
0
0
0
0
0
0
0
0
0
0
0
0
0
0
0
0
0
0
0
0
0
0
0
0
0
0
0
0
0
0
0
0
0
0
0
0
0
0
0
0
0
0
0
0
0
0
0
0
