0
0
0
0
0
0
0
0
0
0
0
0
0
0
0
0
0
0
0
0
0
0
0
0
0
0
0
0
0
0
0
0
0
0
0
0
0
0
0
0
0
0
0
0
0
0
0
0
0
0
0
0
0
0
0
0
0
0
0
0
0
0
0
0
0
0
0
0
0
0
0
0
0
0
0
0
0
0
0
0
0
0
0
0
0
0
0
0
0
0
0
0
0
0
0
0
0
0
0
0
0
0
0
0
0
0
0
0
0
0
0
0
0
0
0
0
0
0
0
0
0
0
0
0
0
0
0
0
0
0
0
0
0
0
0
0
0
0
0
0
0
0
0
0
0
0
0
0
0
0
0
0
0
0
0
0
0
0
0
0
0
0
0
0
0
0
0
0
0
0
0.254902
0.313726
0
0
0
0
0
0
0
0
0
0
0
0
0
0
0
0
0
0.27451
0.862745
0.878431
0.211765
0
0
0
0
0
0
0
0
0
0
0
0
0
0
0
0.301961
0.870588
0.176471
0.211765
0.878431
0.0235294
0
0
0
0
0
0
0
0
0
0
0
0
0
0.411765
0.803922
0.101961
0
0.0392157
0.898039
0.12549
0
0
0
0
0
0
0
0
0
0
0
0
0
0.243137
0.0666667
0
0
0.694118
0.509804
0
0
0
0
0
0
0
0
0
0
0
0
0
0
0
0
0
0
0.180392
0
0
0
0
0
0
0
0
0
0
0
0
0
0
0
0
0
0
0
0
0
0
0
0
0
0
0
0
0
0
0
0
0
0
0
0
0
0
0
0
0
0
0
0
0
0
0
0
0
0
0
0
0
0
0
0
0
0
0
0
0
0
0
0
0
0
0
0
0
0
0
0
0
0
0
0
0
0
0
0
0
0
0
0
0
0
0
0
0
0
0
0
0
0
0
0
0
0
0
0
0
0
0
0
0
0
0
0
0
0
0
0
0
0
0
0
0
0
0
0
0
0
0
0
0
0
0
0
