0
0
0
0
0
0
0
0
0
0
0
0
0
0
0
0
0
0
0
0
0
0
0
0
0
0
0
0
0
0
0
0
0
0
0
0
0
0
0
0
0
0
0
0
0
0
0
0
0
0
0
0
0
0
0
0
0
0
0
0
0
0
0
0
0
0
0
0
0
0
0
0
0
0
0
0
0
0
0
0
0
0
0
0
0
0
0
0
0
0
0
0
0
0
0
0
0
0
0
0
0
0
0
0
0
0
0
0
0
0
0
0
0
0
0
0
0
0
0
0
0
0
0
0
0
0
0
0
0
0
0
0
0
0
0
0
0
0
0
0
0
0
0
0
0
0
0
0
0
0
0
0.0235294
0.0666667
0
0
0
0
0
0
0
0
0
0
0
0
0
0
0
0
0
0.0745098
0.658824
0.658824
0
0
0
0
0
0
0
0
0
0
0
0
0
0
0
0.00784314
0.298039
0.819608
0.372549
0.886275
0.0392157
0
0
0
0
0
0
0
0
0
0
0
0
0
0.27451
0.788235
0.627451
0.137255
0
0.47451
0.592157
0
0
0
0
0
0
0
0
0
0
0
0
0.180392
0.776471
0.133333
0
0
0
0.00392157
0.8
0.176471
0
0
0
0
0
0
0
0
0
0
0
0
0
0
0
0
0.0235294
0.407843
0.839216
0.321569
0
0
0
0
0
0
0
0
0
0
0
0
0
0
0
0
0.623529
0.611765
0.180392
0
0
0
0
0
0
0
0
0
0
0
0
0
0
0
0
0
0
0
0
0
0
0
0
0
0
0
0
0
0
0
0
0
0
0
0
0
0
0
0
0
0
0
0
0
0
0
0
0
0
0
0
0
0
0
0
0
0
0
0
0
0
0
0
0
0
0
0
0
0
0
0
0
0
0
0
0
0
0
0
0
0
0
0
0
0
0
0
0
0
0
0
0
0
0
0
0
0
0
0
0
0
0
0
0
0
0
0
0
0
0
0
0
0
0
0
0
0
0
0
0
0
0
0
0
0
