0
0
0
0
0
0
0
0
0
0
0
0
0
0
0
0
0
0
0
0
0
0
0
0
0
0
0
0
0
0
0
0
0
0
0
0
0
0
0
0
0
0
0
0
0
0
0
0
0
0
0
0
0
0
0
0
0
0
0
0
0
0
0
0
0
0
0
0
0
0
0
0
0
0
0
0
0
0
0
0
0
0
0
0
0
0
0
0
0
0
0
0
0
0
0
0
0
0
0
0
0
0
0
0
0
0
0
0
0
0
0
0
0
0
0
0
0
0
0
0
0
0
0
0
0
0
0
0
0
0
0
0
0
0
0
0
0
0
0
0
0
0
0
0
0
0
0
0
0
0
0
0
0
0
0
0
0
0
0
0
0
0
0
0
0
0
0
0
0
0
0.0588235
0.831373
0.427451
0
0
0
0
0
0
0
0
0
0
0
0
0
0
0
0
0.0941176
0.760784
0.411765
0.870588
0.0901961
0
0
0
0
0
0
0
0
0
0
0
0
0
0
0.113725
0.827451
0.301961
0
0.552941
0.254902
0
0
0
0
0
0
0
0
0
0
0
0
0
0.027451
0.764706
0.313726
0
0.054902
0.698039
0.364706
0
0
0
0
0
0
0
0
0
0
0
0
0
0.203922
0.627451
0
0.458824
0.878431
0.564706
0.0862745
0
0
0
0
0
0
0
0
0
0
0
0
0
0
0
0
0.113725
0.0470588
0
0
0
0
0
0
0
0
0
0
0
0
0
0
0
0
0
0
0
0
0
0
0
0
0
0
0
0
0
0
0
0
0
0
0
0
0
0
0
0
0
0
0
0
0
0
0
0
0
0
0
0
0
0
0
0
0
0
0
0
0
0
0
0
0
0
0
0
0
0
0
0
0
0
0
0
0
0
0
0
0
0
0
0
0
0
0
0
0
0
0
0
0
0
0
0
0
0
0
0
0
0
0
0
0
0
0
0
0
0
0
0
0
0
0
0
0
0
0
0
0
0
0
0
0
0
0
0
