0
0
0
0
0
0
0
0
0
0
0
0
0
0
0
0
0
0
0
0
0
0
0
0
0
0
0
0
0
0
0
0
0
0
0
0
0
0
0
0
0
0
0
0
0
0
0
0
0
0
0
0
0
0
0
0
0
0
0
0
0
0
0
0
0
0
0
0
0
0
0
0
0
0
0
0
0
0
0
0
0
0
0
0
0
0
0
0
0
0
0
0
0
0
0
0
0
0
0
0
0
0
0
0
0
0
0
0
0
0
0
0
0
0
0
0
0
0
0
0
0
0
0
0
0
0
0
0
0
0
0
0
0
0
0
0
0
0
0
0
0
0
0
0
0
0
0
0
0
0
0
0
0
0
0
0
0
0
0
0
0
0
0
0
0
0
0
0
0
0
0.0235294
0.588235
0.603922
0
0
0
0
0
0
0
0
0
0
0
0
0
0
0
0
0.0745098
0.737255
0.972549
0.156863
0
0
0
0
0
0
0
0
0
0
0
0
0
0
0
0.133333
0.847059
0.6
0.854902
0.254902
0.0627451
0
0
0
0
0
0
0
0
0
0
0
0
0
0.164706
0.823529
0.207843
0.00392157
0.352941
0.862745
0.862745
0
0
0
0
0
0
0
0
0
0
0
0
0
0.223529
0.309804
0
0.341176
0.905882
0.764706
0.266667
0
0
0
0
0
0
0
0
0
0
0
0
0
0
0
0
0.0235294
0.027451
0
0
0
0
0
0
0
0
0
0
0
0
0
0
0
0
0
0
0
0
0
0
0
0
0
0
0
0
0
0
0
0
0
0
0
0
0
0
0
0
0
0
0
0
0
0
0
0
0
0
0
0
0
0
0
0
0
0
0
0
0
0
0
0
0
0
0
0
0
0
0
0
0
0
0
0
0
0
0
0
0
0
0
0
0
0
0
0
0
0
0
0
0
0
0
0
0
0
0
0
0
0
0
0
0
0
0
0
0
0
0
0
0
0
0
0
0
0
0
0
0
0
0
0
0
0
0
0
