0
0
0
0
0
0
0
0
0
0
0
0
0
0
0
0
0
0
0
0
0
0
0
0
0
0
0
0
0
0
0
0
0
0
0
0
0
0
0
0
0
0
0
0
0
0
0
0
0
0
0
0
0
0
0
0
0
0
0
0
0
0
0
0
0
0
0
0
0
0
0
0
0
0
0
0
0
0
0
0
0
0
0
0
0
0
0
0
0
0
0
0
0
0
0
0
0
0
0
0
0
0
0
0
0
0
0
0
0
0
0
0
0
0
0
0
0
0
0
0
0
0
0
0
0
0
0
0
0
0
0
0.00392157
0.0862745
0.00392157
0
0
0
0
0
0
0
0
0
0
0
0
0
0
0
0
0.0431373
0.694118
0.847059
0.176471
0
0
0
0
0
0
0
0
0
0
0
0
0
0
0
0.0784314
0.741176
0.466667
0
0
0
0
0
0
0
0
0
0
0
0
0
0
0
0
0.0352941
0.768627
0.266667
0
0
0
0
0
0
0
0
0
0
0
0
0
0
0
0
0
0.423529
0.572549
0
0
0
0
0
0
0
0
0
0
0
0
0
0
0
0
0
0
0.552941
0.713726
0.52549
0.309804
0
0
0
0
0
0
0
0
0
0
0
0
0
0
0
0
0.552941
0.588235
0.376471
0.756863
0.4
0
0
0
0
0
0
0
0
0
0
0
0
0
0
0
0.47451
0.470588
0
0.313726
0.603922
0
0
0
0
0
0
0
0
0
0
0
0
0
0
0
0.133333
0.886275
0.372549
0.580392
0.427451
0
0
0
0
0
0
0
0
0
0
0
0
0
0
0
0
0.196078
0.654902
0.768627
0.054902
0
0
0
0
0
0
0
0
0
0
0
0
0
0
0
0
0
0
0
0
0
0
0
0
0
0
0
0
0
0
0
0
0
0
0
0
0
0
0
0
0
0
0
0
0
0
0
0
0
0
0
0
0
0
0
0
0
0
0
0
0
0
0
0
0
0
0
0
0
0
0
0
0
0
0
0
0
0
0
0
0
0
0
0
0
0
0
