0
0
0
0
0
0
0
0
0
0
0
0
0
0
0
0
0
0
0
0
0
0
0
0
0
0
0
0
0
0
0
0
0
0
0
0
0
0
0
0
0
0
0
0
0
0
0
0
0
0
0
0
0
0
0
0
0
0
0
0
0
0
0
0
0
0
0
0
0
0
0
0
0
0
0
0
0
0
0
0
0
0
0
0
0
0
0
0
0
0
0
0.364706
0.0705882
0
0
0
0
0
0
0
0
0
0
0
0
0
0
0
0
0
0.180392
0.741176
0.054902
0
0
0
0
0
0
0
0
0
0
0
0
0
0
0
0
0.0352941
0.627451
0.0313726
0
0
0
0
0
0
0
0
0
0
0
0
0
0
0
0
0.027451
0.607843
0
0
0
0
0
0
0
0
0
0
0
0
0
0
0
0
0
0
0.403922
0.568627
0
0
0
0
0
0
0
0
0
0
0
0
0
0
0
0
0
0
0.792157
0.121569
0
0
0
0
0
0
0
0
0
0
0
0
0
0
0
0
0
0
0.87451
0.423529
0.52549
0.505882
0.133333
0
0
0
0
0
0
0
0
0
0
0
0
0
0
0
0.823529
0.258824
0.32549
0.411765
0.835294
0.254902
0
0
0
0
0
0
0
0
0
0
0
0
0
0
0.662745
0
0
0
0.227451
0.737255
0
0
0
0
0
0
0
0
0
0
0
0
0
0
0.792157
0.12549
0
0
0.0117647
0.898039
0
0
0
0
0
0
0
0
0
0
0
0
0
0
0.392157
0.662745
0.0313726
0.0235294
0.568627
0.592157
0
0
0
0
0
0
0
0
0
0
0
0
0
0
0.00392157
0.505882
0.823529
0.823529
0.588235
0.027451
0
0
0
0
0
0
0
0
0
0
0
0
0
0
0
0
0
0
0
0
0
0
0
0
0
0
0
0
0
0
0
0
0
0
0
0
0
0
0
0
0
0
0
0
0
0
0
0
0
0
0
0
0
0
0
0
0
0
0
0
0
0
0
0
0
0
0
0
0
0
0
0
0
0
0
0
0
0
0
0
0
0
0
0
0
0
