0
0
0
0
0
0
0
0
0
0
0
0
0
0
0
0
0
0
0
0
0
0
0
0
0
0
0
0
0
0
0
0
0
0
0
0
0
0
0
0
0
0
0
0
0
0
0
0
0
0
0
0
0
0
0
0
0
0
0
0
0
0
0
0
0
0
0
0
0
0
0
0
0
0
0
0
0
0
0
0
0
0
0
0
0
0
0
0
0
0
0
0
0
0
0
0
0
0
0
0
0
0
0
0
0
0
0
0
0
0
0
0.345098
0.588235
0.627451
0.803922
0.364706
0
0
0
0
0
0
0
0
0
0
0
0
0
0
0.47451
0.701961
0.137255
0
0
0
0
0
0
0
0
0
0
0
0
0
0
0
0
0.345098
0.741176
0.0235294
0
0
0
0
0
0
0
0
0
0
0
0
0
0
0
0
0.054902
0.870588
0.0470588
0
0
0
0
0
0
0
0
0
0
0
0
0
0
0
0
0
0.294118
0.6
0
0
0
0
0
0
0
0
0
0
0
0
0
0
0
0
0
0
0.447059
0.427451
0.0117647
0.0313726
0.00392157
0
0
0
0
0
0
0
0
0
0
0
0
0
0
0
0.603922
0.270588
0.6
0.905882
0.729412
0.00784314
0
0
0
0
0
0
0
0
0
0
0
0
0
0
0.607843
0.27451
0
0
0.686275
0.309804
0
0
0
0
0
0
0
0
0
0
0
0
0
0
0.560784
0.345098
0
0
0.411765
0.478431
0
0
0
0
0
0
0
0
0
0
0
0
0
0
0.188235
0.862745
0.266667
0.137255
0.658824
0.352941
0
0
0
0
0
0
0
0
0
0
0
0
0
0
0
0.203922
0.654902
0.737255
0.596078
0.00784314
0
0
0
0
0
0
0
0
0
0
0
0
0
0
0
0
0
0
0
0
0
0
0
0
0
0
0
0
0
0
0
0
0
0
0
0
0
0
0
0
0
0
0
0
0
0
0
0
0
0
0
0
0
0
0
0
0
0
0
0
0
0
0
0
0
0
0
0
0
0
0
0
0
0
0
0
0
0
0
0
0
0
0
0
0
0
