0
0
0
0
0
0
0
0
0
0
0
0
0
0
0
0
0
0
0
0
0
0
0
0
0
0
0
0
0
0
0
0
0
0
0
0
0
0
0
0
0
0
0
0
0
0
0
0
0
0
0
0
0
0
0
0
0
0
0
0
0
0
0
0
0
0
0
0
0
0
0
0
0
0
0
0
0
0
0
0
0
0
0
0
0
0
0
0
0
0
0
0.027451
0.439216
0.521569
0.0235294
0
0
0
0
0
0
0
0
0
0
0
0
0
0
0
0.192157
0.843137
0.533333
0.372549
0.0117647
0
0
0
0
0
0
0
0
0
0
0
0
0
0
0.101961
0.564706
0.168627
0
0
0
0
0
0
0
0
0
0
0
0
0
0
0
0
0
0.662745
0.337255
0
0
0
0
0
0
0
0
0
0
0
0
0
0
0
0
0
0.0431373
0.498039
0.00392157
0
0
0
0
0
0
0
0
0
0
0
0
0
0
0
0
0
0.27451
0.619608
0
0
0
0
0
0
0
0
0
0
0
0
0
0
0
0
0
0
0.219608
0.321569
0.0470588
0.0666667
0.00392157
0
0
0
0
0
0
0
0
0
0
0
0
0
0
0
0.411765
0.87451
0.886275
0.827451
0.847059
0.301961
0
0
0
0
0
0
0
0
0
0
0
0
0
0
0.337255
0.654902
0.054902
0
0.12549
0.768627
0.0627451
0
0
0
0
0
0
0
0
0
0
0
0
0
0.247059
0.686275
0
0
0
0.454902
0.388235
0
0
0
0
0
0
0
0
0
0
0
0
0
0.00392157
0.658824
0.219608
0
0
0.537255
0.419608
0
0
0
0
0
0
0
0
0
0
0
0
0
0
0.172549
0.764706
0.529412
0.576471
0.772549
0.0705882
0
0
0
0
0
0
0
0
0
0
0
0
0
0
0
0.0431373
0.329412
0.411765
0.0588235
0
0
0
0
0
0
0
0
0
0
0
0
0
0
0
0
0
0
0
0
0
0
0
0
0
0
0
0
0
0
0
0
0
0
0
0
0
0
0
0
0
0
0
0
0
0
0
0
0
0
0
0
0
0
0
0
0
0
0
0
0
0
0
0
0
0
