0
0
0
0
0
0
0
0
0
0
0
0
0
0
0
0
0
0
0
0
0
0
0
0
0
0
0
0
0
0
0
0
0
0
0
0
0
0
0
0
0
0
0
0
0
0
0
0
0
0
0
0
0
0
0
0
0
0
0
0
0
0
0
0
0
0
0
0
0
0
0
0
0
0
0
0
0
0
0
0
0
0
0
0
0
0
0
0
0
0
0
0
0.0117647
0.203922
0.207843
0.0235294
0
0
0
0
0
0
0
0
0
0
0
0
0
0
0
0.298039
0.8
0.670588
0.701961
0.219608
0
0
0
0
0
0
0
0
0
0
0
0
0
0
0.501961
0.72549
0.109804
0
0
0
0
0
0
0
0
0
0
0
0
0
0
0
0.00392157
0.662745
0.564706
0.0235294
0
0
0
0
0
0
0
0
0
0
0
0
0
0
0
0
0.470588
0.556863
0
0
0
0
0
0
0
0
0
0
0
0
0
0
0
0
0
0.027451
0.847059
0.0627451
0
0
0
0
0
0
0
0
0
0
0
0
0
0
0
0
0
0.254902
0.639216
0
0
0
0
0
0
0
0
0
0
0
0
0
0
0
0
0
0
0.247059
0.596078
0.286275
0.352941
0.203922
0
0
0
0
0
0
0
0
0
0
0
0
0
0
0
0.258824
0.701961
0.627451
0.552941
0.792157
0.411765
0
0
0
0
0
0
0
0
0
0
0
0
0
0
0.266667
0.6
0
0
0.0470588
0.847059
0.0745098
0
0
0
0
0
0
0
0
0
0
0
0
0
0.203922
0.498039
0
0
0
0.643137
0.247059
0
0
0
0
0
0
0
0
0
0
0
0
0
0.00392157
0.733333
0.0392157
0
0
0.741176
0.192157
0
0
0
0
0
0
0
0
0
0
0
0
0
0
0.360784
0.796078
0.435294
0.568627
0.811765
0.00392157
0
0
0
0
0
0
0
0
0
0
0
0
0
0
0
0.262745
0.368627
0.388235
0.0588235
0
0
0
0
0
0
0
0
0
0
0
0
0
0
0
0
0
0
0
0
0
0
0
0
0
0
0
0
0
0
0
0
0
0
0
0
0
0
0
0
0
0
0
0
0
0
0
