0
0
0
0
0
0
0
0
0
0
0
0
0
0
0
0
0
0
0
0
0
0
0
0
0
0
0
0
0
0
0
0
0
0
0
0
0
0
0
0
0
0
0
0
0
0
0
0
0
0
0
0
0
0
0
0
0
0
0
0
0
0
0
0
0
0
0
0
0
0
0
0
0
0
0
0
0
0
0
0
0
0
0
0
0
0
0
0
0
0
0
0
0
0.0705882
0.568627
0.423529
0
0
0
0
0
0
0
0
0
0
0
0
0
0
0
0.0117647
0.368627
0.556863
0.431373
0.0666667
0
0
0
0
0
0
0
0
0
0
0
0
0
0
0.101961
0.729412
0.545098
0.101961
0
0
0
0
0
0
0
0
0
0
0
0
0
0
0
0.2
0.831373
0.243137
0
0
0
0
0
0
0
0
0
0
0
0
0
0
0
0
0.0941176
0.756863
0.0862745
0
0
0
0
0
0
0
0
0
0
0
0
0
0
0
0
0
0.541176
0.411765
0
0
0
0
0
0
0
0
0
0
0
0
0
0
0
0
0
0
0.843137
0.0392157
0
0
0
0
0
0
0
0
0
0
0
0
0
0
0
0
0
0.188235
0.733333
0.121569
0.607843
0.529412
0.121569
0
0
0
0
0
0
0
0
0
0
0
0
0
0
0.564706
0.341176
0.0627451
0.333333
0.466667
0.776471
0
0
0
0
0
0
0
0
0
0
0
0
0
0
0.776471
0.105882
0
0
0.0117647
0.878431
0
0
0
0
0
0
0
0
0
0
0
0
0
0
0.807843
0.0745098
0
0
0.0784314
0.831373
0
0
0
0
0
0
0
0
0
0
0
0
0
0
0.796078
0.0941176
0
0.00392157
0.552941
0.560784
0
0
0
0
0
0
0
0
0
0
0
0
0
0
0.572549
0.603922
0.364706
0.745098
0.611765
0
0
0
0
0
0
0
0
0
0
0
0
0
0
0
0.027451
0.454902
0.552941
0.262745
0
0
0
0
0
0
0
0
0
0
0
0
0
0
0
0
0
0
0
0
0
0
0
0
0
0
0
0
0
0
0
0
0
0
0
0
0
0
0
0
0
0
0
0
0
0
0
0
0
