0
0
0
0
0
0
0
0
0
0
0
0
0
0
0
0
0
0
0
0
0
0
0
0
0
0
0
0
0
0
0
0
0
0
0
0
0
0
0
0
0
0
0
0
0
0
0
0
0
0
0
0
0
0
0
0
0
0
0
0
0
0
0
0
0
0
0
0
0
0
0
0
0
0
0
0
0
0
0
0
0
0
0
0
0
0
0
0
0
0
0
0
0
0
0
0
0
0
0
0
0
0
0
0
0
0
0
0
0
0
0.0117647
0.239216
0.639216
0.266667
0
0
0
0
0
0
0
0
0
0
0
0
0
0
0
0.0117647
0.666667
0.67451
0.258824
0.0313726
0
0
0
0
0
0
0
0
0
0
0
0
0
0
0
0.368627
0.545098
0
0
0
0
0
0
0
0
0
0
0
0
0
0
0
0
0
0.0627451
0.596078
0
0
0
0
0
0
0
0
0
0
0
0
0
0
0
0
0
0
0.529412
0.360784
0
0
0
0
0
0
0
0
0
0
0
0
0
0
0
0
0
0
0.603922
0.278431
0
0
0
0
0
0
0
0
0
0
0
0
0
0
0
0
0
0
0.27451
0.0901961
0.0431373
0.266667
0.0784314
0
0
0
0
0
0
0
0
0
0
0
0
0
0
0
0.611765
0.341176
0.839216
0.713726
0.807843
0
0
0
0
0
0
0
0
0
0
0
0
0
0
0
0.552941
0.662745
0.505882
0
0.843137
0.0117647
0
0
0
0
0
0
0
0
0
0
0
0
0
0
0.537255
0.843137
0.721569
0.0901961
0.847059
0
0
0
0
0
0
0
0
0
0
0
0
0
0
0
0.0784314
0.760784
0.964706
0.890196
0.352941
0
0
0
0
0
0
0
0
0
0
0
0
0
0
0
0
0
0.0588235
0.0431373
0
0
0
0
0
0
0
0
0
0
0
0
0
0
0
0
0
0
0
0
0
0
0
0
0
0
0
0
0
0
0
0
0
0
0
0
0
0
0
0
0
0
0
0
0
0
0
0
0
0
0
0
0
0
0
0
0
0
0
0
0
0
0
0
0
0
0
0
