0
0
0
0
0
0
0
0
0
0
0
0
0
0
0
0
0
0
0
0
0
0
0
0
0
0
0
0
0
0
0
0
0
0
0
0
0
0
0
0
0
0
0
0
0
0
0
0
0
0
0
0
0
0
0
0
0
0
0
0
0
0
0
0
0
0
0
0
0
0
0
0
0.105882
0.356863
0.0627451
0
0
0
0
0
0
0
0
0
0
0
0
0
0
0
0
0.196078
0.847059
0.564706
0.121569
0
0
0
0
0
0
0
0
0
0
0
0
0
0
0
0.270588
0.772549
0.168627
0
0
0
0
0
0
0
0
0
0
0
0
0
0
0
0
0.0941176
0.658824
0.0431373
0
0
0
0
0
0
0
0
0
0
0
0
0
0
0
0
0
0.603922
0.341176
0
0
0
0
0
0
0
0
0
0
0
0
0
0
0
0
0
0.00784314
0.823529
0.0235294
0
0
0
0
0
0
0
0
0
0
0
0
0
0
0
0
0
0.172549
0.709804
0
0
0
0
0
0
0
0
0
0
0
0
0
0
0
0
0
0
0.235294
0.87451
0.294118
0
0
0
0
0
0
0
0
0
0
0
0
0
0
0
0
0
0.203922
0.713726
0.858824
0.819608
0.776471
0.305882
0
0
0
0
0
0
0
0
0
0
0
0
0
0
0.152941
0.643137
0.2
0.0862745
0.176471
0.780392
0.172549
0
0
0
0
0
0
0
0
0
0
0
0
0
0.156863
0.72549
0
0
0
0.505882
0.407843
0
0
0
0
0
0
0
0
0
0
0
0
0
0.0313726
0.894118
0.105882
0
0.141176
0.858824
0.109804
0
0
0
0
0
0
0
0
0
0
0
0
0
0
0.329412
0.87451
0.831373
0.760784
0.262745
0
0
0
0
0
0
0
0
0
0
0
0
0
0
0
0
0.054902
0.0705882
0
0
0
0
0
0
0
0
0
0
0
0
0
0
0
0
0
0
0
0
0
0
0
0
0
0
0
0
0
0
0
0
0
0
0
0
0
0
0
0
0
0
0
0
0
0
0
0
0
0
0
0
0
0
0
0
0
0
0
0
0
0
0
0
0
0
0
0
