0
0
0
0
0
0
0
0
0
0
0
0
0
0
0
0
0
0
0
0
0
0
0
0
0
0
0
0
0
0
0
0
0
0
0
0
0
0
0
0
0
0
0
0
0
0
0
0
0
0
0
0
0
0
0
0
0
0
0
0
0
0
0
0
0
0
0
0
0
0
0
0
0.0196078
0
0
0
0
0
0
0
0
0
0
0
0
0
0
0
0
0
0.0117647
0.643137
0.952941
0.290196
0
0
0
0
0
0
0
0
0
0
0
0
0
0
0
0
0.52549
0.564706
0.109804
0.898039
0
0
0
0
0
0
0
0
0
0
0
0
0
0
0
0.356863
0.760784
0.0313726
0
0.670588
0
0
0
0
0
0
0
0
0
0
0
0
0
0
0
0.545098
0.345098
0
0
0
0
0
0
0
0
0
0
0
0
0
0
0
0
0
0
0.509804
0.376471
0
0
0
0
0
0
0
0
0
0
0
0
0
0
0
0
0
0
0.192157
0.847059
0.0901961
0
0
0
0
0
0
0
0
0
0
0
0
0
0
0
0
0
0
0.286275
0.807843
0.0666667
0
0
0
0
0
0
0
0
0
0
0
0
0
0
0
0
0
0
0.423529
0.6
0
0
0
0
0
0
0
0
0
0
0
0
0
0
0
0.333333
0.0705882
0
0.054902
0.854902
0
0
0
0
0
0
0
0
0
0
0
0
0
0
0.0196078
0.92549
0.0784314
0
0.00784314
0.847059
0
0
0
0
0
0
0
0
0
0
0
0
0
0
0
0.905882
0.00392157
0
0.290196
0.796078
0
0
0
0
0
0
0
0
0
0
0
0
0
0
0
0.835294
0.698039
0.8
0.709804
0.129412
0
0
0
0
0
0
0
0
0
0
0
0
0
0
0
0.109804
0.219608
0.12549
0
0
0
0
0
0
0
0
0
0
0
0
0
0
0
0
0
0
0
0
0
0
0
0
0
0
0
0
0
0
0
0
0
0
0
0
0
0
0
0
0
0
0
0
0
0
0
0
0
0
0
0
0
0
0
0
0
0
0
0
0
0
0
0
0
0
0
0
0
