0
0
0
0
0
0
0
0
0
0
0
0
0
0
0
0
0
0
0
0
0
0
0
0
0
0
0
0
0
0
0
0
0
0
0
0
0
0
0
0
0
0
0
0
0
0
0
0
0
0
0
0
0
0
0
0
0
0
0
0
0
0
0
0
0
0
0
0
0
0
0
0
0
0
0
0
0
0
0
0
0
0
0
0
0
0
0
0
0
0
0
0
0
0
0
0
0
0
0
0
0
0
0
0
0
0
0
0
0
0
0.145098
0.498039
0.658824
0.207843
0
0
0
0
0
0
0
0
0
0
0
0
0
0
0
0.258824
0.854902
0.443137
0.356863
0.572549
0
0
0
0
0
0
0
0
0
0
0
0
0
0
0
0.819608
0.196078
0
0
0
0
0
0
0
0
0
0
0
0
0
0
0
0
0
0
0.866667
0.207843
0
0
0
0
0
0
0
0
0
0
0
0
0
0
0
0
0
0
0.188235
0.619608
0.196078
0
0
0
0
0
0
0
0
0
0
0
0
0
0
0
0
0
0
0.133333
0.839216
0.278431
0
0
0
0
0
0
0
0
0
0
0
0
0
0
0
0
0
0
0.439216
0.462745
0
0
0
0
0
0
0
0
0
0
0
0
0
0
0.0117647
0.470588
0.00392157
0
0.27451
0.6
0
0
0
0
0
0
0
0
0
0
0
0
0
0
0.0941176
0.858824
0
0
0.219608
0.666667
0
0
0
0
0
0
0
0
0
0
0
0
0
0
0.0666667
0.819608
0
0.0235294
0.713726
0.431373
0
0
0
0
0
0
0
0
0
0
0
0
0
0
0
0.870588
0.341176
0.756863
0.521569
0.00392157
0
0
0
0
0
0
0
0
0
0
0
0
0
0
0
0.262745
0.686275
0.301961
0
0
0
0
0
0
0
0
0
0
0
0
0
0
0
0
0
0
0
0
0
0
0
0
0
0
0
0
0
0
0
0
0
0
0
0
0
0
0
0
0
0
0
0
0
0
0
0
0
0
0
0
0
0
0
0
0
0
0
0
0
0
0
0
0
0
0
0
0
