0
0
0
0
0
0
0
0
0
0
0
0
0
0
0
0
0
0
0
0
0
0
0
0
0
0
0
0
0
0
0
0
0
0
0
0
0
0
0
0
0
0
0
0
0
0
0
0
0
0
0
0
0
0
0
0
0
0
0
0
0
0
0
0
0
0
0
0
0
0
0
0
0
0
0
0
0
0
0
0
0
0
0
0
0
0
0
0
0
0
0
0
0
0
0
0
0
0
0
0
0
0
0
0
0
0
0
0
0
0
0
0
0
0
0
0
0
0
0
0
0
0
0
0
0
0
0
0
0
0
0
0
0
0
0
0
0
0
0
0
0
0
0
0
0
0
0
0
0.0784314
0.337255
0.545098
0.690196
0.788235
0.858824
0.776471
0
0
0
0
0
0
0
0
0
0
0
0
0.203922
0.909804
0.529412
0.27451
0.168627
0.027451
0.00784314
0.0196078
0
0
0
0
0
0
0
0
0
0
0
0
0.0431373
0.705882
0.607843
0.0235294
0
0
0
0
0
0
0
0
0
0
0
0
0
0
0
0
0
0.00392157
0.521569
0.741176
0.0313726
0
0
0
0
0
0
0
0
0
0
0
0
0
0
0
0
0
0
0.407843
0.858824
0.278431
0
0
0
0
0
0
0
0
0
0
0
0
0
0
0
0
0
0
0.109804
0.831373
0.270588
0
0
0
0
0
0
0
0
0
0
0
0
0
0
0
0
0
0
0.423529
0.486275
0
0
0
0
0
0
0
0
0
0
0
0
0
0
0
0
0.0627451
0.309804
0.831373
0.141176
0
0
0
0
0
0
0
0
0
0
0
0
0
0
0
0.0745098
0.909804
0.6
0.168627
0
0
0
0
0
0
0
0
0
0
0
0
0
0
0
0
0
0.00784314
0
0
0
0
0
0
0
0
0
0
0
0
0
0
0
0
0
0
0
0
0
0
0
0
0
0
0
0
0
0
0
0
0
0
0
0
0
0
0
0
0
0
0
0
0
0
0
0
0
0
0
0
0
0
0
0
0
0
0
0
0
0
0
0
0
0
0
0
0
