0
0
0
0
0
0
0
0
0
0
0
0
0
0
0
0
0
0
0
0
0
0
0
0
0
0
0
0
0
0
0
0
0
0
0
0
0
0
0
0
0
0
0
0
0
0
0
0
0
0
0
0
0
0
0
0
0
0
0
0
0
0
0
0
0
0
0
0
0
0
0
0
0
0
0
0
0
0
0
0
0
0
0
0
0
0
0
0
0
0
0
0
0
0
0
0
0
0
0
0
0
0
0
0
0
0
0
0
0
0
0
0
0
0
0
0
0
0
0
0
0
0
0
0
0
0
0
0
0
0
0
0
0
0
0
0
0
0
0
0
0
0
0
0
0
0
0
0
0
0
0.0235294
0.145098
0.133333
0.12549
0
0
0
0
0
0
0
0
0
0
0
0
0
0
0
0.27451
0.854902
0.764706
0.733333
0.768627
0.0745098
0
0
0
0
0
0
0
0
0
0
0
0
0
0
0.87451
0.145098
0
0
0
0
0
0
0
0
0
0
0
0
0
0
0
0
0
0
0.862745
0.188235
0
0
0
0
0
0
0
0
0
0
0
0
0
0
0
0
0
0
0.223529
0.835294
0.0627451
0
0
0
0
0
0
0
0
0
0
0
0
0
0
0
0
0
0
0.462745
0.619608
0
0
0
0
0
0
0
0
0
0
0
0
0
0
0
0
0.101961
0.290196
0.333333
0.929412
0.129412
0
0
0
0
0
0
0
0
0
0
0
0
0
0
0.00392157
0.827451
0.623529
0.592157
0.454902
0.00784314
0
0
0
0
0
0
0
0
0
0
0
0
0
0
0
0.0352941
0
0
0
0
0
0
0
0
0
0
0
0
0
0
0
0
0
0
0
0
0
0
0
0
0
0
0
0
0
0
0
0
0
0
0
0
0
0
0
0
0
0
0
0
0
0
0
0
0
0
0
0
0
0
0
0
0
0
0
0
0
0
0
0
0
0
0
0
0
0
0
0
0
0
0
0
0
0
0
0
0
0
0
0
0
0
0
0
0
0
0
