0
0
0
0
0
0
0
0
0
0
0
0
0
0
0
0
0
0
0
0
0
0
0
0
0
0
0
0
0
0
0
0
0
0
0
0
0
0
0
0
0
0
0
0
0
0
0
0
0
0
0
0
0
0
0
0
0
0
0
0
0
0
0
0
0
0
0
0
0
0
0
0
0
0
0
0
0
0
0
0
0
0
0
0
0
0
0
0
0
0
0
0
0
0
0
0
0
0
0
0
0
0
0
0
0
0
0
0
0
0
0
0
0
0
0
0
0
0
0
0
0
0
0
0
0
0
0
0
0
0.101961
0.603922
0.737255
0.729412
0.662745
0.00784314
0
0
0
0
0
0
0
0
0
0
0
0
0
0.0588235
0.854902
0.392157
0.137255
0.180392
0.231373
0
0
0
0
0
0
0
0
0
0
0
0
0
0
0.278431
0.67451
0
0
0
0
0
0
0
0
0
0
0
0
0
0
0
0
0
0
0.054902
0.745098
0.235294
0
0
0
0
0
0
0
0
0
0
0
0
0
0
0
0
0
0
0.105882
0.67451
0.643137
0.141176
0
0
0
0
0
0
0
0
0
0
0
0
0
0
0
0
0
0.00392157
0.329412
0.886275
0.207843
0
0
0
0
0
0
0
0
0
0
0
0
0
0
0
0
0
0
0.627451
0.258824
0
0
0
0
0
0
0
0
0
0
0
0
0
0
0
0
0
0.219608
0.862745
0.0705882
0
0
0
0
0
0
0
0
0
0
0
0
0.180392
0.254902
0.478431
0.592157
0.8
0.847059
0.172549
0
0
0
0
0
0
0
0
0
0
0
0
0
0.47451
0.305882
0.447059
0.337255
0.121569
0
0
0
0
0
0
0
0
0
0
0
0
0
0
0
0
0
0
0
0
0
0
0
0
0
0
0
0
0
0
0
0
0
0
0
0
0
0
0
0
0
0
0
0
0
0
0
0
0
0
0
0
0
0
0
0
0
0
0
0
0
0
0
0
0
0
0
0
0
0
0
0
0
0
0
0
0
0
0
0
0
0
0
0
0
0
0
0
0
