0
0
0
0
0
0
0
0
0
0
0
0
0
0
0
0
0
0
0
0
0
0
0
0
0
0
0
0
0
0
0
0
0
0
0
0
0
0
0
0
0
0
0
0
0
0
0
0
0
0
0
0
0
0
0
0
0
0
0
0
0
0
0
0
0
0
0
0
0
0
0
0
0
0
0
0
0
0
0
0
0
0
0
0
0
0
0
0
0
0
0
0
0
0
0
0
0
0
0
0
0
0
0
0
0
0
0
0
0
0
0
0
0
0
0
0
0
0
0
0
0
0
0
0
0
0
0
0
0
0
0
0
0
0
0
0
0
0
0
0
0
0
0
0
0
0
0
0
0
0
0.0745098
0.298039
0.423529
0.427451
0
0
0
0
0
0
0
0
0
0
0
0
0
0
0.00784314
0.698039
0.607843
0.364706
0.356863
0.360784
0
0
0
0
0
0
0
0
0
0
0
0
0
0
0.00392157
0.870588
0.133333
0
0
0
0
0
0
0
0
0
0
0
0
0
0
0
0
0
0
0.231373
0.823529
0.498039
0.0117647
0
0
0
0
0
0
0
0
0
0
0
0
0
0
0
0
0
0.0431373
0.576471
0.772549
0.027451
0
0
0
0
0
0
0
0
0
0
0
0
0
0.133333
0.364706
0.286275
0.305882
0.470588
0.878431
0.054902
0
0
0
0
0
0
0
0
0
0
0
0
0
0.156863
0.521569
0.47451
0.498039
0.396078
0.0862745
0
0
0
0
0
0
0
0
0
0
0
0
0
0
0
0
0
0
0
0
0
0
0
0
0
0
0
0
0
0
0
0
0
0
0
0
0
0
0
0
0
0
0
0
0
0
0
0
0
0
0
0
0
0
0
0
0
0
0
0
0
0
0
0
0
0
0
0
0
0
0
0
0
0
0
0
0
0
0
0
0
0
0
0
0
0
0
0
0
0
0
0
0
0
0
0
0
0
0
0
0
0
0
0
0
0
0
0
0
0
0
0
0
0
0
0
0
0
0
0
0
0
0
0
0
0
0
