0
0
0
0
0
0
0
0
0
0
0
0
0
0
0
0
0
0
0
0
0
0
0
0
0
0
0
0
0
0
0
0
0
0
0
0
0
0
0
0
0
0
0
0
0
0
0
0
0
0
0
0
0
0
0
0
0
0
0
0
0
0
0
0
0
0
0
0
0
0
0
0
0
0
0
0
0
0
0
0
0
0
0
0
0
0
0
0
0.0941176
0.752941
0.776471
0.176471
0
0
0
0
0
0
0
0
0
0
0
0
0
0
0
0
0.580392
0.443137
0.239216
0.803922
0.027451
0
0
0
0
0
0
0
0
0
0
0
0
0
0
0
0.431373
0.32549
0
0.556863
0.341176
0
0
0
0
0
0
0
0
0
0
0
0
0
0
0
0
0
0
0.411765
0.345098
0
0
0
0
0
0
0
0
0
0
0
0
0
0
0
0
0
0
0.529412
0.290196
0
0
0
0
0
0
0
0
0
0
0
0
0
0
0
0
0
0.0117647
0.811765
0.121569
0
0
0
0
0
0
0
0
0
0
0
0
0
0
0
0
0.0235294
0.611765
0.6
0
0
0
0
0
0
0
0
0
0
0
0
0
0
0
0
0
0.219608
0.827451
0.72549
0.105882
0
0
0
0
0
0
0
0
0
0
0
0
0
0
0
0
0
0
0.345098
0.745098
0
0
0
0
0
0
0
0
0
0
0
0
0
0
0
0
0
0
0
0.894118
0
0
0
0
0
0
0
0
0
0
0
0
0
0
0
0
0
0
0.219608
0.752941
0
0
0
0
0
0
0
0
0
0
0
0
0
0
0
0
0
0.054902
0.639216
0.254902
0
0
0
0
0
0
0
0
0
0
0
0
0
0
0.0313726
0.368627
0.411765
0.839216
0.294118
0
0
0
0
0
0
0
0
0
0
0
0
0
0
0
0.0431373
0.521569
0.462745
0.0901961
0
0
0
0
0
0
0
0
0
0
0
0
0
0
0
0
0
0
0
0
0
0
0
0
0
0
0
0
0
0
0
0
0
0
0
0
0
0
0
0
0
0
0
0
0
0
0
0
0
