0
0
0
0
0
0
0
0
0
0
0
0
0
0
0
0
0
0
0
0
0
0
0
0
0
0
0
0
0
0
0
0
0
0
0
0
0
0
0
0
0
0
0
0
0
0
0
0
0
0
0
0
0
0
0
0
0
0
0
0
0
0
0
0
0
0
0
0
0
0
0
0
0
0
0
0
0
0
0
0
0
0
0
0
0
0
0
0.0352941
0.368627
0.576471
0.435294
0.027451
0
0
0
0
0
0
0
0
0
0
0
0
0
0
0
0.776471
0.580392
0.298039
0.603922
0.545098
0
0
0
0
0
0
0
0
0
0
0
0
0
0
0
0.937255
0.00392157
0
0.0235294
0.866667
0.0313726
0
0
0
0
0
0
0
0
0
0
0
0
0
0
0.12549
0
0
0
0.592157
0.27451
0
0
0
0
0
0
0
0
0
0
0
0
0
0
0
0
0
0
0.470588
0.403922
0
0
0
0
0
0
0
0
0
0
0
0
0
0
0
0
0
0
0.529412
0.407843
0
0
0
0
0
0
0
0
0
0
0
0
0
0
0
0
0
0.333333
0.87451
0.0862745
0
0
0
0
0
0
0
0
0
0
0
0
0
0
0
0
0
0.235294
0.788235
0.6
0.0431373
0
0
0
0
0
0
0
0
0
0
0
0
0
0
0
0
0
0.00784314
0.443137
0.796078
0.164706
0
0
0
0
0
0
0
0
0
0
0
0
0
0
0
0
0
0
0.247059
0.792157
0
0
0
0
0
0
0
0
0
0
0
0
0
0
0
0
0
0
0
0.898039
0.0196078
0
0
0
0
0
0
0
0
0
0
0
0
0
0
0
0
0.0470588
0.52549
0.713726
0
0
0
0
0
0
0
0
0
0
0
0
0.658824
0.886275
0.8
0.478431
0.8
0.866667
0.478431
0.0392157
0
0
0
0
0
0
0
0
0
0
0
0
0.0117647
0.0196078
0.00392157
0.00392157
0.00392157
0
0
0
0
0
0
0
0
0
0
0
0
0
0
0
0
0
0
0
0
0
0
0
0
0
0
0
0
0
0
0
0
0
0
0
0
0
0
0
0
0
0
0
0
0
0
0
0
