0
0
0
0
0
0
0
0
0
0
0
0
0
0
0
0
0
0
0
0
0
0
0
0
0
0
0
0
0
0
0
0
0
0
0
0
0
0
0
0
0
0
0
0
0
0
0
0
0
0
0
0
0
0
0
0
0
0
0
0
0
0
0
0
0
0
0
0
0
0
0
0
0
0
0
0
0
0
0
0
0
0
0
0
0
0
0
0
0
0
0
0
0
0
0
0
0
0
0
0
0
0
0
0
0
0
0.0627451
0.454902
0.537255
0.494118
0.501961
0.305882
0
0
0
0
0
0
0
0
0
0
0
0
0
0
0.141176
0.470588
0.337255
0.294118
0.360784
0.87451
0.137255
0
0
0
0
0
0
0
0
0
0
0
0
0
0
0
0
0
0.109804
0.854902
0.0235294
0
0
0
0
0
0
0
0
0
0
0
0
0
0
0
0
0
0.564706
0.454902
0
0
0
0
0
0
0
0
0
0
0
0
0
0
0
0
0
0.0588235
0.870588
0
0
0
0
0
0
0
0
0
0
0
0
0
0
0
0
0
0
0.0235294
0.792157
0.607843
0.0470588
0
0
0
0
0
0
0
0
0
0
0
0
0
0
0
0
0
0.0235294
0.439216
0.760784
0.0392157
0
0
0
0
0
0
0
0
0
0
0
0
0
0
0
0
0
0
0.435294
0.423529
0
0
0
0
0
0
0
0
0
0
0
0
0
0
0
0
0
0
0
0.796078
0.0941176
0
0
0
0
0
0
0
0
0
0
0
0
0
0
0
0
0
0
0.729412
0.207843
0
0
0
0
0
0
0
0
0
0
0
0
0
0
0
0
0
0.329412
0.823529
0.027451
0
0
0
0
0
0
0
0
0
0
0
0
0.490196
0.607843
0.6
0.631373
0.788235
0.486275
0.109804
0
0
0
0
0
0
0
0
0
0
0
0
0
0.266667
0.27451
0.266667
0.258824
0.101961
0
0
0
0
0
0
0
0
0
0
0
0
0
0
0
0
0
0
0
0
0
0
0
0
0
0
0
0
0
0
0
0
0
0
0
0
0
0
0
0
0
0
0
0
0
0
0
0
