0
0
0
0
0
0
0
0
0
0
0
0
0
0
0
0
0
0
0
0
0
0
0
0
0
0
0
0
0
0
0
0
0
0
0
0
0
0
0
0
0
0
0
0
0
0
0
0
0
0
0
0
0
0
0
0
0
0
0
0
0
0
0
0
0
0
0
0
0
0
0
0
0
0
0
0
0
0
0
0
0
0
0
0
0
0
0
0
0
0
0
0
0
0
0
0
0
0
0
0
0
0
0
0
0
0
0
0
0
0
0
0
0
0
0
0
0
0
0
0
0
0
0
0
0
0
0
0
0.00392157
0
0
0
0
0
0
0
0
0
0
0
0
0
0
0
0
0
0
0.00392157
0.8
0
0
0
0
0
0
0
0
0
0
0
0
0
0
0
0
0
0
0.196078
0.623529
0
0
0
0
0.0235294
0.0117647
0
0
0
0
0
0
0
0
0
0
0
0
0.258824
0.521569
0
0
0
0
0.47451
0.407843
0
0
0
0
0
0
0
0
0
0
0
0
0.196078
0.596078
0
0
0
0
0.556863
0.356863
0
0
0
0
0
0
0
0
0
0
0
0
0.0117647
0.709804
0.423529
0
0
0
0.807843
0.0901961
0
0
0
0
0
0
0
0
0
0
0
0
0
0.054902
0.654902
0.635294
0.247059
0.360784
0.780392
0
0
0
0
0
0
0
0
0
0
0
0
0
0
0
0
0.372549
0.556863
0.580392
0.160784
0
0
0
0
0
0
0
0
0
0
0
0
0
0
0
0
0
0
0
0
0
0
0
0
0
0
0
0
0
0
0
0
0
0
0
0
0
0
0
0
0
0
0
0
0
0
0
0
0
0
0
0
0
0
0
0
0
0
0
0
0
0
0
0
0
0
0
0
0
0
0
0
0
0
0
0
0
0
0
0
0
0
0
0
0
0
0
0
0
0
0
0
0
0
0
0
0
0
0
0
0
0
0
0
0
0
0
0
0
0
0
0
0
0
0
0
0
0
0
0
0
0
0
0
0
0
