0
0
0
0
0
0
0
0
0
0
0
0
0
0
0
0
0
0
0
0
0
0
0
0
0
0
0
0
0
0
0
0
0
0
0
0
0
0
0
0
0
0
0
0
0
0
0
0
0
0
0
0
0
0
0
0
0
0
0
0
0
0
0
0
0
0
0
0
0
0
0
0
0
0
0
0
0
0
0
0
0
0
0
0
0
0
0
0
0
0
0
0
0
0
0
0
0
0
0
0
0
0
0
0
0
0
0
0
0
0
0
0
0
0
0
0
0
0
0
0
0
0
0
0
0
0
0
0
0
0
0
0
0
0
0
0
0
0
0
0
0
0
0
0
0
0
0
0
0
0
0
0
0
0
0
0
0
0
0
0
0
0
0
0
0
0
0
0
0.788235
0
0
0
0.427451
0.176471
0
0
0
0
0
0
0
0
0
0
0
0
0
0
0.709804
0
0
0
0.572549
0.231373
0
0
0
0
0
0
0
0
0
0
0
0
0
0
0.737255
0
0
0
0.713726
0.0352941
0
0
0
0
0
0
0
0
0
0
0
0
0
0.00392157
0.901961
0.027451
0
0.172549
0.545098
0
0
0
0
0
0
0
0
0
0
0
0
0
0
0
0.588235
0.478431
0.0392157
0.796078
0.137255
0
0
0
0
0
0
0
0
0
0
0
0
0
0
0
0.0784314
0.776471
0.886275
0.560784
0
0
0
0
0
0
0
0
0
0
0
0
0
0
0
0
0
0
0
0
0
0
0
0
0
0
0
0
0
0
0
0
0
0
0
0
0
0
0
0
0
0
0
0
0
0
0
0
0
0
0
0
0
0
0
0
0
0
0
0
0
0
0
0
0
0
0
0
0
0
0
0
0
0
0
0
0
0
0
0
0
0
0
0
0
0
0
0
0
0
0
0
0
0
0
0
0
0
0
0
0
0
0
0
0
0
0
0
0
0
0
0
0
0
0
0
0
0
0
0
0
0
0
0
0
0
0
0
