0
0
0
0
0
0
0
0
0
0
0
0
0
0
0
0
0
0
0
0
0
0
0
0
0
0
0
0
0
0
0
0
0
0
0
0
0
0
0
0
0
0
0
0
0
0
0
0
0
0
0
0
0
0
0
0
0
0
0
0
0
0
0
0
0
0
0
0
0
0
0
0
0
0
0
0
0
0
0
0
0
0
0
0
0
0
0
0
0
0
0
0
0
0
0
0
0
0
0
0
0
0
0
0
0
0
0
0
0
0
0
0
0
0
0
0
0
0
0
0
0
0
0
0
0
0
0
0
0
0
0
0
0
0
0
0
0
0
0
0
0
0
0
0
0
0
0
0
0
0
0
0
0
0
0
0
0
0
0
0
0
0
0
0
0
0
0
0
0
0
0
0
0.513726
0.137255
0
0
0
0
0
0
0
0
0
0
0
0
0
0
0
0.368627
0.00392157
0
0.670588
0.203922
0
0
0
0
0
0
0
0
0
0
0
0
0
0
0.113725
0.858824
0.00392157
0
0.678431
0.192157
0
0
0
0
0
0
0
0
0
0
0
0
0
0
0.360784
0.560784
0
0.0901961
0.862745
0.0588235
0
0
0
0
0
0
0
0
0
0
0
0
0
0
0.533333
0.407843
0.247059
0.839216
0.32549
0
0
0
0
0
0
0
0
0
0
0
0
0
0
0
0.227451
0.811765
0.756863
0.172549
0
0
0
0
0
0
0
0
0
0
0
0
0
0
0
0
0
0
0
0
0
0
0
0
0
0
0
0
0
0
0
0
0
0
0
0
0
0
0
0
0
0
0
0
0
0
0
0
0
0
0
0
0
0
0
0
0
0
0
0
0
0
0
0
0
0
0
0
0
0
0
0
0
0
0
0
0
0
0
0
0
0
0
0
0
0
0
0
0
0
0
0
0
0
0
0
0
0
0
0
0
0
0
0
0
0
0
0
0
0
0
0
0
0
0
0
0
0
0
0
0
0
0
0
0
0
0
0
