0
0
0
0
0
0
0
0
0
0
0
0
0
0
0
0
0
0
0
0
0
0
0
0
0
0
0
0
0
0
0
0
0
0
0
0
0
0
0
0
0
0
0
0
0
0
0
0
0
0
0
0
0
0
0
0
0
0
0
0
0
0
0
0
0
0
0
0
0
0
0
0
0
0
0
0
0
0
0
0
0
0
0
0
0
0
0
0
0
0
0
0
0
0
0
0
0
0
0
0
0
0
0
0
0
0
0
0
0
0
0
0.364706
0.352941
0
0
0
0
0
0
0
0
0
0
0
0
0
0
0
0
0
0.133333
0.835294
0.803922
0.121569
0
0
0
0
0
0
0
0
0
0
0
0
0
0
0
0
0.337255
0.2
0.403922
0.419608
0
0
0
0
0
0
0
0
0
0
0
0
0
0
0
0.12549
0.752941
0.027451
0.352941
0.478431
0
0
0
0
0
0
0
0
0
0
0
0
0
0
0.627451
0
0
0
0.137255
0.4
0
0
0
0
0
0
0
0
0
0
0
0.00784314
0.32549
0.364706
0.0352941
0
0
0
0.0705882
0.533333
0
0
0
0
0
0
0
0
0
0
0.00392157
0.701961
0.4
0.470588
0.494118
0.494118
0.266667
0.0313726
0
0.556863
0.0470588
0
0
0
0
0
0
0
0
0
0.00392157
0.396078
0.00392157
0.435294
0.427451
0.439216
0.647059
0.843137
0.443137
0.427451
0.223529
0
0
0
0
0
0
0
0
0
0
0
0
0
0
0
0
0.101961
0.501961
0.92549
0.603922
0
0
0
0
0
0
0
0
0
0
0
0
0
0
0
0
0
0
0.0941176
0.807843
0.00784314
0
0
0
0
0
0
0
0
0
0
0
0
0
0
0
0
0
0
0
0
0
0
0
0
0
0
0
0
0
0
0
0
0
0
0
0
0
0
0
0
0
0
0
0
0
0
0
0
0
0
0
0
0
0
0
0
0
0
0
0
0
0
0
0
0
0
0
0
0
0
0
0
0
0
0
0
0
0
0
0
0
0
0
0
0
0
0
0
0
0
0
0
0
0
0
0
0
0
0
0
0
0
0
0
