0
0
0
0
0
0
0
0
0
0
0
0
0
0
0
0
0
0
0
0
0
0
0
0
0
0
0
0
0
0
0
0
0
0
0
0
0
0
0
0
0
0
0
0
0
0
0
0
0
0
0
0
0
0
0
0
0
0
0
0
0
0
0
0
0
0
0
0
0
0
0
0
0
0
0
0
0
0
0
0
0
0
0
0
0
0
0
0
0
0
0
0
0
0
0
0
0
0
0
0
0
0
0
0
0
0
0
0
0
0
0.0352941
0
0
0
0
0
0
0
0
0
0
0
0
0
0
0
0
0
0
0.345098
0.941176
0.294118
0
0
0
0
0
0
0
0
0
0
0
0
0
0
0
0
0.00392157
0.596078
0.243137
0.827451
0.137255
0
0
0
0
0
0
0
0
0
0
0
0
0
0
0
0.729412
0.180392
0
0.172549
0.807843
0.133333
0
0
0
0
0
0
0
0
0
0
0
0
0
0.431373
0.552941
0
0
0
0.192157
0.607843
0.0627451
0
0
0
0
0
0
0
0
0
0
0
0.0980392
0.47451
0.0313726
0
0
0
0
0.27451
0.788235
0.0627451
0
0
0
0
0
0
0
0
0
0.0627451
0.501961
0.156863
0
0
0
0
0
0
0.352941
0.462745
0.0392157
0
0
0
0
0
0
0
0
0.47451
0.301961
0
0
0
0
0
0.0980392
0.341176
0.545098
0.901961
0.513726
0
0
0
0
0
0
0
0.329412
0.905882
0.462745
0.0627451
0.419608
0.294118
0.278431
0.623529
0.380392
0.556863
0.352941
0.309804
0.145098
0
0
0
0
0
0
0
0.356863
0.478431
0.301961
0.0117647
0.168627
0.0705882
0.054902
0.00392157
0
0
0
0
0
0
0
0
0
0
0
0
0
0
0
0
0
0
0
0
0
0
0
0
0
0
0
0
0
0
0
0
0
0
0
0
0
0
0
0
0
0
0
0
0
0
0
0
0
0
0
0
0
0
0
0
0
0
0
0
0
0
0
0
0
0
0
0
0
0
0
0
0
0
0
0
0
0
0
0
0
0
0
0
0
0
0
0
0
0
0
0
0
0
0
0
0
0
0
0
0
0
0
0
0
0
0
0
