0
0
0
0
0
0
0
0
0
0
0
0
0
0
0
0
0
0
0
0
0
0
0
0
0
0
0
0
0
0
0
0
0
0
0
0
0
0
0
0
0
0
0
0
0
0
0
0
0
0
0
0
0
0
0
0
0
0
0
0
0
0
0
0
0
0
0
0
0
0
0
0
0
0
0
0
0
0
0
0
0
0
0
0
0
0
0
0
0
0
0
0
0
0
0
0
0
0
0
0
0
0
0
0
0
0
0
0
0
0
0
0
0
0
0
0
0
0
0
0
0
0
0
0
0
0
0
0
0
0
0
0
0
0
0
0
0
0
0
0
0
0
0
0
0
0
0
0
0
0.239216
0
0
0
0
0
0
0
0
0
0
0
0
0
0
0
0
0
0
0.00784314
0.847059
0.0352941
0
0
0.752941
0.12549
0
0
0
0
0
0
0
0
0
0
0
0
0
0
0.627451
0.266667
0
0.0705882
0.533333
0
0
0
0
0
0
0
0
0
0
0
0
0
0
0
0.27451
0.329412
0
0.321569
0.4
0
0
0
0
0
0
0
0
0
0
0
0
0
0
0
0.137255
0.729412
0.0313726
0.862745
0.0901961
0
0
0
0
0
0
0
0
0
0
0
0
0
0
0
0
0.654902
0.47451
0.333333
0
0
0
0
0
0
0
0
0
0
0
0
0
0
0
0
0
0.345098
0.980392
0.109804
0
0
0
0
0
0
0
0
0
0
0
0
0
0
0
0
0
0.027451
0.564706
0
0
0
0
0
0
0
0
0
0
0
0
0
0
0
0
0
0
0
0
0
0
0
0
0
0
0
0
0
0
0
0
0
0
0
0
0
0
0
0
0
0
0
0
0
0
0
0
0
0
0
0
0
0
0
0
0
0
0
0
0
0
0
0
0
0
0
0
0
0
0
0
0
0
0
0
0
0
0
0
0
0
0
0
0
0
0
0
0
0
0
0
0
0
0
0
0
0
0
0
0
0
0
0
0
0
0
0
