0
0
0
0
0
0
0
0
0
0
0
0
0
0
0
0
0
0
0
0
0
0
0
0
0
0
0
0
0
0
0
0
0
0
0
0
0
0
0
0
0
0
0
0
0
0
0
0
0
0
0
0
0
0
0
0
0
0
0
0
0
0
0
0
0
0
0
0
0
0
0
0
0
0
0
0
0
0
0
0
0
0
0
0
0
0
0
0
0
0
0
0
0
0
0
0
0
0
0
0
0
0
0
0
0
0
0
0
0
0
0
0
0
0
0
0
0
0
0
0
0
0
0
0
0
0
0
0
0
0
0
0
0
0
0
0
0
0
0
0
0
0
0
0
0
0
0
0
0
0
0
0
0
0
0
0
0
0
0
0
0
0
0
0
0
0
0
0
0.0313726
0.4
0
0
0
0.301961
0.372549
0
0
0
0
0
0
0
0
0
0
0
0
0
0.0666667
0.835294
0
0
0.0117647
0.792157
0.223529
0
0
0
0
0
0
0
0
0
0
0
0
0
0
0.854902
0.0705882
0
0.466667
0.560784
0
0
0
0
0
0
0
0
0
0
0
0
0
0
0
0.513726
0.443137
0.129412
0.72549
0.0313726
0
0
0
0
0
0
0
0
0
0
0
0
0
0
0
0.0980392
0.733333
0.678431
0.313726
0
0
0
0
0
0
0
0
0
0
0
0
0
0
0
0
0
0.768627
0.690196
0
0
0
0
0
0
0
0
0
0
0
0
0
0
0
0
0
0
0.266667
0.101961
0
0
0
0
0
0
0
0
0
0
0
0
0
0
0
0
0
0
0
0
0
0
0
0
0
0
0
0
0
0
0
0
0
0
0
0
0
0
0
0
0
0
0
0
0
0
0
0
0
0
0
0
0
0
0
0
0
0
0
0
0
0
0
0
0
0
0
0
0
0
0
0
0
0
0
0
0
0
0
0
0
0
0
0
0
0
0
0
0
0
0
0
0
0
0
0
0
0
0
0
0
0
0
0
0
0
0
0
