0
0
0
0
0
0
0
0
0
0
0
0
0
0
0
0
0
0
0
0
0
0
0
0
0
0
0
0
0
0
0
0
0
0
0
0
0
0
0
0
0
0
0
0
0
0
0
0
0
0
0
0
0
0
0
0
0
0
0
0
0
0
0
0
0
0
0
0
0
0
0
0
0
0
0
0
0
0
0
0
0
0
0
0
0
0
0
0
0
0
0
0
0
0
0
0
0
0
0
0
0
0
0
0
0
0
0
0
0
0
0
0
0
0
0
0
0
0
0
0
0
0
0
0
0
0
0
0
0
0
0
0
0
0
0
0
0
0
0
0
0
0
0
0
0
0
0
0
0
0
0
0
0
0
0
0
0
0
0
0
0
0
0
0
0
0
0
0
0
0
0.188235
0.305882
0
0.0705882
0.00392157
0
0
0
0
0
0
0
0
0
0
0
0
0
0
0
0.556863
0.352941
0.0431373
0.862745
0.145098
0
0
0
0
0
0
0
0
0
0
0
0
0
0
0.054902
0.694118
0.0352941
0.529412
0.392157
0
0
0
0
0
0
0
0
0
0
0
0
0
0
0
0.105882
0.294118
0.176471
0.521569
0.00392157
0
0
0
0
0
0
0
0
0
0
0
0
0
0
0
0.576471
0.478431
0.266667
0
0
0
0
0
0
0
0
0
0
0
0
0
0
0
0
0.0901961
0.964706
0.705882
0.0313726
0
0
0
0
0
0
0
0
0
0
0
0
0
0
0
0
0.137255
0.662745
0.0431373
0
0
0
0
0
0
0
0
0
0
0
0
0
0
0
0
0
0
0
0
0
0
0
0
0
0
0
0
0
0
0
0
0
0
0
0
0
0
0
0
0
0
0
0
0
0
0
0
0
0
0
0
0
0
0
0
0
0
0
0
0
0
0
0
0
0
0
0
0
0
0
0
0
0
0
0
0
0
0
0
0
0
0
0
0
0
0
0
0
0
0
0
0
0
0
0
0
0
0
0
0
0
0
0
0
0
0
0
0
