0
0
0
0
0
0
0
0
0
0
0
0
0
0
0
0
0
0
0
0
0
0
0
0
0
0
0
0
0
0
0
0
0
0
0
0
0
0
0
0
0
0
0
0
0
0
0
0
0
0
0
0
0
0
0
0
0
0
0
0
0
0
0
0
0
0
0
0
0
0
0
0
0
0
0
0
0
0
0
0
0
0
0
0
0
0
0
0
0
0
0
0
0
0
0
0
0
0
0
0
0
0
0
0
0
0
0
0
0
0
0
0
0
0
0
0
0
0
0
0
0
0
0
0
0
0
0
0
0
0
0
0
0
0
0
0
0
0
0
0
0
0
0
0
0
0
0
0
0
0
0.164706
0.133333
0
0
0
0
0
0
0
0
0
0
0
0
0
0
0
0
0
0
0.2
0.164706
0
0
0
0
0
0
0
0
0
0
0
0
0
0
0
0
0
0
0.223529
0.372549
0
0
0
0
0
0
0
0
0
0
0
0
0
0
0
0
0
0
0.376471
0.490196
0
0
0
0
0
0
0
0
0
0
0
0
0
0
0
0
0
0
0.403922
0.470588
0
0
0
0
0
0
0
0
0
0
0
0
0
0
0
0
0
0
0.411765
0.478431
0
0
0
0
0
0
0
0
0
0
0
0
0
0
0
0
0
0
0.376471
0.443137
0
0
0
0
0
0
0
0
0
0
0
0
0
0
0
0
0
0
0.392157
0.458824
0
0
0
0
0
0
0
0
0
0
0
0
0
0
0
0
0
0
0
0.00392157
0
0
0
0
0
0
0
0
0
0
0
0
0
0
0
0
0
0
0
0
0
0
0
0
0
0
0
0
0
0
0
0
0
0
0
0
0
0
0
0
0
0
0
0
0
0
0
0
0
0
0
0
0
0
0
0
0
0
0
0
0
0
0
0
0
0
0
0
0
0
0
0
0
0
0
0
0
0
0
0
0
0
0
0
0
0
0
0
