0
0
0
0
0
0
0
0
0
0
0
0
0
0
0
0
0
0
0
0
0
0
0
0
0
0
0
0
0
0
0
0
0
0
0
0
0
0
0
0
0
0
0
0
0
0
0
0
0
0
0
0
0
0
0
0
0
0
0
0
0
0
0
0
0
0
0
0
0
0
0
0
0
0
0
0
0
0
0
0
0
0
0
0
0
0
0
0
0
0
0
0
0
0
0
0
0
0
0
0
0
0
0
0
0
0
0
0
0
0
0
0.0352941
0
0
0
0
0
0
0
0
0
0
0
0
0
0
0
0
0
0
0.0352941
0.592157
0
0
0
0
0
0
0
0
0
0
0
0
0
0
0
0
0
0
0
0
0
0
0
0
0
0
0
0
0
0
0
0
0
0
0
0
0
0
0.172549
0.470588
0
0
0
0
0
0
0
0
0
0
0
0
0
0
0
0
0
0.266667
0.92549
0.745098
0
0
0
0
0
0
0
0
0
0
0
0
0
0
0
0.0313726
0.611765
0.843137
0.431373
0.623529
0
0
0
0
0
0
0
0
0
0
0
0
0
0
0
0.0705882
0.47451
0.0117647
0.333333
0.533333
0
0
0
0
0
0
0
0
0
0
0
0
0
0
0
0
0
0
0.345098
0.545098
0
0
0
0
0
0
0
0
0
0
0
0
0
0
0
0
0
0
0.4
0.509804
0.0862745
0
0
0
0
0
0
0
0
0
0
0
0
0
0
0
0
0
0.376471
0.964706
0.72549
0
0
0
0
0
0
0
0
0
0
0
0
0
0
0
0
0
0.00392157
0.152941
0.00392157
0
0
0
0
0
0
0
0
0
0
0
0
0
0
0
0
0
0
0
0
0
0
0
0
0
0
0
0
0
0
0
0
0
0
0
0
0
0
0
0
0
0
0
0
0
0
0
0
0
0
0
0
0
0
0
0
0
0
0
0
0
0
0
0
0
0
0
0
0
0
0
0
0
0
0
0
0
0
0
0
0
0
0
0
0
0
0
