0
0
0
0
0
0
0
0
0
0
0
0
0
0
0
0
0
0
0
0
0
0
0
0
0
0
0
0
0
0
0
0
0
0
0
0
0
0
0
0
0
0
0
0
0
0
0
0
0
0
0
0
0
0
0
0
0
0
0
0
0
0
0
0
0
0
0
0
0
0
0
0
0
0
0
0
0
0
0
0
0
0
0
0
0
0
0
0
0
0
0
0
0
0
0
0
0
0
0
0
0
0
0
0
0
0
0
0
0
0
0
0
0
0
0
0
0
0
0
0
0
0
0
0
0
0
0
0
0.560784
0.0627451
0
0
0
0
0
0
0
0
0
0
0
0
0
0
0
0
0
0
0.607843
0.286275
0
0
0
0.235294
0.305882
0
0
0
0
0
0
0
0
0
0
0
0
0
0.380392
0.509804
0
0
0.0862745
0.752941
0.188235
0
0
0
0
0
0
0
0
0
0
0
0
0
0.133333
0.768627
0
0.0862745
0.494118
0.266667
0
0
0
0
0
0
0
0
0
0
0
0
0
0
0.00392157
0.898039
0.329412
0.764706
0.203922
0
0
0
0
0
0
0
0
0
0
0
0
0
0
0
0
0.427451
0.905882
0.294118
0
0
0
0
0
0
0
0
0
0
0
0
0
0
0
0
0
0
0.603922
0.270588
0
0
0
0
0
0
0
0
0
0
0
0
0
0
0
0
0
0
0.552941
0.219608
0
0
0
0
0
0
0
0
0
0
0
0
0
0
0
0
0
0
0.4
0.145098
0
0
0
0
0
0
0
0
0
0
0
0
0
0
0
0
0
0
0.552941
0.219608
0
0
0
0
0
0
0
0
0
0
0
0
0
0
0
0
0
0
0.603922
0.270588
0
0
0
0
0
0
0
0
0
0
0
0
0
0
0
0
0
0
0.705882
0.239216
0
0
0
0
0
0
0
0
0
0
0
0
0
0
0
0
0
0
0.294118
0.0705882
0
0
0
0
0
0
0
0
0
0
0
0
0
0
0
0
0
0
0
0
0
0
0
0
0
0
0
0
