0
0
0
0
0
0
0
0
0
0
0
0
0
0
0
0
0
0
0
0
0
0
0
0
0
0
0
0
0
0
0
0
0
0
0
0
0
0
0
0
0
0
0
0
0
0
0
0
0
0
0
0
0
0
0
0
0
0
0
0
0
0
0
0
0
0
0
0
0
0
0
0
0
0
0
0
0
0
0
0
0
0
0
0
0
0
0
0
0
0
0
0
0
0
0
0
0
0
0
0
0
0
0
0
0
0
0
0
0
0
0
0
0
0
0
0
0
0
0
0
0
0
0
0
0
0
0
0.443137
0.266667
0
0
0
0.00392157
0.439216
0
0
0
0
0
0
0
0
0
0
0
0
0
0.337255
0.603922
0
0
0
0.356863
0.776471
0
0
0
0
0
0
0
0
0
0
0
0
0
0.0117647
0.827451
0.180392
0
0.211765
0.941176
0.427451
0
0
0
0
0
0
0
0
0
0
0
0
0
0
0.211765
0.854902
0.270588
0.819608
0.670588
0.0392157
0
0
0
0
0
0
0
0
0
0
0
0
0
0
0
0.176471
0.933333
0.788235
0.576471
0
0
0
0
0
0
0
0
0
0
0
0
0
0
0
0
0
0.0745098
0.431373
0.121569
0
0
0
0
0
0
0
0
0
0
0
0
0
0
0
0
0
0.168627
0.654902
0
0
0
0
0
0
0
0
0
0
0
0
0
0
0
0
0
0
0.576471
0.380392
0
0
0
0
0
0
0
0
0
0
0
0
0
0
0
0
0
0.0431373
0.835294
0.0431373
0
0
0
0
0
0
0
0
0
0
0
0
0
0
0
0
0
0.427451
0.619608
0
0
0
0
0
0
0
0
0
0
0
0
0
0
0
0
0
0
0.431373
0.227451
0
0
0
0
0
0
0
0
0
0
0
0
0
0
0
0
0
0
0
0
0
0
0
0
0
0
0
0
0
0
0
0
0
0
0
0
0
0
0
0
0
0
0
0
0
0
0
0
0
0
0
0
0
0
0
0
0
0
0
0
0
0
0
0
0
0
0
0
0
