0
0
0
0
0
0
0
0
0
0
0
0
0
0
0
0
0
0
0
0
0
0
0
0
0
0
0
0
0
0
0
0
0
0
0
0
0
0
0
0
0
0
0
0
0
0
0
0
0
0
0
0
0
0
0
0
0
0
0
0
0
0
0
0
0
0
0
0
0
0
0
0
0
0
0
0
0
0
0
0
0
0
0
0
0
0
0
0
0
0
0
0
0
0
0
0
0
0
0
0
0
0
0
0
0
0
0
0
0
0
0.00784314
0.619608
0.00392157
0
0
0
0
0
0
0
0
0
0
0
0
0
0
0
0
0.0784314
0.333333
0.6
0.505882
0
0
0
0
0
0
0
0
0
0
0
0
0
0
0
0.00392157
0.752941
0.490196
0.0235294
0.858824
0.219608
0
0
0
0
0
0
0
0
0
0
0
0
0
0
0.364706
0.639216
0
0
0.843137
0.494118
0
0
0
0
0
0
0
0
0
0
0
0
0
0
0.552941
0.352941
0
0
0.878431
0.537255
0
0
0
0
0
0
0
0
0
0
0
0
0
0
0.490196
0.396078
0
0
0.878431
0.466667
0
0
0
0
0
0
0
0
0
0
0
0
0
0
0.156863
0.823529
0.509804
0.435294
0.941176
0.0666667
0
0
0
0
0
0
0
0
0
0
0
0
0
0
0
0.152941
0.435294
0.352941
0.803922
0.00392157
0
0
0
0
0
0
0
0
0
0
0
0
0
0
0
0
0
0
0.803922
0.00392157
0
0
0
0
0
0
0
0
0
0
0
0
0
0
0
0
0
0
0.878431
0
0
0
0
0
0
0
0
0
0
0
0
0
0
0
0.00392157
0.294118
0.466667
0.772549
0.627451
0
0
0
0
0
0
0
0
0
0
0
0
0
0
0
0.121569
0.670588
0.439216
0.219608
0
0
0
0
0
0
0
0
0
0
0
0
0
0
0
0
0
0
0
0
0
0
0
0
0
0
0
0
0
0
0
0
0
0
0
0
0
0
0
0
0
0
0
0
0
0
0
0
0
0
0
0
0
0
0
0
0
0
0
0
0
0
0
0
0
0
0
0
