0
0
0
0
0
0
0
0
0
0
0
0
0
0
0
0
0
0
0
0
0
0
0
0
0
0
0
0
0
0
0
0
0
0
0
0
0
0
0
0
0
0
0
0
0
0
0
0
0
0
0
0
0
0
0
0
0
0
0
0
0
0
0
0
0
0
0
0
0
0
0
0
0
0
0
0
0
0
0
0
0
0
0
0
0
0
0
0
0
0
0
0
0
0
0
0
0
0
0
0
0
0
0
0
0
0
0
0
0
0
0.00392157
0.560784
0.156863
0
0
0
0
0
0
0
0
0
0
0
0
0
0
0
0
0.133333
0.639216
0.388235
0.811765
0.0784314
0
0
0
0
0
0
0
0
0
0
0
0
0
0
0.0117647
0.819608
0.192157
0
0.909804
0.466667
0
0
0
0
0
0
0
0
0
0
0
0
0
0
0.294118
0.670588
0
0.0627451
0.964706
0.611765
0
0
0
0
0
0
0
0
0
0
0
0
0
0
0.341176
0.556863
0
0.027451
0.862745
0.27451
0
0
0
0
0
0
0
0
0
0
0
0
0
0
0.137255
0.835294
0.262745
0.713726
0.521569
0
0
0
0
0
0
0
0
0
0
0
0
0
0
0
0
0.4
0.670588
0.32549
0.709804
0
0
0
0
0
0
0
0
0
0
0
0
0
0
0
0
0
0
0.188235
0.666667
0
0
0
0
0
0
0
0
0
0
0
0
0
0
0
0
0
0
0.203922
0.662745
0
0
0
0
0
0
0
0
0
0
0
0
0
0
0
0
0
0
0.407843
0.47451
0
0
0
0
0
0
0
0
0
0
0
0
0
0
0
0
0
0.376471
0.772549
0.0627451
0
0
0
0
0
0
0
0
0
0
0
0
0
0
0
0.0196078
0.466667
0.729412
0.0901961
0
0
0
0
0
0
0
0
0
0
0
0
0
0
0
0.0588235
0.72549
0.513726
0
0
0
0
0
0
0
0
0
0
0
0
0
0
0
0
0
0.243137
0.466667
0
0
0
0
0
0
0
0
0
0
0
0
0
0
0
0
0
0
0
0
0
0
0
0
0
0
0
0
0
0
0
