0
0
0
0
0
0
0
0
0
0
0
0
0
0
0
0
0
0
0
0
0
0
0
0
0
0
0
0
0
0
0
0
0
0
0
0
0
0
0
0
0
0
0
0
0
0
0
0
0
0
0
0
0
0
0
0
0
0
0
0
0
0
0
0
0
0
0
0
0
0
0
0
0
0
0
0
0
0
0
0
0
0
0
0
0
0
0
0
0
0
0
0
0
0
0
0
0
0
0
0
0
0
0
0
0
0
0
0
0
0
0
0
0.462745
0.0235294
0
0
0
0
0
0
0
0
0
0
0
0
0
0
0
0
0
0.219608
0.945098
0.160784
0
0
0
0
0
0
0
0
0
0
0
0
0
0
0
0
0
0.654902
0.572549
0.192157
0
0
0
0
0
0
0
0
0
0
0
0
0
0
0
0
0.0745098
0.745098
0.176471
0.447059
0
0
0
0
0
0
0
0
0
0
0
0
0
0
0
0
0.537255
0
0.0392157
0.580392
0
0
0
0
0
0
0
0
0
0
0
0
0
0
0
0.478431
0.345098
0.364706
0.537255
0.807843
0
0
0
0
0
0
0
0
0
0
0
0
0
0
0.168627
0.870588
0.533333
0.388235
0.4
0.756863
0
0
0
0
0
0
0
0
0
0
0
0
0
0.0392157
0.4
0.164706
0
0
0
0.776471
0
0
0
0
0
0
0
0
0
0
0
0
0
0.262745
0.341176
0
0
0
0
0.662745
0
0
0
0
0
0
0
0
0
0
0
0
0.00784314
0.894118
0.0313726
0
0
0
0
0.87451
0.00784314
0
0
0
0
0
0
0
0
0
0
0
0.12549
0.788235
0
0
0
0
0
0.890196
0.0392157
0
0
0
0
0
0
0
0
0
0
0
0.0117647
0.168627
0
0
0
0
0
0.2
0.00392157
0
0
0
0
0
0
0
0
0
0
0
0
0
0
0
0
0
0
0
0
0
0
0
0
0
0
0
0
0
0
0
0
0
0
0
0
0
0
0
0
0
0
0
0
0
0
0
0
0
0
0
0
0
0
0
0
0
0
0
0
0
0
0
0
0
