0
0
0
0
0
0
0
0
0
0
0
0
0
0
0
0
0
0
0
0
0
0
0
0
0
0
0
0
0
0
0
0
0
0
0
0
0
0
0
0
0
0
0
0
0
0
0
0
0
0
0
0
0
0
0
0
0
0
0
0
0
0
0
0
0
0
0
0
0
0
0
0
0
0
0
0
0
0
0
0
0
0
0
0
0
0
0
0
0
0
0
0
0
0
0
0
0
0
0
0
0
0
0
0
0
0
0
0
0
0
0
0
0
0
0
0
0
0
0
0
0
0
0
0
0
0
0
0
0
0.0588235
0.411765
0
0
0
0
0
0
0
0
0
0
0
0
0
0
0
0
0
0
0.168627
0.890196
0.0352941
0
0
0
0
0
0
0
0
0
0
0
0
0
0
0
0
0
0.12549
0.713726
0.447059
0
0
0
0
0
0
0
0
0
0
0
0
0
0
0
0
0
0.27451
0.6
0.301961
0.176471
0
0
0
0
0
0
0
0
0
0
0
0
0
0
0
0
0.407843
0.443137
0.333333
0.498039
0
0
0
0
0
0
0
0
0
0
0
0
0
0
0
0
0.713726
0.694118
0.141176
0.819608
0
0
0
0
0
0
0
0
0
0
0
0
0
0
0
0.027451
0.898039
0.431373
0.0431373
0.811765
0.00784314
0
0
0
0
0
0
0
0
0
0
0
0
0
0
0.360784
0.439216
0
0
0.388235
0.156863
0
0
0
0
0
0
0
0
0
0
0
0
0
0
0.576471
0.298039
0
0
0.564706
0.356863
0
0
0
0
0
0
0
0
0
0
0
0
0
0
0.219608
0.0784314
0
0
0.266667
0.223529
0
0
0
0
0
0
0
0
0
0
0
0
0
0
0
0
0
0
0
0
0
0
0
0
0
0
0
0
0
0
0
0
0
0
0
0
0
0
0
0
0
0
0
0
0
0
0
0
0
0
0
0
0
0
0
0
0
0
0
0
0
0
0
0
0
0
0
0
0
0
0
0
0
0
0
0
0
0
0
0
0
0
0
0
0
0
