0
0
0
0
0
0
0
0
0
0
0
0
0
0
0
0
0
0
0
0
0
0
0
0
0
0
0
0
0
0
0
0
0
0
0
0
0
0
0
0
0
0
0
0
0
0
0
0
0
0
0
0
0
0
0
0
0
0
0
0
0
0
0
0
0
0
0
0
0
0
0
0
0
0
0
0
0
0
0
0
0
0
0
0
0
0
0
0
0
0
0
0
0
0
0
0
0
0
0
0
0
0
0
0
0
0
0
0
0
0
0
0
0
0
0
0
0
0
0
0
0
0
0
0
0
0
0
0
0
0
0.109804
0.658824
0.243137
0
0
0
0
0
0
0
0
0
0
0
0
0
0
0
0
0.109804
0.792157
0.454902
0.843137
0
0
0
0
0
0
0
0
0
0
0
0
0
0
0
0.00392157
0.780392
0.298039
0
0.666667
0.231373
0
0
0
0
0
0
0
0
0
0
0
0
0
0
0.356863
0.564706
0
0
0.227451
0.647059
0
0
0
0
0
0
0
0
0
0
0
0
0
0.00392157
0.862745
0.121569
0
0.00784314
0.109804
0.776471
0.0705882
0
0
0
0
0
0
0
0
0
0
0
0
0.0941176
0.807843
0.341176
0.905882
0.886275
0.713726
0.592157
0.223529
0
0
0
0
0
0
0
0
0
0
0
0
0.345098
0.564706
0.12549
0.101961
0
0
0.568627
0.235294
0
0
0
0
0
0
0
0
0
0
0
0.0313726
0.819608
0.141176
0
0
0
0
0.52549
0.329412
0
0
0
0
0
0
0
0
0
0
0
0.329412
0.627451
0
0
0
0
0
0.419608
0.447059
0
0
0
0
0
0
0
0
0
0
0
0.388235
0.219608
0
0
0
0
0
0.423529
0.490196
0
0
0
0
0
0
0
0
0
0
0
0
0
0
0
0
0
0
0.254902
0.301961
0
0
0
0
0
0
0
0
0
0
0
0
0
0
0
0
0
0
0
0
0
0
0
0
0
0
0
0
0
0
0
0
0
0
0
0
0
0
0
0
0
0
0
0
0
0
0
0
0
0
0
0
0
0
0
0
0
0
0
0
0
0
0
0
0
