0
0
0
0
0
0
0
0
0
0
0
0
0
0
0
0
0
0
0
0
0
0
0
0
0
0
0
0
0
0
0
0
0
0
0
0
0
0
0
0
0
0
0
0
0
0
0
0
0
0
0
0
0
0
0
0
0
0
0
0
0
0
0
0
0
0
0
0
0
0
0
0
0
0
0
0
0
0
0
0
0
0
0
0
0
0
0
0
0
0
0
0
0
0
0
0
0
0
0
0
0
0
0
0
0
0
0
0
0
0
0
0
0
0
0
0
0
0
0
0
0
0
0
0
0
0
0
0
0
0
0
0.0941176
0.0235294
0
0
0
0
0
0
0
0
0
0
0
0
0
0
0
0
0
0.109804
0.921569
0.647059
0.00784314
0
0
0
0
0
0
0
0
0
0
0
0
0
0
0
0
0.658824
0.294118
0.607843
0.407843
0
0
0
0
0
0
0
0
0
0
0
0
0
0
0
0.223529
0.443137
0
0.352941
0.552941
0
0
0
0
0
0
0
0
0
0
0
0
0
0
0
0.623529
0.129412
0
0.345098
0.545098
0
0
0
0
0
0
0
0
0
0
0
0
0
0
0.0196078
0.8
0
0
0.396078
0.380392
0
0
0
0
0
0
0
0
0
0
0
0
0
0
0.0941176
0.827451
0
0.0117647
0.772549
0.137255
0
0
0
0
0
0
0
0
0
0
0
0
0
0
0
0.701961
0.666667
0.737255
0.521569
0
0
0
0
0
0
0
0
0
0
0
0
0
0
0
0
0.0235294
0.309804
0.262745
0
0
0
0
0
0
0
0
0
0
0
0
0
0
0
0
0
0
0
0
0
0
0
0
0
0
0
0
0
0
0
0
0
0
0
0
0
0
0
0
0
0
0
0
0
0
0
0
0
0
0
0
0
0
0
0
0
0
0
0
0
0
0
0
0
0
0
0
0
0
0
0
0
0
0
0
0
0
0
0
0
0
0
0
0
0
0
0
0
0
0
0
0
0
0
0
0
0
0
0
0
0
0
0
0
0
0
0
