0
0
0
0
0
0
0
0
0
0
0
0
0
0
0
0
0
0
0
0
0
0
0
0
0
0
0
0
0
0
0
0
0
0
0
0
0
0
0
0
0
0
0
0
0
0
0
0
0
0
0
0
0
0
0
0
0
0
0
0
0
0
0
0
0
0
0
0
0
0
0
0
0
0
0
0
0
0
0
0
0
0
0
0
0
0
0
0
0
0
0
0
0
0
0
0
0
0
0
0
0
0
0
0
0
0
0
0
0
0
0
0
0
0
0
0
0
0
0
0
0
0
0
0
0
0
0
0
0
0.0941176
0.529412
0.121569
0.356863
0.0352941
0
0
0
0
0
0
0
0
0
0
0
0
0
0
0.0627451
0.831373
0.470588
0.0627451
0.698039
0.360784
0
0
0
0
0
0
0
0
0
0
0
0
0
0
0.541176
0.439216
0
0
0.109804
0.713726
0
0
0
0
0
0
0
0
0
0
0
0
0
0
0.47451
0.00392157
0
0
0
0.709804
0
0
0
0
0
0
0
0
0
0
0
0
0
0.286275
0.321569
0
0
0
0
0.811765
0
0
0
0
0
0
0
0
0
0
0
0
0
0.568627
0.290196
0
0
0
0.0470588
0.831373
0
0
0
0
0
0
0
0
0
0
0
0
0
0.501961
0.258824
0
0
0
0.372549
0.529412
0
0
0
0
0
0
0
0
0
0
0
0
0
0.211765
0.803922
0.0666667
0
0.0627451
0.478431
0.121569
0
0
0
0
0
0
0
0
0
0
0
0
0
0
0.333333
0.862745
0.756863
0.819608
0.301961
0
0
0
0
0
0
0
0
0
0
0
0
0
0
0
0
0.0705882
0.145098
0.0235294
0
0
0
0
0
0
0
0
0
0
0
0
0
0
0
0
0
0
0
0
0
0
0
0
0
0
0
0
0
0
0
0
0
0
0
0
0
0
0
0
0
0
0
0
0
0
0
0
0
0
0
0
0
0
0
0
0
0
0
0
0
0
0
0
0
0
0
0
0
0
0
0
0
0
0
0
0
0
0
0
0
0
0
0
0
0
0
0
