0
0
0
0
0
0
0
0
0
0
0
0
0
0
0
0
0
0
0
0
0
0
0
0
0
0
0
0
0
0
0
0
0
0
0
0
0
0
0
0
0
0
0
0
0
0
0
0
0
0
0
0
0
0
0
0
0
0
0
0
0
0
0
0
0
0
0
0
0
0
0
0
0
0
0
0
0
0
0
0
0
0
0
0
0
0
0
0
0
0
0
0
0
0
0
0
0
0
0
0
0
0
0
0
0
0
0
0
0
0
0
0
0
0
0
0
0
0
0
0
0
0
0
0
0
0
0
0
0
0.109804
0.466667
0.529412
0.87451
0.321569
0
0
0
0
0
0
0
0
0
0
0
0
0
0
0.356863
0.760784
0.447059
0.0431373
0.141176
0.823529
0.258824
0
0
0
0
0
0
0
0
0
0
0
0
0.266667
0.521569
0.027451
0
0
0
0.152941
0.745098
0
0
0
0
0
0
0
0
0
0
0
0.152941
0.772549
0.027451
0
0
0
0
0
0.709804
0.00392157
0
0
0
0
0
0
0
0
0
0
0.623529
0.329412
0
0
0
0
0
0.00784314
0.592157
0.00392157
0
0
0
0
0
0
0
0
0
0
0.745098
0.145098
0
0
0
0
0
0.239216
0.678431
0
0
0
0
0
0
0
0
0
0
0
0.588235
0.356863
0
0
0
0
0
0.721569
0.262745
0
0
0
0
0
0
0
0
0
0
0
0.121569
0.513726
0.164706
0
0
0
0.321569
0.341176
0
0
0
0
0
0
0
0
0
0
0
0
0
0.164706
0.666667
0.298039
0.0705882
0.396078
0.607843
0.0313726
0
0
0
0
0
0
0
0
0
0
0
0
0
0
0.129412
0.560784
0.733333
0.443137
0.0235294
0
0
0
0
0
0
0
0
0
0
0
0
0
0
0
0
0
0
0
0
0
0
0
0
0
0
0
0
0
0
0
0
0
0
0
0
0
0
0
0
0
0
0
0
0
0
0
0
0
0
0
0
0
0
0
0
0
0
0
0
0
0
0
0
0
0
0
0
0
0
0
0
0
0
0
0
0
0
0
0
0
0
0
0
0
0
0
