0
0
0
0
0
0
0
0
0
0
0
0
0
0
0
0
0
0
0
0
0
0
0
0
0
0
0
0
0
0
0
0
0
0
0
0
0
0
0
0
0
0
0
0
0
0
0
0
0
0
0
0
0
0
0
0
0
0
0
0
0
0
0
0
0
0
0
0
0
0
0
0
0
0
0
0
0
0
0
0
0
0
0
0
0
0
0
0
0
0
0
0
0
0
0
0
0
0
0
0
0
0
0
0
0
0
0
0
0
0
0.00392157
0.00392157
0
0
0
0
0
0
0
0
0
0
0
0
0
0
0
0
0
0.376471
0.862745
0.788235
0.0941176
0
0
0
0
0
0
0
0
0
0
0
0
0
0
0
0.109804
0.858824
0.109804
0.447059
0.537255
0
0
0
0
0
0
0
0
0
0
0
0
0
0
0
0.368627
0.513726
0
0.305882
0.607843
0
0
0
0
0
0
0
0
0
0
0
0
0
0
0
0.368627
0.439216
0
0.639216
0.392157
0
0
0
0
0
0
0
0
0
0
0
0
0
0
0
0.247059
0.670588
0.729412
0.678431
0.00392157
0
0
0
0
0
0
0
0
0
0
0
0
0
0
0
0.00784314
0.878431
0.576471
0.745098
0.439216
0.0941176
0
0
0
0
0
0
0
0
0
0
0
0
0
0
0
0.705882
0.27451
0.278431
0.486275
0.866667
0.368627
0
0
0
0
0
0
0
0
0
0
0
0
0
0
0.133333
0.870588
0.101961
0
0.101961
0.819608
0.364706
0
0
0
0
0
0
0
0
0
0
0
0
0
0
0.266667
0.72549
0
0
0.0313726
0.0235294
0
0
0
0
0
0
0
0
0
0
0
0
0
0
0.00392157
0.439216
0.00392157
0
0
0
0
0
0
0
0
0
0
0
0
0
0
0
0
0
0
0
0
0
0
0
0
0
0
0
0
0
0
0
0
0
0
0
0
0
0
0
0
0
0
0
0
0
0
0
0
0
0
0
0
0
0
0
0
0
0
0
0
0
0
0
0
0
0
0
0
0
0
0
0
0
0
0
0
0
0
0
0
0
0
0
0
0
0
0
