0
0
0
0
0
0
0
0
0
0
0
0
0
0
0
0
0
0
0
0
0
0
0
0
0
0
0
0
0
0
0
0
0
0
0
0
0
0
0
0
0
0
0
0
0
0
0
0
0
0
0
0
0
0
0
0
0
0
0
0
0
0
0
0
0
0
0
0
0
0
0
0
0
0
0
0
0
0
0
0
0
0
0
0
0
0
0
0
0
0
0
0
0
0
0
0
0
0
0
0
0
0
0
0
0
0
0
0
0
0
0
0
0
0
0
0
0
0
0
0
0
0
0
0
0
0
0
0
0
0
0
0
0
0
0
0
0
0
0
0
0
0
0
0
0
0
0
0
0
0
0
0
0
0
0
0
0
0
0
0
0
0
0
0
0
0.00784314
0.67451
0.803922
0.678431
0
0.678431
0.772549
0.807843
0.831373
0.835294
0.458824
0
0
0
0
0
0
0
0
0
0
0.701961
0.466667
0.0352941
0
0.0352941
0.0588235
0.0745098
0.0980392
0.164706
0.792157
0.258824
0
0
0
0
0
0
0
0
0
0.0784314
0.854902
0.12549
0
0
0
0
0.176471
0.835294
0.411765
0
0
0
0
0
0
0
0
0
0
0
0.376471
0.607843
0
0
0
0.27451
0.866667
0.239216
0
0
0
0
0
0
0
0
0
0
0
0
0.0352941
0.894118
0.0745098
0.0352941
0.576471
0.819608
0.152941
0
0
0
0
0
0
0
0
0
0
0
0
0
0
0.513726
0.603922
0.819608
0.529412
0.0313726
0
0
0
0
0
0
0
0
0
0
0
0
0
0
0
0.12549
0.988235
0.32549
0
0
0
0
0
0
0
0
0
0
0
0
0
0
0
0
0
0
0.129412
0
0
0
0
0
0
0
0
0
0
0
0
0
0
0
0
0
0
0
0
0
0
0
0
0
0
0
0
0
0
0
0
0
0
0
0
0
0
0
0
0
0
0
0
0
0
0
0
0
0
0
0
0
0
0
0
0
0
0
0
0
0
0
0
0
0
0
0
0
0
0
0
0
0
0
0
0
0
0
0
0
0
0
0
0
0
0
0
0
0
