0
0
0
0
0
0
0
0
0
0
0
0
0
0
0
0
0
0
0
0
0
0
0
0
0
0
0
0
0
0
0
0
0
0
0
0
0
0
0
0
0
0
0
0
0
0
0
0
0
0
0
0
0
0
0
0
0
0
0
0
0
0
0
0
0
0
0
0
0
0
0
0
0
0
0
0
0
0
0
0
0
0
0
0
0
0
0
0
0
0
0
0
0
0
0
0
0
0
0
0
0
0
0
0
0
0
0
0
0
0
0
0
0
0
0
0
0
0
0
0
0
0
0
0
0
0
0
0
0
0
0
0
0
0
0
0
0
0
0
0
0
0
0
0
0
0
0.0117647
0.160784
0.32549
0.407843
0.407843
0.376471
0.8
0.72549
0.807843
0.819608
0.807843
0.823529
0.247059
0
0
0
0
0.109804
0.701961
0.72549
0.643137
0.694118
0.52549
0.47451
0.47451
0.392157
0.431373
0.054902
0.0745098
0.0862745
0.207843
0.862745
0.133333
0
0
0
0
0.12549
0.898039
0.0745098
0.00392157
0
0
0
0
0
0
0
0
0.121569
0.729412
0.219608
0
0
0
0
0
0
0.447059
0.623529
0
0
0
0
0
0
0
0
0.239216
0.756863
0.176471
0
0
0
0
0
0
0
0
0.67451
0.329412
0
0
0
0
0
0
0.352941
0.823529
0.152941
0
0
0
0
0
0
0
0
0
0.0627451
0.839216
0.0980392
0
0
0
0.054902
0.572549
0.470588
0.0666667
0
0
0
0
0
0
0
0
0
0
0
0.172549
0.835294
0.054902
0
0.223529
0.709804
0.364706
0
0
0
0
0
0
0
0
0
0
0
0
0
0
0.423529
0.537255
0.396078
0.823529
0.180392
0
0
0
0
0
0
0
0
0
0
0
0
0
0
0
0.0235294
0.796078
0.768627
0.0941176
0
0
0
0
0
0
0
0
0
0
0
0
0
0
0
0
0
0.00784314
0.00392157
0
0
0
0
0
0
0
0
0
0
0
0
0
0
0
0
0
0
0
0
0
0
0
0
0
0
0
0
0
0
0
0
0
0
0
0
0
0
0
0
0
0
0
0
0
0
0
0
0
0
0
0
0
0
0
0
0
0
0
0
0
0
0
0
0
0
0
0
0
0
