0
0
0
0
0
0
0
0
0
0
0
0
0
0
0
0
0
0
0
0
0
0
0
0
0
0
0
0
0
0
0
0
0
0
0
0
0
0
0
0
0
0
0
0
0
0
0
0
0
0
0
0
0
0
0
0
0
0
0
0
0
0
0
0
0
0
0
0
0
0
0
0
0
0
0
0
0
0
0
0
0
0
0
0
0
0
0
0
0
0
0
0
0
0
0
0
0
0
0
0
0
0
0
0
0
0
0
0
0
0
0
0
0
0
0
0
0
0
0
0
0
0
0
0
0
0
0
0
0
0
0
0
0
0
0
0
0
0
0
0
0
0
0
0
0
0
0
0.0117647
0.345098
0.00392157
0.705882
0.533333
0.564706
0.643137
0.0313726
0
0
0
0
0
0
0
0
0
0
0
0
0.0745098
0.843137
0
0.113725
0.0627451
0.133333
0.866667
0.00392157
0
0
0
0
0
0
0
0
0
0
0
0
0.0117647
0.792157
0.00784314
0
0
0.12549
0.537255
0
0
0
0
0
0
0
0
0
0
0
0
0
0
0.639216
0.266667
0
0
0.341176
0.172549
0
0
0
0
0
0
0
0
0
0
0
0
0
0
0.333333
0.541176
0
0.027451
0.294118
0.0431373
0
0
0
0
0
0
0
0
0
0
0
0
0
0
0.0745098
0.764706
0
0.101961
0.380392
0
0
0
0
0
0
0
0
0
0
0
0
0
0
0
0
0.670588
0.227451
0.709804
0.12549
0
0
0
0
0
0
0
0
0
0
0
0
0
0
0
0
0.32549
0.835294
0.666667
0
0
0
0
0
0
0
0
0
0
0
0
0
0
0
0
0
0.0235294
0.760784
0.121569
0
0
0
0
0
0
0
0
0
0
0
0
0
0
0
0
0
0
0
0
0
0
0
0
0
0
0
0
0
0
0
0
0
0
0
0
0
0
0
0
0
0
0
0
0
0
0
0
0
0
0
0
0
0
0
0
0
0
0
0
0
0
0
0
0
0
0
0
0
0
0
0
0
0
0
0
0
0
0
0
0
0
0
0
0
0
0
0
