0
0
0
0
0
0
0
0
0
0
0
0
0
0
0
0
0
0
0
0
0
0
0
0
0
0
0
0
0
0
0
0
0
0
0
0
0
0
0
0
0
0
0
0
0
0
0
0
0
0
0
0
0
0
0
0
0
0
0
0
0
0
0
0
0
0
0
0
0
0
0
0
0
0
0
0
0
0
0
0
0
0
0
0
0
0
0
0
0
0
0
0
0
0
0
0
0
0
0
0
0
0
0
0
0
0
0
0
0
0
0
0
0
0
0
0
0
0
0
0
0
0
0
0
0
0
0
0
0
0.380392
0.109804
0.00784314
0
0
0
0
0
0
0
0
0
0
0
0
0
0
0
0
0.180392
0.839216
0.47451
0.670588
0.0117647
0
0
0
0
0
0
0
0
0
0
0
0
0
0
0.0352941
0.811765
0.223529
0.00392157
0.521569
0.713726
0.054902
0
0
0
0
0
0
0
0
0
0
0
0
0
0.556863
0.454902
0
0
0
0.301961
0.67451
0.0431373
0
0
0
0
0
0
0
0
0
0
0
0.109804
0.760784
0.0117647
0
0
0
0
0.333333
0.443137
0
0
0
0
0
0
0
0
0
0
0
0.670588
0.27451
0
0
0
0
0
0
0.631373
0.2
0
0
0
0
0
0
0
0
0
0.313726
0.756863
0.172549
0.2
0.168627
0.0862745
0.0392157
0.12549
0.188235
0.501961
0.509804
0
0
0
0
0
0
0
0
0
0.341176
0.458824
0.419608
0.533333
0.419608
0.337255
0.235294
0.505882
0.654902
0.686275
0.32549
0
0
0
0
0
0
0
0
0
0
0
0
0
0
0
0
0
0
0
0
0
0
0
0
0
0
0
0
0
0
0
0
0
0
0
0
0
0
0
0
0
0
0
0
0
0
0
0
0
0
0
0
0
0
0
0
0
0
0
0
0
0
0
0
0
0
0
0
0
0
0
0
0
0
0
0
0
0
0
0
0
0
0
0
0
0
0
0
0
0
0
0
0
0
0
0
0
0
0
0
0
0
0
0
0
0
0
0
0
0
0
0
0
0
0
0
0
0
0
0
0
0
0
0
