0
0
0
0
0
0
0
0
0
0
0
0
0
0
0
0
0
0
0
0
0
0
0
0
0
0
0
0
0
0
0
0
0
0
0
0
0
0
0
0
0
0
0
0
0
0
0
0
0
0
0
0
0
0
0
0
0
0
0
0
0
0
0
0
0
0
0
0
0
0
0
0
0
0
0
0
0
0
0
0
0
0
0
0
0
0
0
0
0
0
0
0
0
0
0
0
0
0
0
0
0
0
0
0
0
0
0
0
0
0.0235294
0.219608
0
0
0
0
0
0
0
0
0
0
0
0
0
0
0
0
0
0
0.509804
0.811765
0.172549
0
0
0
0
0
0
0
0
0
0
0
0
0
0
0
0
0.0352941
0.737255
0.258824
0.768627
0.0313726
0
0
0
0
0
0
0
0
0
0
0
0
0
0
0
0.454902
0.176471
0
0.396078
0.556863
0
0
0
0
0
0
0
0
0
0
0
0
0
0
0.239216
0.419608
0
0
0
0.470588
0.235294
0
0
0
0
0
0
0
0
0
0
0
0
0.133333
0.105882
0
0
0
0
0.027451
0.592157
0.0784314
0
0
0
0
0
0
0
0
0
0
0.027451
0.709804
0.192157
0
0
0
0
0
0.00392157
0.694118
0.0862745
0
0
0
0
0
0
0
0
0
0.556863
0.803922
0.337255
0.211765
0.0235294
0.00784314
0.027451
0.0313726
0.0352941
0.392157
0.619608
0
0
0
0
0
0
0
0
0
0.247059
0.466667
0.427451
0.6
0.341176
0.231373
0.396078
0.447059
0.627451
0.768627
0.337255
0
0
0
0
0
0
0
0
0
0
0
0
0
0
0
0
0
0
0
0
0
0
0
0
0
0
0
0
0
0
0
0
0
0
0
0
0
0
0
0
0
0
0
0
0
0
0
0
0
0
0
0
0
0
0
0
0
0
0
0
0
0
0
0
0
0
0
0
0
0
0
0
0
0
0
0
0
0
0
0
0
0
0
0
0
0
0
0
0
0
0
0
0
0
0
0
0
0
0
0
0
0
0
0
0
0
0
0
0
0
0
0
0
0
0
0
0
0
0
0
0
0
0
0
