0
0
0
0
0
0
0
0
0
0
0
0
0
0
0
0
0
0
0
0
0
0
0
0
0
0
0
0
0
0
0
0
0
0
0
0
0
0
0
0
0
0
0
0
0
0
0
0
0
0
0
0
0
0
0
0
0
0
0
0
0
0
0
0
0
0
0
0
0
0
0
0
0
0
0
0
0
0
0
0
0
0
0
0
0
0
0
0
0
0
0
0
0
0
0
0
0
0
0
0
0
0
0
0
0
0
0
0
0
0
0
0
0
0
0
0
0
0
0
0
0
0
0
0
0
0
0
0
0
0
0
0
0
0
0
0
0
0
0
0
0
0
0
0
0
0
0
0
0
0
0.156863
0.0862745
0
0
0
0
0
0
0
0
0
0
0
0
0
0
0
0
0
0
0.560784
0.360784
0
0
0
0
0
0
0
0
0
0
0
0
0
0
0
0
0
0
0.572549
0.305882
0
0
0
0
0
0
0
0
0
0
0
0
0
0
0
0
0.0862745
0.0941176
0.564706
0.207843
0
0
0
0
0
0
0
0
0
0
0
0
0
0
0
0
0.521569
0.980392
0.996078
0.980392
0.92549
0.341176
0
0
0
0
0
0
0
0
0
0
0
0
0
0
0
0.223529
0.623529
0.333333
0.0901961
0.0235294
0
0
0
0
0
0
0
0
0
0
0
0
0
0
0
0
0.698039
0.235294
0
0
0
0
0
0
0
0
0
0
0
0
0
0
0
0
0
0
0.243137
0.054902
0
0
0
0
0
0
0
0
0
0
0
0
0
0
0
0
0
0
0
0
0
0
0
0
0
0
0
0
0
0
0
0
0
0
0
0
0
0
0
0
0
0
0
0
0
0
0
0
0
0
0
0
0
0
0
0
0
0
0
0
0
0
0
0
0
0
0
0
0
0
0
0
0
0
0
0
0
0
0
0
0
0
0
0
0
0
0
0
0
0
0
0
0
0
0
0
0
0
0
0
0
0
0
0
0
0
0
0
