0
0
0
0
0
0
0
0
0
0
0
0
0
0
0
0
0
0
0
0
0
0
0
0
0
0
0
0
0
0
0
0
0
0
0
0
0
0
0
0
0
0
0
0
0
0
0
0
0
0
0
0
0
0
0
0
0
0
0
0
0
0
0
0
0
0
0
0
0
0
0
0
0
0
0
0
0
0
0
0
0
0
0
0
0
0
0
0
0
0
0
0
0
0
0
0
0
0
0
0
0
0
0
0
0
0
0
0
0
0
0
0
0
0
0
0
0
0
0
0
0
0
0
0
0
0
0
0
0
0
0.168627
0.2
0
0
0
0
0
0
0
0
0
0
0
0
0
0
0
0
0
0
0.486275
0.431373
0
0
0
0
0
0
0
0
0
0
0
0
0
0
0
0
0
0
0.478431
0.411765
0
0
0
0
0
0
0
0
0
0
0
0
0
0
0
0
0
0
0.364706
0.298039
0
0
0
0
0
0
0
0
0
0
0
0
0
0
0
0
0.564706
0.819608
0.905882
0.890196
0.835294
0.643137
0
0
0
0
0
0
0
0
0
0
0
0
0
0
0.0470588
0.0862745
0.521569
0.454902
0.101961
0.0470588
0
0
0
0
0
0
0
0
0
0
0
0
0
0
0
0
0.486275
0.419608
0
0
0
0
0
0
0
0
0
0
0
0
0
0
0
0
0
0
0.470588
0.403922
0
0
0
0
0
0
0
0
0
0
0
0
0
0
0
0
0
0
0.0235294
0.0117647
0
0
0
0
0
0
0
0
0
0
0
0
0
0
0
0
0
0
0
0
0
0
0
0
0
0
0
0
0
0
0
0
0
0
0
0
0
0
0
0
0
0
0
0
0
0
0
0
0
0
0
0
0
0
0
0
0
0
0
0
0
0
0
0
0
0
0
0
0
0
0
0
0
0
0
0
0
0
0
0
0
0
0
0
0
0
0
0
0
0
0
0
0
0
0
0
0
0
0
0
0
0
0
0
0
0
0
0
