0
0
0
0
0
0
0
0
0
0
0
0
0
0
0
0
0
0
0
0
0
0
0
0
0
0
0
0
0
0
0
0
0
0
0
0
0
0
0
0
0
0
0
0
0
0
0
0
0
0
0
0
0
0
0
0
0
0
0
0
0
0
0
0
0
0
0
0
0
0
0
0
0
0
0
0
0
0
0
0
0
0
0
0
0
0
0
0
0
0
0
0
0
0
0
0
0
0
0
0
0
0
0
0
0
0
0
0
0
0
0.141176
0.0901961
0
0
0
0
0
0
0
0
0
0
0
0
0
0
0
0
0.141176
0.776471
0.788235
0.898039
0.0627451
0
0
0
0
0
0
0
0
0
0
0
0
0
0
0.0117647
0.792157
0.27451
0
0.498039
0.258824
0
0
0
0
0
0
0
0
0
0
0
0
0
0
0
0.298039
0
0
0.298039
0.360784
0
0
0
0
0
0
0
0
0
0
0
0
0
0
0
0
0
0
0.32549
0.388235
0
0
0
0
0
0
0
0
0
0
0
0
0
0
0
0
0.0117647
0.152941
0.737255
0.388235
0
0
0
0
0
0
0
0
0
0
0
0
0
0
0
0
0.729412
0.878431
0.843137
0.576471
0
0
0
0
0
0
0
0
0
0
0
0
0
0
0
0
0.0235294
0
0.0941176
0.823529
0
0
0
0
0
0
0
0
0
0
0
0
0
0
0
0
0
0
0.0901961
0.760784
0
0
0
0
0
0
0
0
0
0
0
0
0
0
0
0
0
0
0.223529
0.678431
0
0
0
0
0
0
0
0
0
0
0
0
0
0
0
0.0117647
0.180392
0.156863
0.603922
0.447059
0
0
0
0
0
0
0
0
0
0
0
0
0
0
0
0.109804
0.745098
0.756863
0.670588
0.0313726
0
0
0
0
0
0
0
0
0
0
0
0
0
0
0
0
0
0
0
0
0
0
0
0
0
0
0
0
0
0
0
0
0
0
0
0
0
0
0
0
0
0
0
0
0
0
0
0
0
0
0
0
0
0
0
0
0
0
0
0
0
0
0
0
0
0
0
