0
0
0
0
0
0
0
0
0
0
0
0
0
0
0
0
0
0
0
0
0
0
0
0
0
0
0
0
0
0
0
0
0
0
0
0
0
0
0
0
0
0
0
0
0
0
0
0
0
0
0
0
0
0
0
0
0
0
0
0
0
0
0
0
0
0
0
0
0
0
0
0
0
0
0
0
0
0
0
0
0
0
0
0
0
0
0
0
0.188235
0.419608
0.407843
0.270588
0.121569
0.0470588
0.0313726
0
0
0
0
0
0
0
0
0
0
0
0
0.176471
0.878431
0.509804
0.47451
0.47451
0.466667
0.611765
0.4
0
0
0
0
0
0
0
0
0
0
0
0
0.768627
0.258824
0
0
0
0
0
0
0
0
0
0
0
0
0
0
0
0
0
0.172549
0.772549
0
0
0
0
0
0
0
0
0
0
0
0
0
0
0
0
0
0
0.203922
0.670588
0
0
0
0
0
0
0
0
0
0
0
0
0
0
0
0
0
0
0.203922
0.670588
0.470588
0.72549
0.631373
0.556863
0.341176
0.0431373
0
0
0
0
0
0
0
0
0
0
0
0
0.192157
0.968627
0.694118
0.145098
0.164706
0.301961
0.611765
0.87451
0.188235
0
0
0
0
0
0
0
0
0
0
0
0.129412
0.890196
0.00392157
0
0
0
0
0.298039
0.67451
0
0
0
0
0
0
0
0
0
0
0
0.00392157
0.870588
0
0
0
0
0
0.00784314
0.866667
0.0470588
0
0
0
0
0
0
0
0
0
0
0
0.847059
0.0784314
0
0
0
0
0
0.737255
0.137255
0
0
0
0
0
0
0
0
0
0
0
0.658824
0.278431
0
0
0
0
0
0.768627
0.12549
0
0
0
0
0
0
0
0
0
0
0
0.266667
0.764706
0.00392157
0
0
0
0.360784
0.776471
0
0
0
0
0
0
0
0
0
0
0
0
0
0.705882
0.513726
0.231373
0.243137
0.529412
0.847059
0.101961
0
0
0
0
0
0
0
0
0
0
0
0
0
0.0627451
0.537255
0.545098
0.576471
0.439216
0.0431373
0
0
0
0
0
0
0
0
0
0
0
0
0
0
0
0
0
0
0
0
0
0
0
0
0
0
0
0
0
0
0
0
0
0
0
0
0
0
0
0
0
0
0
0
0
0
