0
0
0
0
0
0
0
0
0
0
0
0
0
0
0
0
0
0
0
0
0
0
0
0
0
0
0
0
0
0
0
0
0
0
0
0
0
0
0
0
0
0
0
0
0
0
0
0
0
0
0
0
0
0
0
0
0
0
0
0
0
0
0
0
0
0
0
0
0
0
0
0
0
0
0
0
0
0
0
0
0
0
0
0
0
0
0
0
0
0
0
0
0
0
0
0
0
0
0
0
0
0
0
0
0
0
0
0
0
0
0.0117647
0.352941
0.466667
0
0
0
0
0
0
0
0
0
0
0
0
0
0
0
0
0
0.564706
0.698039
0.211765
0
0
0
0
0
0
0
0
0
0
0
0
0
0
0
0
0.411765
0.741176
0.0392157
0
0
0
0
0
0
0
0
0
0
0
0
0
0
0
0
0.0627451
0.835294
0.0784314
0
0
0
0
0
0
0
0
0
0
0
0
0
0
0
0
0
0.278431
0.639216
0
0
0
0
0
0
0
0
0
0
0
0
0
0
0
0
0
0
0.352941
0.952941
0.878431
0.886275
0.8
0.2
0
0
0
0
0
0
0
0
0
0
0
0
0
0
0.352941
0.705882
0.0117647
0.0196078
0.266667
0.854902
0.00392157
0
0
0
0
0
0
0
0
0
0
0
0
0
0.305882
0.654902
0
0
0
0.905882
0.0235294
0
0
0
0
0
0
0
0
0
0
0
0
0
0.0705882
0.921569
0.0666667
0.0352941
0.643137
0.658824
0
0
0
0
0
0
0
0
0
0
0
0
0
0
0
0.435294
0.909804
0.878431
0.52549
0.0117647
0
0
0
0
0
0
0
0
0
0
0
0
0
0
0
0
0.0784314
0.152941
0
0
0
0
0
0
0
0
0
0
0
0
0
0
0
0
0
0
0
0
0
0
0
0
0
0
0
0
0
0
0
0
0
0
0
0
0
0
0
0
0
0
0
0
0
0
0
0
0
0
0
0
0
0
0
0
0
0
0
0
0
0
0
0
0
0
0
0
0
0
0
0
0
0
0
0
0
0
0
0
0
0
0
0
0
0
0
0
