0
0
0
0
0
0
0
0
0
0
0
0
0
0
0
0
0
0
0
0
0
0
0
0
0
0
0
0
0
0
0
0
0
0
0
0
0
0
0
0
0
0
0
0
0
0
0
0
0
0
0
0
0
0
0
0
0
0
0
0
0
0
0
0
0
0
0
0
0
0
0
0
0
0
0
0
0
0
0
0
0
0
0
0
0
0
0
0
0
0
0
0.145098
0.00392157
0
0
0
0
0
0
0
0
0
0
0
0
0
0
0
0
0
0.411765
0.858824
0.0705882
0
0
0
0
0
0
0
0
0
0
0
0
0
0
0
0
0.266667
0.827451
0.054902
0
0
0
0
0
0
0
0
0
0
0
0
0
0
0
0
0.12549
0.843137
0.109804
0
0
0
0
0
0
0
0
0
0
0
0
0
0
0
0
0
0.607843
0.337255
0
0
0
0
0
0
0
0
0
0
0
0
0
0
0
0
0
0.00392157
0.905882
0.509804
0.486275
0.396078
0.0117647
0
0
0
0
0
0
0
0
0
0
0
0
0
0
0.0117647
0.968627
0.486275
0.419608
0.654902
0.662745
0
0
0
0
0
0
0
0
0
0
0
0
0
0
0.0352941
0.690196
0
0
0
0.662745
0.376471
0
0
0
0
0
0
0
0
0
0
0
0
0
0.0666667
0.8
0
0
0
0.0980392
0.862745
0.0235294
0
0
0
0
0
0
0
0
0
0
0
0
0.0666667
0.839216
0
0
0
0
0.788235
0.113725
0
0
0
0
0
0
0
0
0
0
0
0
0
0.87451
0.0784314
0
0
0.180392
0.866667
0.00784314
0
0
0
0
0
0
0
0
0
0
0
0
0
0.403922
0.854902
0.529412
0.52549
0.862745
0.219608
0
0
0
0
0
0
0
0
0
0
0
0
0
0
0
0.12549
0.380392
0.4
0.0666667
0
0
0
0
0
0
0
0
0
0
0
0
0
0
0
0
0
0
0
0
0
0
0
0
0
0
0
0
0
0
0
0
0
0
0
0
0
0
0
0
0
0
0
0
0
0
0
0
0
0
0
0
0
0
0
0
0
0
0
0
0
0
0
0
0
0
0
