0
0
0
0
0
0
0
0
0
0
0
0
0
0
0
0
0
0
0
0
0
0
0
0
0
0
0
0
0
0
0
0
0
0
0
0
0
0
0
0
0
0
0
0
0
0
0
0
0
0
0
0
0
0
0
0
0
0
0
0
0
0
0
0
0
0
0
0
0
0
0
0
0
0
0
0
0
0
0
0
0
0
0
0
0
0
0
0
0
0
0
0
0
0
0
0
0
0
0
0
0
0
0
0
0
0
0
0
0
0
0
0
0.27451
0.470588
0
0
0
0
0
0
0
0
0
0
0
0
0
0
0
0
0.0117647
0.52549
0.807843
0.164706
0
0
0
0
0
0
0
0
0
0
0
0
0
0
0
0.00392157
0.658824
0.537255
0.027451
0
0
0
0
0
0
0
0
0
0
0
0
0
0
0
0
0.27451
0.552941
0.00392157
0
0
0
0
0
0
0
0
0
0
0
0
0
0
0
0
0.0627451
0.878431
0.101961
0.486275
0.764706
0.0431373
0
0
0
0
0
0
0
0
0
0
0
0
0
0
0.372549
0.592157
0
0
0.490196
0.564706
0
0
0
0
0
0
0
0
0
0
0
0
0
0
0.694118
0.231373
0
0
0.0313726
0.878431
0.054902
0
0
0
0
0
0
0
0
0
0
0
0
0
0.745098
0.145098
0
0
0
0.678431
0.211765
0
0
0
0
0
0
0
0
0
0
0
0
0
0.619608
0.360784
0
0
0.027451
0.854902
0.101961
0
0
0
0
0
0
0
0
0
0
0
0
0
0.109804
0.843137
0.529412
0.356863
0.721569
0.513726
0
0
0
0
0
0
0
0
0
0
0
0
0
0
0
0.0745098
0.407843
0.552941
0.321569
0
0
0
0
0
0
0
0
0
0
0
0
0
0
0
0
0
0
0
0
0
0
0
0
0
0
0
0
0
0
0
0
0
0
0
0
0
0
0
0
0
0
0
0
0
0
0
0
0
0
0
0
0
0
0
0
0
0
0
0
0
0
0
0
0
0
0
0
0
0
0
0
0
0
0
0
0
0
0
0
0
0
0
0
0
0
0
