0
0
0
0
0
0
0
0
0
0
0
0
0
0
0
0
0
0
0
0
0
0
0
0
0
0
0
0
0
0
0
0
0
0
0
0
0
0
0
0
0
0
0
0
0
0
0
0
0
0
0
0
0
0
0
0
0
0
0
0
0
0
0
0
0
0
0
0
0
0
0
0
0
0
0
0
0
0
0
0
0
0
0
0
0
0
0
0
0
0
0
0.0627451
0.435294
0.654902
0.588235
0
0
0
0
0
0
0
0
0
0
0
0
0
0
0
0.258824
0.843137
0.501961
0.219608
0.152941
0
0
0
0
0
0
0
0
0
0
0
0
0
0
0.270588
0.505882
0.00392157
0
0
0
0
0
0
0
0
0
0
0
0
0
0
0
0
0.0862745
0.658824
0.0431373
0
0
0
0
0
0
0
0
0
0
0
0
0
0
0
0
0
0.333333
0.564706
0
0
0
0
0
0
0
0
0
0
0
0
0
0
0
0
0
0
0.439216
0.431373
0
0
0
0
0
0
0
0
0
0
0
0
0
0
0
0
0
0
0.470588
0.403922
0.192157
0.321569
0.141176
0
0
0
0
0
0
0
0
0
0
0
0
0
0
0
0.447059
0.839216
0.796078
0.545098
0.831373
0.435294
0
0
0
0
0
0
0
0
0
0
0
0
0
0
0.388235
0.439216
0.0313726
0
0.0392157
0.803922
0.180392
0
0
0
0
0
0
0
0
0
0
0
0
0
0.12549
0.709804
0
0
0
0.431373
0.466667
0
0
0
0
0
0
0
0
0
0
0
0
0
0
0.709804
0.262745
0
0
0.439216
0.364706
0
0
0
0
0
0
0
0
0
0
0
0
0
0
0.164706
0.819608
0.803922
0.756863
0.807843
0.0588235
0
0
0
0
0
0
0
0
0
0
0
0
0
0
0
0
0.0745098
0.145098
0.0235294
0
0
0
0
0
0
0
0
0
0
0
0
0
0
0
0
0
0
0
0
0
0
0
0
0
0
0
0
0
0
0
0
0
0
0
0
0
0
0
0
0
0
0
0
0
0
0
0
0
0
0
0
0
0
0
0
0
0
0
0
0
0
0
0
0
0
