0
0
0
0
0
0
0
0
0
0
0
0
0
0
0
0
0
0
0
0
0
0
0
0
0
0
0
0
0
0
0
0.0901961
0.27451
0.278431
0.0117647
0
0
0
0
0
0
0
0
0
0
0
0
0
0
0.00392157
0.494118
0.854902
0.619608
0.611765
0.0627451
0
0
0
0
0
0
0
0
0
0
0
0
0
0
0.494118
0.537255
0.0431373
0
0
0
0
0
0
0
0
0
0
0
0
0
0
0
0
0.360784
0.52549
0
0
0
0
0
0
0
0
0
0
0
0
0
0
0
0
0
0.0862745
0.760784
0
0
0
0
0
0
0
0
0
0
0
0
0
0
0
0
0
0
0.360784
0.556863
0
0
0
0
0
0
0
0
0
0
0
0
0
0
0
0
0
0
0.607843
0.890196
0.819608
0.670588
0.447059
0.027451
0
0
0
0
0
0
0
0
0
0
0
0
0
0
0.380392
0.152941
0.113725
0.219608
0.596078
0.721569
0.0235294
0
0
0
0
0
0
0
0
0
0
0
0
0
0.47451
0.00392157
0
0
0
0.521569
0.494118
0
0
0
0
0
0
0
0
0
0
0
0
0
0.627451
0
0
0
0
0.0431373
0.819608
0.137255
0
0
0
0
0
0
0
0
0
0
0
0
0.788235
0
0
0
0
0
0.27451
0.67451
0
0
0
0
0
0
0
0
0
0
0
0
0.87451
0
0
0
0
0
0.00784314
0.827451
0.101961
0
0
0
0
0
0
0
0
0
0
0
0.847059
0.027451
0
0
0
0
0
0.611765
0.270588
0
0
0
0
0
0
0
0
0
0
0
0.670588
0.160784
0
0
0
0
0
0.580392
0.247059
0
0
0
0
0
0
0
0
0
0
0
0.309804
0.501961
0
0
0
0
0.0392157
0.764706
0.0666667
0
0
0
0
0
0
0
0
0
0
0
0.0431373
0.807843
0.2
0
0
0.0745098
0.678431
0.341176
0
0
0
0
0
0
0
0
0
0
0
0
0
0.180392
0.839216
0.772549
0.701961
0.866667
0.423529
0
0
0
0
0
0
0
0
0
0
0
0
0
0
0
0.0235294
0.141176
0.188235
0.0392157
0
0
0
0
0
0
0
0
0
0
0
0
0
0
0
0
0
0
0
0
0
0
0
0
0
0
0
