0
0
0
0
0
0
0
0
0
0
0
0
0
0
0
0
0
0
0
0
0
0
0
0
0
0
0
0
0
0
0
0
0
0
0
0
0
0
0
0
0
0
0
0
0
0
0
0
0
0
0
0
0
0
0
0
0
0
0
0
0
0
0
0
0
0
0
0
0
0
0
0
0
0
0
0
0
0
0
0
0
0
0
0
0
0
0
0
0
0
0
0
0
0
0
0
0
0
0
0
0
0
0
0
0
0
0
0
0
0
0
0
0
0
0
0
0
0
0
0
0
0
0
0
0
0
0
0
0
0
0
0
0
0
0
0
0
0
0
0
0
0
0
0
0
0
0
0
0
0
0
0
0
0
0
0
0
0
0
0
0
0
0
0
0
0
0
0.203922
0.0666667
0
0
0
0
0.0745098
0
0
0
0
0
0
0
0
0
0
0
0
0
0.423529
0.654902
0
0
0
0.235294
0.686275
0
0
0
0
0
0
0
0
0
0
0
0
0
0.00392157
0.733333
0.192157
0
0
0.607843
0.301961
0
0
0
0
0
0
0
0
0
0
0
0
0
0
0.235294
0.8
0.027451
0.00784314
0.788235
0.027451
0
0
0
0
0
0
0
0
0
0
0
0
0
0
0
0.447059
0.698039
0.662745
0.27451
0
0
0
0
0
0
0
0
0
0
0
0
0
0
0
0
0
0.462745
0.803922
0.0196078
0
0
0
0
0
0
0
0
0
0
0
0
0
0
0
0
0
0
0
0
0
0
0
0
0
0
0
0
0
0
0
0
0
0
0
0
0
0
0
0
0
0
0
0
0
0
0
0
0
0
0
0
0
0
0
0
0
0
0
0
0
0
0
0
0
0
0
0
0
0
0
0
0
0
0
0
0
0
0
0
0
0
0
0
0
0
0
0
0
0
0
0
0
0
0
0
0
0
0
0
0
0
0
0
0
0
0
0
0
0
0
0
0
0
0
0
0
0
0
0
0
0
0
0
0
0
0
