0
0
0
0
0
0
0
0
0
0
0
0
0
0
0
0
0
0
0
0
0
0
0
0
0
0
0
0
0
0
0
0
0
0
0
0
0
0
0
0
0
0
0
0
0
0
0
0
0
0
0
0
0
0
0
0
0
0
0
0
0
0
0
0
0
0
0
0
0
0
0
0
0
0
0
0
0
0
0
0
0
0
0
0
0
0
0
0
0
0
0
0
0
0
0
0
0
0
0
0
0
0
0
0
0
0
0
0
0
0
0
0
0
0
0
0
0
0
0
0
0
0
0
0
0
0
0
0
0
0
0
0
0
0
0
0
0
0
0
0
0
0
0
0
0
0
0
0
0
0
0
0
0
0
0
0
0
0
0
0
0
0
0
0
0
0
0
0
0.0117647
0.286275
0
0
0
0.501961
0.00784314
0
0
0
0
0
0
0
0
0
0
0
0
0
0.0745098
0.807843
0
0
0.180392
0.835294
0
0
0
0
0
0
0
0
0
0
0
0
0
0
0.0784314
0.811765
0
0.0627451
0.792157
0.211765
0
0
0
0
0
0
0
0
0
0
0
0
0
0
0.0313726
0.839216
0.0470588
0.756863
0.376471
0
0
0
0
0
0
0
0
0
0
0
0
0
0
0
0
0.721569
0.654902
0.439216
0
0
0
0
0
0
0
0
0
0
0
0
0
0
0
0
0
0.541176
0.792157
0.0313726
0
0
0
0
0
0
0
0
0
0
0
0
0
0
0
0
0
0.0901961
0.054902
0
0
0
0
0
0
0
0
0
0
0
0
0
0
0
0
0
0
0
0
0
0
0
0
0
0
0
0
0
0
0
0
0
0
0
0
0
0
0
0
0
0
0
0
0
0
0
0
0
0
0
0
0
0
0
0
0
0
0
0
0
0
0
0
0
0
0
0
0
0
0
0
0
0
0
0
0
0
0
0
0
0
0
0
0
0
0
0
0
0
0
0
0
0
0
0
0
0
0
0
0
0
0
0
0
0
0
0
0
