0
0
0
0
0
0
0
0
0
0
0
0
0
0
0
0
0
0
0
0
0
0
0
0
0
0
0
0
0
0
0
0
0
0
0
0
0
0
0
0
0
0
0
0
0
0
0
0
0
0
0
0
0
0
0
0
0
0
0
0
0
0
0
0
0
0
0
0
0
0
0
0
0
0
0
0
0
0
0
0
0
0
0
0
0
0
0
0
0
0
0
0
0
0
0
0
0
0
0
0
0
0
0
0
0
0
0
0
0
0
0
0
0
0
0
0
0
0
0
0
0
0
0
0
0
0
0
0
0
0.00392157
0
0
0
0
0
0
0
0
0
0
0
0
0
0
0
0
0
0
0.247059
0.627451
0
0
0
0
0
0
0
0
0
0
0
0
0
0
0
0
0
0
0.0431373
0.886275
0
0
0
0
0
0
0
0
0
0
0
0
0
0
0
0
0
0
0
0.811765
0.109804
0
0
0.345098
0.27451
0
0
0
0
0
0
0
0
0
0
0
0
0
0
0.4
0.466667
0
0.00392157
0.807843
0.172549
0
0
0
0
0
0
0
0
0
0
0
0
0
0
0.054902
0.788235
0
0.243137
0.698039
0
0
0
0
0
0
0
0
0
0
0
0
0
0
0
0
0.443137
0.235294
0.788235
0.2
0
0
0
0
0
0
0
0
0
0
0
0
0
0
0
0
0.0901961
0.933333
0.635294
0
0
0
0
0
0
0
0
0
0
0
0
0
0
0
0
0
0
0.521569
0.172549
0
0
0
0
0
0
0
0
0
0
0
0
0
0
0
0
0
0
0
0
0
0
0
0
0
0
0
0
0
0
0
0
0
0
0
0
0
0
0
0
0
0
0
0
0
0
0
0
0
0
0
0
0
0
0
0
0
0
0
0
0
0
0
0
0
0
0
0
0
0
0
0
0
0
0
0
0
0
0
0
0
0
0
0
0
0
0
0
0
0
0
0
0
0
0
0
0
0
0
0
0
0
0
0
0
0
0
