0
0
0
0
0
0
0
0
0
0
0
0
0
0
0
0
0
0
0
0
0
0
0
0
0
0
0
0
0
0
0
0
0
0
0
0
0
0
0
0
0
0
0
0
0
0
0
0
0
0
0
0
0
0
0
0
0
0
0
0
0
0
0
0
0
0
0
0
0
0
0
0
0
0
0
0
0
0
0
0
0
0
0
0
0
0
0
0
0
0
0
0.00392157
0
0
0
0
0
0
0
0
0
0
0
0
0
0
0
0
0
0
0.0745098
0.580392
0
0
0
0
0
0
0
0
0
0
0
0
0
0
0
0
0
0
0
0
0
0
0
0
0
0
0
0
0
0
0
0
0
0
0
0
0
0
0.227451
0.862745
0.0352941
0
0
0
0
0
0
0
0
0
0
0
0
0
0
0
0
0.313726
0.862745
0.87451
0.0666667
0
0
0
0
0
0
0
0
0
0
0
0
0
0
0
0.352941
0.796078
0.0901961
0.741176
0.141176
0
0
0
0
0
0
0
0
0
0
0
0
0
0
0
0.156863
0.0901961
0
0.745098
0.733333
0.372549
0
0
0
0
0
0
0
0
0
0
0
0
0
0
0
0
0.0235294
0.819608
0.72549
0.0117647
0
0
0
0
0
0
0
0
0
0
0
0
0
0
0
0.0117647
0.768627
0.956863
0.141176
0
0
0
0
0
0
0
0
0
0
0
0
0
0
0
0
0.588235
0.552941
0.741176
0.141176
0
0
0
0
0
0
0
0
0
0
0
0
0
0
0
0.0196078
0.972549
0.596078
0.905882
0.0666667
0
0
0
0
0
0
0
0
0
0
0
0
0
0
0
0
0.141176
0.356863
0.262745
0
0
0
0
0
0
0
0
0
0
0
0
0
0
0
0
0
0
0
0
0
0
0
0
0
0
0
0
0
0
0
0
0
0
0
0
0
0
0
0
0
0
0
0
0
0
0
0
0
0
0
0
0
0
0
0
0
0
0
0
0
0
0
0
0
0
0
0
0
0
0
0
0
0
0
0
0
0
0
0
0
0
0
0
0
0
0
0
