0
0
0
0
0
0
0
0
0
0
0
0
0
0
0
0
0
0
0
0
0
0
0
0
0
0
0
0
0
0
0
0
0
0
0
0
0
0
0
0
0
0
0
0
0
0
0
0
0
0
0
0
0
0
0
0
0
0
0
0
0
0
0
0
0
0
0
0
0
0
0
0
0
0
0
0
0
0
0
0
0
0
0
0
0
0
0
0
0
0
0
0
0
0
0
0
0
0
0
0
0
0
0
0
0
0
0
0
0
0
0.341176
0.286275
0
0
0
0
0
0
0
0
0
0
0
0
0
0
0
0
0
0
0.0235294
0.0117647
0
0
0
0
0
0
0
0
0
0
0
0
0
0
0
0
0
0
0.0862745
0.156863
0
0
0
0
0
0
0
0
0
0
0
0
0
0
0
0
0
0
0.662745
0.541176
0
0
0
0
0
0
0
0
0
0
0
0
0
0
0
0
0
0.403922
0.92549
0.505882
0
0
0
0
0
0
0
0
0
0
0
0
0
0
0
0
0.00784314
0.854902
0.313726
0.576471
0
0
0
0
0
0
0
0
0
0
0
0
0
0
0
0
0
0.00392157
0.254902
0.588235
0
0
0
0
0
0
0
0
0
0
0
0
0
0
0
0
0
0
0.2
0.67451
0
0
0
0
0
0
0
0
0
0
0
0
0
0
0
0
0
0
0.0392157
0.639216
0
0
0
0
0
0
0
0
0
0
0
0
0
0
0
0
0
0
0.00392157
0.592157
0
0
0
0
0
0
0
0
0
0
0
0
0
0
0
0
0.239216
0.862745
0.756863
0.878431
0
0
0
0
0
0
0
0
0
0
0
0
0
0
0
0
0
0.0784314
0.152941
0.109804
0
0
0
0
0
0
0
0
0
0
0
0
0
0
0
0
0
0
0
0
0
0
0
0
0
0
0
0
0
0
0
0
0
0
0
0
0
0
0
0
0
0
0
0
0
0
0
0
0
0
0
0
0
0
0
0
0
0
0
0
0
0
0
0
0
0
0
0
