0
0
0
0
0
0
0
0
0
0
0
0
0
0
0
0
0
0
0
0
0
0
0
0
0
0
0
0
0
0
0
0
0
0
0
0
0
0
0
0
0
0
0
0
0
0
0
0
0
0
0
0
0
0
0
0
0
0
0
0
0
0
0
0
0
0
0
0
0
0
0
0
0
0
0
0
0
0
0
0
0
0
0
0
0
0
0
0
0
0
0
0
0
0
0
0
0
0
0
0
0
0
0
0
0
0
0
0
0
0
0
0
0
0
0
0
0
0
0
0
0
0
0
0
0
0
0
0
0
0.176471
0.447059
0
0
0
0
0
0
0
0
0
0
0
0
0
0
0
0
0
0
0.00392157
0.0313726
0
0
0
0
0
0
0
0
0
0
0
0
0
0
0
0
0
0
0
0.266667
0.133333
0
0
0
0
0
0
0
0
0
0
0
0
0
0
0
0
0
0.145098
0.933333
0.658824
0
0
0
0
0
0
0
0
0
0
0
0
0
0
0
0
0
0.796078
0.301961
0.921569
0.0117647
0
0
0
0
0
0
0
0
0
0
0
0
0
0
0
0
0.298039
0
0.878431
0.0117647
0
0
0
0
0
0
0
0
0
0
0
0
0
0
0
0
0
0
0.870588
0.0117647
0
0
0
0
0
0
0
0
0
0
0
0
0
0
0
0
0
0.32549
0.827451
0.00392157
0
0
0
0
0
0
0
0
0
0
0
0
0
0
0
0.627451
0.596078
0.835294
0.137255
0
0
0
0
0
0
0
0
0
0
0
0
0
0
0
0
0.309804
0.564706
0.0588235
0
0
0
0
0
0
0
0
0
0
0
0
0
0
0
0
0
0
0
0
0
0
0
0
0
0
0
0
0
0
0
0
0
0
0
0
0
0
0
0
0
0
0
0
0
0
0
0
0
0
0
0
0
0
0
0
0
0
0
0
0
0
0
0
0
0
0
0
0
0
0
0
0
0
0
0
0
0
0
0
0
0
0
0
0
0
0
0
0
