0
0
0
0
0
0
0
0
0
0
0
0
0
0
0
0
0
0
0
0
0
0
0
0
0
0
0
0
0
0
0
0
0
0
0
0
0
0
0
0
0
0
0
0
0
0
0
0
0
0
0
0
0
0
0
0
0
0
0
0
0
0
0
0
0
0
0
0
0
0
0
0
0
0
0
0
0
0
0
0
0
0
0
0
0
0
0
0
0
0
0
0
0
0
0
0
0
0
0
0
0
0
0
0
0
0
0
0
0
0
0
0
0
0
0
0
0
0
0
0
0
0
0
0
0
0
0
0
0
0
0
0
0
0
0
0
0
0
0
0
0
0
0
0
0
0
0
0
0
0
0.0235294
0.686275
0.301961
0
0
0
0
0
0
0
0
0
0
0
0
0
0
0
0
0.0627451
0.768627
0.807843
0.509804
0
0
0
0
0
0
0
0
0
0
0
0
0
0
0
0
0.537255
0.52549
0.286275
0.486275
0
0
0
0
0
0
0
0
0
0
0
0
0
0
0
0
0.72549
0.141176
0.337255
0.537255
0
0
0
0
0
0
0
0
0
0
0
0
0
0
0
0
0.00392157
0
0.333333
0.533333
0
0
0
0
0
0
0
0
0
0
0
0
0
0
0
0
0
0
0.352941
0.552941
0
0
0
0
0
0
0
0
0
0
0
0
0
0
0
0
0
0
0.466667
0.47451
0
0
0
0
0
0
0
0
0
0
0
0
0
0
0
0
0
0.478431
0.905882
0.164706
0
0
0
0
0
0
0
0
0
0
0
0
0
0
0
0
0
0.00784314
0.0117647
0
0
0
0
0
0
0
0
0
0
0
0
0
0
0
0
0
0
0
0
0
0
0
0
0
0
0
0
0
0
0
0
0
0
0
0
0
0
0
0
0
0
0
0
0
0
0
0
0
0
0
0
0
0
0
0
0
0
0
0
0
0
0
0
0
0
0
0
0
0
0
0
0
0
0
0
0
0
0
0
0
0
0
0
0
0
0
0
