0
0
0
0
0
0
0
0
0
0
0
0
0
0
0
0
0
0
0
0
0
0
0
0
0
0
0
0
0
0
0
0
0
0
0
0
0
0
0
0
0
0
0
0
0
0
0
0
0
0
0
0
0
0
0
0
0
0
0
0
0
0
0
0
0
0
0
0
0
0
0
0
0
0
0
0
0
0
0
0
0
0
0
0
0
0
0
0
0
0
0
0.0745098
0.552941
0
0
0
0
0
0
0
0
0
0
0
0
0
0
0
0
0
0
0
0.0352941
0
0
0
0
0
0
0
0
0
0
0
0
0
0
0
0
0
0
0.203922
0
0
0
0
0
0
0
0
0
0
0
0
0
0
0
0
0
0
0.388235
0.996078
0.101961
0
0
0
0
0
0
0
0
0
0
0
0
0
0
0
0
0.239216
0.87451
0.662745
0.305882
0.00392157
0
0
0
0
0
0
0
0
0
0
0
0
0
0
0
0.831373
0.180392
0.443137
0.454902
0.819608
0.105882
0
0
0
0
0
0
0
0
0
0
0
0
0
0
0.0745098
0
0.298039
0.964706
0.627451
0
0
0
0
0
0
0
0
0
0
0
0
0
0
0
0
0.152941
0.780392
0.8
0.00392157
0
0
0
0
0
0
0
0
0
0
0
0
0
0
0
0.137255
0.87451
0.458824
0.745098
0
0
0
0
0
0
0
0
0
0
0
0
0
0
0
0.0705882
0.894118
0.301961
0.227451
0.713726
0
0
0
0
0
0
0
0
0
0
0
0
0
0
0
0.172549
0.87451
0.572549
0.866667
0.278431
0
0
0
0
0
0
0
0
0
0
0
0
0
0
0
0
0.305882
0.345098
0.152941
0
0
0
0
0
0
0
0
0
0
0
0
0
0
0
0
0
0
0
0
0
0
0
0
0
0
0
0
0
0
0
0
0
0
0
0
0
0
0
0
0
0
0
0
0
0
0
0
0
0
0
0
0
0
0
0
0
0
0
0
0
0
0
0
0
0
0
0
0
0
0
0
0
0
0
0
0
0
0
0
0
0
0
0
0
0
0
0
