0
0
0
0
0
0
0
0
0
0
0
0
0
0
0
0
0
0
0
0
0
0
0
0
0
0
0
0
0
0
0
0
0
0
0
0
0
0
0
0
0
0
0
0
0
0
0
0
0
0
0
0
0
0
0
0
0
0
0
0
0
0
0
0
0
0
0
0
0
0
0
0
0
0
0
0
0
0
0
0
0
0
0
0
0
0
0
0
0
0
0
0
0
0
0
0
0
0
0
0
0
0
0
0
0
0
0
0
0
0
0
0
0
0
0
0
0
0
0
0
0
0
0
0
0
0
0
0
0
0.231373
0.576471
0.870588
0.411765
0
0
0
0
0
0
0
0
0
0
0
0
0
0
0
0
0.772549
0.709804
0.6
0.796078
0.286275
0
0
0
0
0
0
0
0
0
0
0
0
0
0
0.0627451
0.87451
0.478431
0.458824
0.72549
0.32549
0
0
0
0
0
0
0
0
0
0
0
0
0
0
0.0470588
0.929412
0.862745
0.988235
0.541176
0.0117647
0
0
0
0
0
0
0
0
0
0
0
0
0
0
0
0.0313726
0.133333
0.643137
0.443137
0
0
0
0
0
0
0
0
0
0
0
0
0
0
0
0
0
0
0.0705882
0.890196
0.00392157
0
0
0
0
0
0
0
0
0
0
0
0
0
0
0
0
0
0
0.788235
0.137255
0
0
0
0
0
0
0
0
0
0
0
0
0
0
0
0
0
0
0.776471
0.133333
0
0
0
0
0
0
0
0
0
0
0
0
0
0.0352941
0
0
0
0.196078
0.847059
0.00784314
0
0
0
0
0
0
0
0
0
0
0
0
0
0.635294
0.839216
0.811765
0.819608
0.862745
0.239216
0
0
0
0
0
0
0
0
0
0
0
0
0
0
0
0.0666667
0.0784314
0.0784314
0.00784314
0
0
0
0
0
0
0
0
0
0
0
0
0
0
0
0
0
0
0
0
0
0
0
0
0
0
0
0
0
0
0
0
0
0
0
0
0
0
0
0
0
0
0
0
0
0
0
0
0
0
0
0
0
0
0
0
0
0
0
0
0
0
0
0
0
0
0
0
