0
0
0
0
0
0
0
0
0
0
0
0
0
0
0
0
0
0
0
0
0
0
0
0
0
0
0
0
0
0
0
0
0
0
0
0
0
0
0
0
0
0
0
0
0
0
0
0
0
0
0
0
0
0
0
0
0
0
0
0
0
0
0
0
0
0
0
0
0
0
0
0
0
0
0
0
0
0
0
0
0
0
0
0
0
0
0
0
0
0
0
0
0
0
0
0
0
0
0
0
0
0
0
0
0
0
0
0
0
0.0117647
0.337255
0.466667
0.447059
0
0
0
0
0
0
0
0
0
0
0
0
0
0
0
0
0.639216
0.686275
0.231373
0.792157
0
0
0
0
0
0
0
0
0
0
0
0
0
0
0
0.00392157
0.866667
0.00392157
0.0352941
0.960784
0.00784314
0
0
0
0
0
0
0
0
0
0
0
0
0
0
0.00784314
0.894118
0.00392157
0.0705882
0.976471
0.0352941
0
0
0
0
0
0
0
0
0
0
0
0
0
0
0
0.623529
0.909804
0.913725
0.92549
0.121569
0
0
0
0
0
0
0
0
0
0
0
0
0
0
0
0
0.0235294
0.0117647
0.647059
0.231373
0
0
0
0
0
0
0
0
0
0
0
0
0
0
0
0
0
0
0.47451
0.266667
0
0
0
0
0
0
0
0
0
0
0
0
0
0
0
0
0
0
0.462745
0.396078
0
0
0
0
0
0
0
0
0
0
0
0
0
0
0
0
0
0
0.533333
0.419608
0
0
0
0
0
0
0
0
0
0
0
0
0
0
0
0.0235294
0.109804
0.513726
0.843137
0.0980392
0
0
0
0
0
0
0
0
0
0
0
0
0
0.00392157
0.658824
0.901961
0.745098
0.380392
0.054902
0
0
0
0
0
0
0
0
0
0
0
0
0
0
0
0.239216
0.0352941
0
0
0
0
0
0
0
0
0
0
0
0
0
0
0
0
0
0
0
0
0
0
0
0
0
0
0
0
0
0
0
0
0
0
0
0
0
0
0
0
0
0
0
0
0
0
0
0
0
0
0
0
0
0
0
0
0
0
0
0
0
0
0
0
0
0
0
0
0
0
