0
0
0
0
0
0
0
0
0
0
0
0
0
0
0
0
0
0
0
0
0
0
0
0
0
0
0
0
0
0
0
0
0
0
0
0
0
0
0
0
0
0
0
0
0
0
0
0
0
0
0
0
0
0
0
0
0
0
0
0
0
0
0
0
0
0
0
0
0
0
0
0
0
0
0
0
0
0
0
0
0
0
0
0
0
0
0
0
0
0
0
0
0
0
0
0
0
0
0
0
0
0
0
0
0
0
0
0
0
0
0
0
0
0
0
0
0
0
0
0
0
0
0
0
0
0
0
0
0
0
0.0784314
0.145098
0
0
0
0
0
0
0
0
0
0
0
0
0
0
0
0
0
0.247059
0.709804
0.972549
0.403922
0
0
0
0
0
0
0
0
0
0
0
0
0
0
0
0.427451
0.803922
0.964706
0.592157
0.972549
0.0941176
0
0
0
0
0
0
0
0
0
0
0
0
0
0
0.00392157
0.196078
0.760784
0.0862745
1
0.12549
0
0
0
0
0
0
0
0
0
0
0
0
0
0
0
0.27451
0.772549
0.52549
0.964706
0
0
0
0
0
0
0
0
0
0
0
0
0
0
0
0
0.00392157
0.47451
0.556863
0.894118
0.0352941
0
0
0
0
0
0
0
0
0
0
0
0
0
0
0
0
0
0
0.780392
0.105882
0
0
0
0
0
0
0
0
0
0
0
0
0
0
0
0
0
0
0.690196
0.219608
0
0
0
0
0
0
0
0
0
0
0
0
0
0
0.478431
0.564706
0.372549
0.278431
0.8
0.211765
0
0
0
0
0
0
0
0
0
0
0
0
0
0
0.145098
0.341176
0.552941
0.611765
0.494118
0.0117647
0
0
0
0
0
0
0
0
0
0
0
0
0
0
0
0
0
0
0
0
0
0
0
0
0
0
0
0
0
0
0
0
0
0
0
0
0
0
0
0
0
0
0
0
0
0
0
0
0
0
0
0
0
0
0
0
0
0
0
0
0
0
0
0
0
0
0
0
0
0
0
0
0
0
0
0
0
0
0
0
0
0
0
0
0
0
