0
0
0
0
0
0
0
0
0
0
0
0
0
0
0
0
0
0
0
0
0
0
0
0
0
0
0
0
0
0
0
0
0
0
0
0
0
0
0
0
0
0
0
0
0
0
0
0
0
0
0
0
0
0
0
0
0
0
0
0
0
0
0
0
0
0
0
0
0
0
0
0
0
0
0
0
0
0
0
0
0
0
0
0
0
0
0
0
0
0
0
0
0
0
0
0
0
0
0
0
0
0
0
0
0
0
0
0
0
0
0
0.101961
0.0862745
0
0
0
0
0
0
0
0
0
0
0
0
0
0
0
0
0.109804
0.772549
0.937255
0.831373
0.0352941
0
0
0
0
0
0
0
0
0
0
0
0
0
0
0
0.619608
0.909804
0.494118
0.596078
0.372549
0
0
0
0
0
0
0
0
0
0
0
0
0
0
0
0.886275
0.819608
0.105882
0.572549
0.388235
0
0
0
0
0
0
0
0
0
0
0
0
0
0
0
0.807843
0.941176
0.690196
0.811765
0.0705882
0
0
0
0
0
0
0
0
0
0
0
0
0
0
0
0.101961
0.862745
0.329412
0
0
0
0
0
0
0
0
0
0
0
0
0
0
0
0
0
0
0.619608
0.313726
0
0
0
0
0
0
0
0
0
0
0
0
0
0
0
0
0
0
0.360784
0.592157
0
0
0
0
0
0
0
0
0
0
0
0
0
0
0
0
0
0
0.0392157
0.901961
0.00784314
0
0
0
0
0
0
0
0
0
0
0
0
0
0
0.294118
0.0705882
0
0.12549
0.921569
0.0196078
0
0
0
0
0
0
0
0
0
0
0
0
0
0
0.690196
0.698039
0.686275
0.894118
0.309804
0
0
0
0
0
0
0
0
0
0
0
0
0
0
0
0.0980392
0.266667
0.243137
0.0470588
0
0
0
0
0
0
0
0
0
0
0
0
0
0
0
0
0
0
0
0
0
0
0
0
0
0
0
0
0
0
0
0
0
0
0
0
0
0
0
0
0
0
0
0
0
0
0
0
0
0
0
0
0
0
0
0
0
0
0
0
0
0
0
0
0
0
0
0
0
