0
0
0
0
0
0
0
0
0
0
0
0
0
0
0
0
0
0
0
0
0
0
0
0
0
0
0
0
0
0
0
0
0
0
0
0
0
0
0
0
0
0
0
0
0
0
0
0
0
0
0
0
0
0
0
0
0
0
0
0
0
0
0
0
0
0
0
0
0
0
0
0
0
0
0
0
0
0
0
0
0
0
0
0
0
0
0
0
0
0
0
0
0
0
0
0
0
0
0
0
0
0
0
0
0
0
0
0
0
0
0
0
0
0
0
0
0
0
0
0
0
0
0
0
0
0
0
0
0
0.0392157
0.439216
0.607843
0.156863
0
0
0
0
0
0
0
0
0
0
0
0
0
0
0
0
0.607843
0.666667
0.647059
0.627451
0
0
0
0
0
0
0
0
0
0
0
0
0
0
0
0.0196078
0.898039
0.0352941
0.341176
0.678431
0
0
0
0
0
0
0
0
0
0
0
0
0
0
0
0.203922
0.713726
0
0.478431
0.611765
0
0
0
0
0
0
0
0
0
0
0
0
0
0
0
0.141176
0.901961
0.729412
0.945098
0.533333
0
0
0
0
0
0
0
0
0
0
0
0
0
0
0
0
0.176471
0.192157
0.360784
0.537255
0
0
0
0
0
0
0
0
0
0
0
0
0
0
0
0
0
0
0.337255
0.533333
0
0
0
0
0
0
0
0
0
0
0
0
0
0
0
0
0
0
0.537255
0.431373
0
0
0
0
0
0
0
0
0
0
0
0
0
0
0
0.172549
0.321569
0.47451
0.847059
0.0862745
0
0
0
0
0
0
0
0
0
0
0
0
0
0
0
0.580392
0.6
0.443137
0.176471
0
0
0
0
0
0
0
0
0
0
0
0
0
0
0
0
0
0
0
0
0
0
0
0
0
0
0
0
0
0
0
0
0
0
0
0
0
0
0
0
0
0
0
0
0
0
0
0
0
0
0
0
0
0
0
0
0
0
0
0
0
0
0
0
0
0
0
0
0
0
0
0
0
0
0
0
0
0
0
0
0
0
0
0
0
0
0
0
