0
0
0
0
0
0
0
0
0
0
0
0
0
0
0
0
0
0
0
0
0
0
0
0
0
0
0
0
0
0
0
0
0
0
0
0
0
0
0
0
0
0
0
0
0
0
0
0
0
0
0
0
0
0
0
0
0
0
0
0
0
0
0
0
0
0
0
0
0
0
0
0
0
0
0
0
0
0
0
0
0
0
0
0
0
0
0
0
0
0
0
0
0
0
0
0
0
0
0
0
0
0
0
0
0
0
0
0
0
0
0.133333
0.435294
0.380392
0.211765
0
0
0
0
0
0
0
0
0
0
0
0
0
0
0
0.0235294
0.796078
0.407843
0.258824
0.760784
0
0
0
0
0
0
0
0
0
0
0
0
0
0
0
0.266667
0.607843
0
0.298039
0.803922
0
0
0
0
0
0
0
0
0
0
0
0
0
0
0
0.611765
0.309804
0
0.345098
0.729412
0
0
0
0
0
0
0
0
0
0
0
0
0
0
0
0.678431
0.486275
0.286275
0.603922
0.470588
0
0
0
0
0
0
0
0
0
0
0
0
0
0
0
0.168627
0.560784
0.619608
0.666667
0.313726
0
0
0
0
0
0
0
0
0
0
0
0
0
0
0
0
0
0
0.411765
0.305882
0
0
0
0
0
0
0
0
0
0
0
0
0
0
0
0
0
0
0.545098
0.333333
0
0
0
0
0
0
0
0
0
0
0
0
0
0
0
0
0
0
0.690196
0.231373
0
0
0
0
0
0
0
0
0
0
0
0
0
0
0
0
0
0.180392
0.8
0
0
0
0
0
0
0
0
0
0
0
0
0
0
0.12549
0.819608
0.811765
0.831373
0.843137
0.180392
0
0
0
0
0
0
0
0
0
0
0
0
0
0
0
0.0862745
0.0784314
0.0392157
0.00392157
0
0
0
0
0
0
0
0
0
0
0
0
0
0
0
0
0
0
0
0
0
0
0
0
0
0
0
0
0
0
0
0
0
0
0
0
0
0
0
0
0
0
0
0
0
0
0
0
0
0
0
0
0
0
0
0
0
0
0
0
0
0
0
0
0
0
0
0
