0
0
0
0
0
0
0
0
0
0
0
0
0
0
0
0
0
0
0
0
0
0
0
0
0
0
0
0
0
0
0
0
0
0
0
0
0
0
0
0
0
0
0
0
0
0
0
0
0
0
0
0
0
0
0
0
0
0
0
0
0
0
0
0
0
0
0
0
0
0
0
0
0
0
0
0
0
0
0
0
0
0
0
0
0
0
0
0
0
0
0
0
0
0
0
0
0
0
0
0
0
0
0
0
0
0
0
0
0
0
0.207843
0.192157
0
0
0
0
0
0
0
0
0
0
0
0
0
0
0
0
0
0.156863
0.866667
0.443137
0.164706
0
0
0
0
0
0
0
0
0
0
0
0
0
0
0
0.00392157
0.811765
0.258824
0.494118
0.478431
0
0
0
0
0
0
0
0
0
0
0
0
0
0
0
0.0941176
0.768627
0
0.486275
0.470588
0
0
0
0
0
0
0
0
0
0
0
0
0
0
0
0.027451
0.847059
0.494118
0.792157
0.658824
0
0
0
0
0
0
0
0
0
0
0
0
0
0
0
0
0.12549
0.443137
0.501961
0.670588
0
0
0
0
0
0
0
0
0
0
0
0
0
0
0
0
0
0
0.203922
0.670588
0
0
0
0
0
0
0
0
0
0
0
0
0
0
0
0
0
0
0.203922
0.670588
0
0
0
0
0
0
0
0
0
0
0
0
0
0
0
0
0
0
0.227451
0.670588
0
0
0
0
0
0
0
0
0
0
0
0
0
0
0
0
0
0.0313726
0.623529
0.427451
0
0
0
0
0
0
0
0
0
0
0
0
0
0
0
0.298039
0.937255
0.905882
0.619608
0.0392157
0
0
0
0
0
0
0
0
0
0
0
0
0
0
0
0
0.00784314
0
0
0
0
0
0
0
0
0
0
0
0
0
0
0
0
0
0
0
0
0
0
0
0
0
0
0
0
0
0
0
0
0
0
0
0
0
0
0
0
0
0
0
0
0
0
0
0
0
0
0
0
0
0
0
0
0
0
0
0
0
0
0
0
0
0
0
0
0
0
