0
0
0
0
0
0
0
0
0
0
0
0
0
0
0
0
0
0
0
0
0
0
0
0
0
0
0
0
0
0
0
0
0
0
0
0
0
0
0
0
0
0
0
0
0
0
0
0
0
0
0
0
0
0
0
0
0
0
0
0
0
0
0
0
0
0
0
0
0
0
0
0
0
0
0
0
0
0
0
0
0
0
0
0
0
0
0
0
0
0
0
0
0
0
0
0
0
0
0
0
0
0
0
0
0
0
0
0
0
0
0
0
0
0
0
0
0
0
0
0
0
0
0
0
0
0
0
0
0
0
0.0588235
0.639216
0.431373
0.0392157
0
0
0
0
0
0
0
0
0
0
0
0
0
0
0
0
0.407843
1
0.862745
0.278431
0
0
0
0
0
0
0
0
0
0
0
0
0
0
0
0.0117647
0.819608
0.952941
0.8
0.262745
0
0
0
0
0
0
0
0
0
0
0
0
0
0
0.188235
0.752941
0.92549
0.643137
1
0.176471
0
0
0
0
0
0
0
0
0
0
0
0
0
0
0.541176
0.376471
0.913725
0.894118
0.913725
0.145098
0
0
0
0
0
0
0
0
0
0
0
0
0
0
0
0
0.0666667
0.0470588
0.694118
0.219608
0
0
0
0
0
0
0
0
0
0
0
0
0
0
0
0
0
0
0.709804
0.219608
0
0
0
0
0
0
0
0
0
0
0
0
0
0.0352941
0.788235
0.305882
0.0352941
0.152941
0.909804
0.0470588
0
0
0
0
0
0
0
0
0
0
0
0
0
0
0.121569
0.619608
0.878431
0.870588
0.294118
0
0
0
0
0
0
0
0
0
0
0
0
0
0
0
0
0
0
0
0
0
0
0
0
0
0
0
0
0
0
0
0
0
0
0
0
0
0
0
0
0
0
0
0
0
0
0
0
0
0
0
0
0
0
0
0
0
0
0
0
0
0
0
0
0
0
0
0
0
0
0
0
0
0
0
0
0
0
0
0
0
0
0
0
0
0
0
0
0
0
0
0
0
0
0
0
0
0
0
0
0
0
0
0
0
0
0
