0
0
0
0
0
0
0
0
0
0
0
0
0
0
0
0
0
0
0
0
0
0
0
0
0
0
0
0
0
0
0
0
0
0
0
0
0
0
0
0
0
0
0
0
0
0
0
0
0
0
0
0
0
0
0
0
0
0
0
0
0
0
0
0
0
0
0
0
0
0
0
0
0
0
0
0
0
0
0
0
0
0
0
0
0
0
0
0
0
0
0
0
0
0
0
0
0
0
0
0
0
0
0
0
0
0
0
0
0
0
0
0
0
0
0
0
0
0
0
0
0
0
0
0
0
0
0
0
0
0
0.00392157
0.227451
0.290196
0.027451
0
0
0
0
0
0
0
0
0
0
0
0
0
0
0
0
0.498039
0.780392
0.643137
0.113725
0
0
0
0
0
0
0
0
0
0
0
0
0
0
0
0.0705882
0.560784
0.0352941
0
0
0
0
0
0
0
0
0
0
0
0
0
0
0
0
0
0.368627
0.533333
0
0
0
0
0
0
0
0
0
0
0
0
0
0
0
0
0
0
0.505882
0.329412
0
0.352941
0.0235294
0
0
0
0
0
0
0
0
0
0
0
0
0
0
0
0.470588
0.564706
0.392157
0.996078
0.0784314
0
0
0
0
0
0
0
0
0
0
0
0
0
0
0
0.0235294
0.596078
0.666667
0.878431
0.0784314
0
0
0
0
0
0
0
0
0
0
0
0
0
0
0
0
0
0
0.827451
0.0745098
0
0
0
0
0
0
0
0
0
0
0
0
0
0
0
0
0
0.0352941
0.905882
0.00784314
0
0
0
0
0
0
0
0
0
0
0
0
0
0
0.180392
0.87451
0.705882
0.835294
0.447059
0
0
0
0
0
0
0
0
0
0
0
0
0
0
0
0
0.027451
0.0705882
0.105882
0
0
0
0
0
0
0
0
0
0
0
0
0
0
0
0
0
0
0
0
0
0
0
0
0
0
0
0
0
0
0
0
0
0
0
0
0
0
0
0
0
0
0
0
0
0
0
0
0
0
0
0
0
0
0
0
0
0
0
0
0
0
0
0
0
0
0
0
