0
0
0
0
0
0
0
0
0
0
0
0
0
0
0
0
0
0
0
0
0
0
0
0
0
0
0
0
0
0
0
0
0
0
0
0
0
0
0
0
0
0
0
0
0
0
0
0
0
0
0
0
0
0
0
0
0
0
0
0
0
0
0
0
0
0
0
0
0
0
0
0
0
0
0
0
0
0
0
0
0
0
0
0
0
0
0
0
0
0
0
0
0
0
0
0
0
0
0
0
0
0
0
0
0
0
0
0
0
0
0
0
0
0
0
0
0
0
0
0
0
0
0
0
0
0
0
0
0
0
0.027451
0.101961
0.113725
0
0
0
0
0
0
0
0
0
0
0
0
0
0
0
0
0.0627451
0.819608
0.827451
0.490196
0
0
0
0
0
0
0
0
0
0
0
0
0
0
0
0
0.635294
0.458824
0
0
0
0
0
0
0
0
0
0
0
0
0
0
0
0
0
0.0784314
0.858824
0.0313726
0
0
0
0
0
0
0
0
0
0
0
0
0
0
0
0
0
0.133333
0.733333
0
0.0352941
0
0
0
0
0
0
0
0
0
0
0
0
0
0
0
0
0.145098
0.745098
0.00784314
0.901961
0.027451
0
0
0
0
0
0
0
0
0
0
0
0
0
0
0
0.0627451
0.866667
0.764706
1
0.0470588
0
0
0
0
0
0
0
0
0
0
0
0
0
0
0
0
0.0705882
0.223529
0.823529
0.101961
0
0
0
0
0
0
0
0
0
0
0
0
0
0
0
0
0
0.054902
0.847059
0.137255
0
0
0
0
0
0
0
0
0
0
0
0
0
0
0
0
0.443137
0.87451
0.454902
0
0
0
0
0
0
0
0
0
0
0
0
0
0
0
0
0
0.113725
0.054902
0
0
0
0
0
0
0
0
0
0
0
0
0
0
0
0
0
0
0
0
0
0
0
0
0
0
0
0
0
0
0
0
0
0
0
0
0
0
0
0
0
0
0
0
0
0
0
0
0
0
0
0
0
0
0
0
0
0
0
0
0
0
0
0
0
0
0
0
0
