0
0
0
0
0
0
0
0
0
0
0
0
0
0
0
0
0
0
0
0
0
0
0
0
0
0
0
0
0
0
0
0
0
0
0
0
0
0
0
0
0
0
0
0
0
0
0
0
0
0
0
0
0
0
0
0
0
0
0
0
0
0
0
0
0
0
0
0
0
0
0
0
0
0
0
0
0
0
0
0
0
0
0
0
0
0
0
0
0
0
0
0
0
0
0
0
0
0
0
0
0
0
0
0
0
0
0
0
0
0
0
0
0
0
0
0
0
0
0
0
0
0
0
0
0
0
0
0
0
0
0
0
0
0
0
0
0
0
0
0
0
0
0
0
0
0
0
0
0
0
0
0.00784314
0.00784314
0
0
0
0
0
0
0
0
0
0
0
0
0
0
0
0
0.0352941
0.827451
0.878431
0.898039
0.627451
0
0
0
0
0
0
0
0
0
0
0
0
0
0
0
0.00784314
0.647059
0.447059
0.392157
0.462745
0
0
0
0
0
0
0
0
0
0
0
0
0
0
0
0
0.486275
0.380392
0.858824
0.0392157
0
0
0
0
0
0
0
0
0
0
0
0
0
0
0
0
0.541176
0.956863
0.356863
0
0
0
0
0
0
0
0
0
0
0
0
0
0
0
0
0
0.537255
0.509804
0
0
0
0
0
0
0
0
0
0
0
0
0
0
0
0
0
0
0.552941
0.278431
0
0
0
0
0
0
0
0
0
0
0
0
0
0
0
0
0
0
0.635294
0.243137
0
0
0
0
0
0
0
0
0
0
0
0
0
0
0
0
0
0
0.8
0.0941176
0
0
0
0
0
0
0
0
0
0
0
0
0
0
0
0
0
0
0.870588
0.054902
0
0
0
0
0
0
0
0
0
0
0
0
0
0
0
0
0
0
0.0745098
0
0
0
0
0
0
0
0
0
0
0
0
0
0
0
0
0
0
0
0
0
0
0
0
0
0
0
0
0
0
0
0
0
0
0
0
0
0
0
0
0
0
0
0
0
0
0
0
0
