0
0
0
0
0
0
0
0
0
0
0
0
0
0
0
0
0
0
0
0
0
0
0
0
0
0
0
0
0
0
0
0
0
0
0
0
0
0
0
0
0
0
0
0
0
0
0
0
0
0
0
0
0
0
0
0
0
0
0
0
0
0
0
0
0
0
0
0
0
0
0
0
0
0
0
0
0
0
0
0
0
0
0
0
0
0
0
0
0
0
0
0
0
0
0
0
0
0
0
0
0
0
0
0
0
0
0
0
0
0
0
0
0
0
0
0
0
0
0
0
0
0
0
0
0
0
0
0
0
0
0
0
0
0
0
0
0
0
0
0
0
0
0
0
0
0
0
0
0
0.313726
0.788235
0.231373
0.603922
0.227451
0
0
0
0
0
0
0
0
0
0
0
0
0
0
0
0.835294
0.529412
0.00784314
0.745098
0.239216
0
0
0
0
0
0
0
0
0
0
0
0
0
0
0
0.305882
0.309804
0.290196
0.835294
0
0
0
0
0
0
0
0
0
0
0
0
0
0
0
0
0.309804
0.960784
0.737255
0.176471
0
0
0
0
0
0
0
0
0
0
0
0
0
0
0
0
0.329412
0.537255
0
0
0
0
0
0
0
0
0
0
0
0
0
0
0
0
0
0
0.341176
0.541176
0
0
0
0
0
0
0
0
0
0
0
0
0
0
0
0
0
0
0.321569
0.521569
0
0
0
0
0
0
0
0
0
0
0
0
0
0
0
0
0
0
0.360784
0.560784
0
0
0
0
0
0
0
0
0
0
0
0
0
0
0
0
0
0
0.0392157
0.0862745
0
0
0
0
0
0
0
0
0
0
0
0
0
0
0
0
0
0
0
0
0
0
0
0
0
0
0
0
0
0
0
0
0
0
0
0
0
0
0
0
0
0
0
0
0
0
0
0
0
0
0
0
0
0
0
0
0
0
0
0
0
0
0
0
0
0
0
0
0
0
0
0
0
0
0
0
0
0
0
0
0
0
0
0
0
0
0
0
0
