0
0
0
0
0
0
0
0
0
0
0
0
0
0
0
0
0
0
0
0
0
0
0
0
0
0
0
0
0
0
0
0
0
0
0
0
0
0
0
0
0
0
0
0
0
0
0
0
0
0
0
0
0
0
0
0
0
0
0
0
0
0
0
0
0
0
0
0
0
0
0
0
0
0
0
0
0
0
0
0
0
0
0
0
0
0
0
0
0
0
0
0
0
0
0
0
0
0
0
0
0
0
0
0
0
0
0
0
0
0
0
0
0
0
0
0
0
0
0
0
0
0
0
0
0
0
0
0
0
0
0
0
0
0
0
0
0
0
0
0
0
0
0
0
0
0
0
0.0235294
0.435294
0.52549
0.501961
0.254902
0
0
0
0
0
0
0
0
0
0
0
0
0
0
0
0.258824
0.635294
0.32549
0.396078
0.890196
0.0313726
0
0
0
0
0
0
0
0
0
0
0
0
0
0
0
0
0
0
0.764706
0.137255
0
0
0
0
0
0
0
0
0
0
0
0
0
0
0
0
0
0
0.745098
0.145098
0
0
0
0
0
0
0
0
0
0
0
0
0
0
0
0
0
0.0745098
0.862745
0.0392157
0
0
0
0
0
0
0
0
0
0
0
0
0
0
0
0
0.337255
0.823529
0.156863
0
0
0
0
0
0
0
0
0
0
0
0
0
0
0
0
0.12549
0.956863
0.901961
0.8
0.592157
0.352941
0.0745098
0
0
0
0
0
0
0
0
0
0
0
0
0
0
0
0.00392157
0.0392157
0.243137
0.541176
0.858824
0.627451
0
0
0
0
0
0
0
0
0
0
0
0
0
0
0
0
0
0
0.00392157
0.054902
0
0
0
0
0
0
0
0
0
0
0
0
0
0
0
0
0
0
0
0
0
0
0
0
0
0
0
0
0
0
0
0
0
0
0
0
0
0
0
0
0
0
0
0
0
0
0
0
0
0
0
0
0
0
0
0
0
0
0
0
0
0
0
0
0
0
0
0
0
0
0
0
0
0
0
0
0
0
0
0
0
0
0
0
