0
0
0
0
0
0
0
0
0
0
0
0
0
0
0
0
0
0
0
0
0
0
0
0
0
0
0
0
0
0
0
0
0
0
0
0
0
0
0
0
0
0
0
0
0
0
0
0
0
0
0
0
0
0
0
0
0
0
0
0
0
0
0
0
0
0
0
0
0
0
0
0
0
0
0
0
0
0
0
0
0
0
0
0
0
0
0
0
0
0
0
0
0
0
0
0
0
0
0
0
0
0
0
0
0
0
0
0
0.0313726
0.0745098
0.054902
0.00784314
0
0
0
0
0
0
0
0
0
0
0
0
0
0
0
0.513726
0.866667
0.807843
0.760784
0.807843
0.0627451
0
0
0
0
0
0
0
0
0
0
0
0
0
0
0.619608
0.0666667
0
0
0.392157
0.568627
0
0
0
0
0
0
0
0
0
0
0
0
0
0
0
0
0
0
0.0313726
0.505882
0
0
0
0
0
0
0
0
0
0
0
0
0
0
0
0
0
0
0.0117647
0.870588
0
0
0
0
0
0
0
0
0
0
0
0
0
0
0
0
0
0
0.00784314
0.866667
0
0
0
0
0
0
0
0
0
0
0
0
0
0
0
0
0
0
0.00392157
0.709804
0
0
0
0
0
0
0
0
0
0
0
0
0
0
0
0
0
0
0.137255
0.752941
0
0
0
0
0
0
0
0
0
0
0
0
0
0
0
0.00392157
0.0980392
0.188235
0.835294
0.0392157
0
0
0
0
0
0
0
0
0
0
0
0
0
0
0
0.419608
1
1
0.490196
0
0
0
0
0
0
0
0
0
0
0
0
0
0
0
0
0.47451
0.741176
0.278431
0.580392
0.772549
0.313726
0.054902
0
0
0
0
0
0
0
0
0
0
0
0
0
0
0
0
0
0.12549
0.654902
0.905882
0.12549
0
0
0
0
0
0
0
0
0
0
0
0
0
0
0
0
0
0
0
0
0
0
0
0
0
0
0
0
0
0
0
0
0
0
0
0
0
0
0
0
0
0
0
0
0
0
0
0
0
0
0
0
0
0
0
0
0
0
0
0
0
0
0
0
