0
0
0
0
0
0
0
0
0
0
0
0
0
0
0
0
0
0
0
0
0
0
0
0
0
0
0
0
0
0
0
0
0
0
0
0
0
0
0
0
0
0
0
0
0
0
0
0
0
0
0
0
0
0
0
0
0
0
0
0
0
0
0
0
0
0
0
0
0
0
0
0
0
0
0
0
0
0
0
0
0
0
0
0
0
0
0
0
0
0
0
0.00392157
0.0117647
0
0
0
0
0
0
0
0
0
0
0
0
0
0
0
0
0
0.462745
0.803922
0.921569
0.47451
0
0
0
0
0
0
0
0
0
0
0
0
0
0
0
0
0.933333
0.152941
0.145098
0.737255
0
0
0
0
0
0
0
0
0
0
0
0
0
0
0
0
0.137255
0.0117647
0.141176
0.741176
0
0
0
0
0
0
0
0
0
0
0
0
0
0
0
0
0
0
0.141176
0.713726
0
0
0
0
0
0
0
0
0
0
0
0
0
0
0
0
0
0
0.337255
0.541176
0
0
0
0
0
0
0
0
0
0
0
0
0
0
0
0
0
0.0431373
0.796078
0.2
0
0
0
0
0
0
0
0
0
0
0
0
0
0
0
0
0
0.686275
0.403922
0
0
0
0
0
0
0
0
0
0
0
0
0
0
0.0117647
0.196078
0.160784
0.72549
0.258824
0
0
0
0
0
0
0
0
0
0
0
0
0
0
0
0.721569
0.956863
0.956863
0.858824
0.329412
0.00392157
0
0
0
0
0
0
0
0
0
0
0
0
0
0.0235294
0.996078
0.772549
0.164706
0.235294
0.709804
0.745098
0.223529
0.0470588
0
0
0
0
0
0
0
0
0
0
0
0
0.219608
0.00392157
0
0
0
0.290196
0.768627
0.611765
0
0
0
0
0
0
0
0
0
0
0
0
0
0
0
0
0
0
0
0
0
0
0
0
0
0
0
0
0
0
0
0
0
0
0
0
0
0
0
0
0
0
0
0
0
0
0
0
0
0
0
0
0
0
0
0
0
0
0
0
0
0
0
0
0
0
0
0
0
0
0
0
0
0
0
0
0
0
0
0
0
0
0
0
0
