0
0
0
0
0
0
0
0
0
0
0
0
0
0
0
0
0
0
0
0
0
0
0
0
0
0
0
0
0
0
0
0
0
0
0
0
0
0
0
0
0
0
0
0
0
0
0
0
0
0
0
0
0
0
0
0
0
0
0
0
0
0
0
0
0
0
0
0
0
0
0
0
0
0
0
0
0
0
0
0
0
0
0
0
0
0
0
0
0
0
0
0
0
0
0
0
0
0
0
0
0
0
0
0
0
0
0
0
0
0.0588235
0.0627451
0
0
0
0
0
0
0
0
0
0
0
0
0
0
0
0
0.192157
0.698039
0.866667
0.831373
0.87451
0.239216
0
0
0
0
0
0
0
0
0
0
0
0
0
0.239216
0.866667
0.290196
0.00392157
0
0.172549
0.878431
0.0352941
0
0
0
0
0
0
0
0
0
0
0
0
0.133333
0.168627
0
0
0
0
0.701961
0.207843
0
0
0
0
0
0
0
0
0
0
0
0
0
0
0
0
0
0
0.568627
0.337255
0
0
0
0
0
0
0
0
0
0
0
0
0
0
0
0
0
0
0.462745
0.396078
0
0
0
0
0
0
0
0
0
0
0
0
0
0
0
0
0
0
0.545098
0.376471
0
0
0
0
0
0
0
0
0
0
0
0
0
0
0
0
0
0.137255
0.862745
0.0705882
0
0
0
0
0
0
0
0
0
0
0
0
0
0
0
0
0.235294
0.792157
0.2
0
0
0
0
0
0
0
0
0
0
0
0
0
0
0.0705882
0.588235
0.776471
0.992157
0.231373
0
0
0
0
0
0
0
0
0
0
0
0
0
0
0
0.192157
0.788235
0.337255
0.4
0.819608
0.694118
0.321569
0.101961
0
0
0
0
0
0
0
0
0
0
0
0
0
0
0
0
0.00784314
0.341176
0.654902
0.890196
0.305882
0
0
0
0
0
0
0
0
0
0
0
0
0
0
0
0
0
0
0
0
0
0
0
0
0
0
0
0
0
0
0
0
0
0
0
0
0
0
0
0
0
0
0
0
0
0
0
0
0
0
0
0
0
0
0
0
0
0
0
0
0
0
0
0
