0
0
0
0
0
0
0
0
0
0
0
0
0
0
0
0
0
0
0
0
0
0
0
0
0
0
0
0
0
0
0
0
0
0
0
0
0
0
0
0
0
0
0
0
0
0
0
0
0
0
0
0
0
0
0
0
0
0
0
0
0
0
0
0
0
0
0
0
0
0
0
0
0
0
0
0
0
0
0
0
0
0
0
0
0
0
0
0
0
0
0
0
0
0
0
0
0
0
0
0
0
0
0
0
0
0
0
0
0
0
0
0
0
0
0
0
0
0
0
0
0
0
0
0
0
0
0
0
0
0.490196
0.870588
0.670588
0.109804
0
0
0
0
0
0
0
0
0
0
0
0
0
0
0
0
0.898039
0.113725
0.4
0.666667
0
0
0
0
0
0
0
0
0
0
0
0
0
0
0
0
0.0352941
0
0.141176
0.741176
0
0
0
0
0
0
0
0
0
0
0
0
0
0
0
0
0
0
0.270588
0.647059
0
0
0
0
0
0
0
0
0
0
0
0
0
0
0
0
0
0
0.619608
0.160784
0
0
0
0
0
0
0
0
0
0
0
0
0
0
0
0
0
0.333333
0.368627
0
0
0
0
0
0
0
0
0
0
0
0
0
0
0
0
0
0.411765
0.737255
0
0
0
0
0
0
0
0
0
0
0
0
0
0
0
0
0.113725
0.6
0.894118
0.254902
0.203922
0.121569
0.0392157
0
0
0
0
0
0
0
0
0
0
0
0
0
0.388235
0.67451
0.666667
0.647059
0.670588
0.698039
0.913725
0.443137
0
0
0
0
0
0
0
0
0
0
0
0
0
0
0
0
0
0
0.027451
0.0666667
0
0
0
0
0
0
0
0
0
0
0
0
0
0
0
0
0
0
0
0
0
0
0
0
0
0
0
0
0
0
0
0
0
0
0
0
0
0
0
0
0
0
0
0
0
0
0
0
0
0
0
0
0
0
0
0
0
0
0
0
0
0
0
0
0
0
0
0
0
0
0
0
0
0
0
0
0
0
0
0
0
0
0
0
0
