0
0
0
0
0
0
0
0
0
0
0
0
0
0
0
0
0
0
0
0
0
0
0
0
0
0
0
0
0
0
0
0
0
0
0
0
0
0
0
0
0
0
0
0
0
0
0
0
0
0
0
0
0
0
0
0
0
0
0
0
0
0
0
0
0
0
0
0
0
0
0
0
0
0
0
0
0
0
0
0
0
0
0
0
0
0
0
0
0
0
0
0
0
0
0
0
0
0
0
0
0
0
0
0
0
0
0
0
0
0
0
0
0
0
0
0
0
0
0
0
0
0
0
0
0
0
0
0
0
0
0
0.466667
0.196078
0
0
0
0
0
0
0
0
0
0
0
0
0
0
0
0
0
0
0.666667
0.207843
0
0
0
0
0
0
0
0
0
0
0
0
0
0
0
0
0
0
0.678431
0.211765
0
0
0
0
0
0
0
0
0
0
0
0
0
0
0
0
0
0.392157
0.886275
0.219608
0
0
0
0
0
0
0
0
0
0
0
0
0
0
0
0.0431373
0.694118
0.568627
0.866667
0.231373
0
0
0
0
0
0
0
0
0
0
0
0
0
0
0
0.47451
0.596078
0.00784314
0.537255
0.462745
0
0
0
0
0
0
0
0
0
0
0
0
0
0
0
0.8
0.141176
0.0235294
0.796078
0.847059
0.309804
0
0
0
0
0
0
0
0
0
0
0
0
0
0
0.741176
0.513726
0.733333
0.486275
0.32549
0.611765
0.00392157
0
0
0
0
0
0
0
0
0
0
0
0
0
0.0862745
0.505882
0.411765
0
0
0
0
0
0
0
0
0
0
0
0
0
0
0
0
0
0
0
0
0
0
0
0
0
0
0
0
0
0
0
0
0
0
0
0
0
0
0
0
0
0
0
0
0
0
0
0
0
0
0
0
0
0
0
0
0
0
0
0
0
0
0
0
0
0
0
0
0
0
0
0
0
0
0
0
0
0
0
0
0
0
0
0
0
0
0
0
0
0
0
0
0
0
0
0
0
0
0
0
0
0
0
0
0
0
0
0
0
