0
0
0
0
0
0
0
0
0
0
0
0
0
0
0
0
0
0
0
0
0
0
0
0
0
0
0
0
0
0
0
0
0
0
0
0
0
0
0
0
0
0
0
0
0
0
0
0
0
0
0
0
0
0
0
0
0
0
0
0
0
0
0
0
0
0
0
0
0
0
0
0
0.180392
0
0
0
0
0
0
0
0
0
0
0
0
0
0
0
0
0
0
0.00392157
0.921569
0.00784314
0
0
0
0
0
0
0
0
0
0
0
0
0
0
0
0
0
0.0117647
0.878431
0
0
0
0
0
0
0
0
0
0
0
0
0
0
0
0
0
0
0.0117647
0.878431
0
0
0
0
0
0
0
0
0
0
0
0
0
0
0
0
0
0
0.00784314
0.866667
0
0
0
0
0
0
0
0
0
0
0
0
0
0
0
0
0.141176
0.321569
0.00784314
0.866667
0
0
0
0
0
0
0
0
0
0
0
0
0
0
0
0.176471
0.839216
0.870588
0.498039
0.898039
0
0
0
0
0
0
0
0
0
0
0
0
0
0
0.00392157
0.8
0.2
0.247059
0.670588
0.941176
0
0
0
0
0
0
0
0
0
0
0
0
0
0
0.219608
0.729412
0
0
0.027451
0.92549
0.133333
0
0
0
0
0
0
0
0
0
0
0
0
0
0.345098
0.568627
0
0
0
0.827451
0.352941
0
0
0
0
0
0
0
0
0
0
0
0
0
0.333333
0.607843
0
0
0
0.701961
0.529412
0.00392157
0
0
0
0
0
0
0
0
0
0
0
0
0.054902
0.886275
0.207843
0.0117647
0.486275
0.803922
0.72549
0.921569
0.843137
0.0352941
0
0
0
0
0
0
0
0
0
0
0
0.254902
0.796078
0.862745
0.658824
0.0313726
0
0.0235294
0.0862745
0
0
0
0
0
0
0
0
0
0
0
0
0
0
0.0862745
0.0235294
0
0
0
0
0
0
0
0
0
0
0
0
0
0
0
0
0
0
0
0
0
0
0
0
0
0
0
0
0
0
0
0
0
0
0
0
0
0
0
0
0
0
0
0
0
0
0
0
0
0
0
0
0
0
0
0
0
0
0
0
0
0
0
0
0
0
0
0
