0
0
0
0
0
0
0
0
0
0
0
0
0
0
0
0
0
0
0
0
0
0
0
0
0
0
0
0
0
0
0
0
0
0
0
0
0
0
0
0
0
0
0
0
0
0
0
0
0
0
0
0
0
0
0
0
0
0
0
0
0
0
0
0
0
0
0
0
0
0
0
0
0.00392157
0
0
0
0
0
0
0
0
0
0
0
0
0
0
0
0
0
0
0.156863
0.721569
0
0
0
0
0
0
0
0
0
0
0
0
0
0
0
0
0
0
0.243137
0.576471
0
0
0
0
0
0
0
0
0
0
0
0
0
0
0
0
0
0
0.247059
0.580392
0
0
0
0
0
0
0
0
0
0
0
0
0
0
0
0
0
0
0.27451
0.607843
0
0
0
0
0
0
0
0
0
0
0
0
0
0
0
0
0
0
0.270588
0.603922
0
0
0
0
0
0
0
0
0
0
0
0
0
0
0
0
0
0.00392157
0.294118
0.592157
0
0
0
0
0
0
0
0
0
0
0
0
0
0
0
0.0235294
0.6
0.913725
0.980392
0.564706
0
0
0
0
0
0
0
0
0
0
0
0
0
0
0.0627451
0.776471
0.509804
0.0666667
0.278431
0.666667
0
0
0
0
0
0
0
0
0
0
0
0
0
0
0.411765
0.560784
0
0
0.309804
0.776471
0
0
0
0
0
0
0
0
0
0
0
0
0
0
0.313726
0.831373
0.345098
0.278431
0.686275
0.972549
0.533333
0.345098
0.027451
0
0
0
0
0
0
0
0
0
0
0
0
0.278431
0.564706
0.611765
0.486275
0.101961
0.513726
0.588235
0.0980392
0
0
0
0
0
0
0
0
0
0
0
0
0
0
0
0
0
0
0
0
0
0
0
0
0
0
0
0
0
0
0
0
0
0
0
0
0
0
0
0
0
0
0
0
0
0
0
0
0
0
0
0
0
0
0
0
0
0
0
0
0
0
0
0
0
0
0
0
0
0
0
0
0
0
0
0
0
0
0
0
0
0
0
0
0
0
0
0
0
0
0
0
0
0
0
0
0
0
0
0
0
0
0
0
