0
0
0
0
0
0
0
0
0
0
0
0
0
0
0
0
0
0
0
0
0
0
0
0
0
0
0
0
0
0
0
0
0.101961
0.0392157
0
0
0
0
0
0
0
0
0
0
0
0
0
0
0
0
0
0
0.643137
0.360784
0
0
0
0
0
0
0
0
0
0
0
0
0
0
0
0
0
0
0.67451
0.345098
0
0
0
0
0
0
0
0
0
0
0
0
0
0
0
0
0
0
0.733333
0.345098
0
0
0
0
0
0
0
0
0
0
0
0
0
0
0
0
0
0
0.745098
0.345098
0
0
0
0
0
0
0
0
0
0
0
0
0
0
0
0
0
0
0.733333
0.286275
0
0
0
0
0
0
0
0
0
0
0
0
0
0
0
0
0
0
0.741176
0.27451
0
0
0
0
0
0
0
0
0
0
0
0
0
0
0
0
0.0352941
0.0666667
0.796078
0.176471
0
0
0
0
0
0
0
0
0
0
0
0
0
0
0
0.207843
0.854902
0.92549
0.968627
0.0745098
0
0
0
0
0
0
0
0
0
0
0
0
0
0
0.196078
0.976471
0.470588
0.439216
1
0.137255
0
0
0
0
0
0
0
0
0
0
0
0
0
0
0.698039
1
0.654902
0.87451
0.858824
0.164706
0
0
0
0
0
0
0
0
0
0
0
0
0
0.309804
0.980392
0.258824
0.47451
0.105882
0.866667
0.360784
0
0
0
0
0
0
0
0
0
0
0
0
0.419608
0.847059
0.890196
0
0
0.168627
1
0.541176
0.00784314
0.203922
0.00392157
0
0
0
0
0
0
0
0
0.607843
0.694118
0.0745098
0.898039
0.00392157
0
0.694118
0.505882
0.862745
0.921569
0.768627
0.0392157
0
0
0
0
0
0
0
0
0.176471
0.00392157
0
0.709804
0.690196
0.662745
0.67451
0.00784314
0
0.027451
0
0
0
0
0
0
0
0
0
0
0
0
0
0.0352941
0.266667
0.32549
0.0313726
0
0
0
0
0
0
0
0
0
0
0
0
0
0
0
0
0
0
0
0
0
0
0
0
0
0
0
0
0
0
0
0
0
0
0
0
0
0
0
0
0
0
0
0
0
0
0
0
0
0
0
0
0
0
0
0
0
0
0
0
0
0
0
0
0
0
0
0
