0
0
0
0
0
0
0
0
0
0
0
0
0
0
0
0
0
0
0
0
0
0
0
0
0
0
0
0
0
0
0
0
0
0
0
0
0
0
0
0
0
0
0
0
0
0
0
0
0
0
0
0
0
0
0
0
0
0
0
0
0
0
0
0
0
0
0
0
0
0
0
0
0
0
0
0
0
0
0
0
0
0
0
0
0
0
0
0
0
0
0
0
0.486275
0.00784314
0
0
0
0
0
0
0
0
0
0
0
0
0
0
0
0
0
0
0.905882
0
0
0
0
0
0
0
0
0
0
0
0
0
0
0
0
0
0
0
0.894118
0
0
0
0
0
0
0
0
0
0
0
0
0
0
0
0
0
0
0
0.886275
0
0
0
0
0
0
0
0
0
0
0
0
0
0
0
0
0
0.392157
0.756863
0.894118
0
0
0
0
0
0
0
0
0
0
0
0
0
0
0
0
0.266667
0.921569
0.298039
0.968627
0.0235294
0
0
0
0
0
0
0
0
0
0
0
0
0
0
0.0705882
0.796078
0.329412
0
0.894118
0.258824
0
0
0
0
0
0
0
0
0
0
0
0
0
0.160784
0.792157
0.956863
0.00392157
0
0.866667
0.862745
0.592157
0.164706
0
0
0
0
0
0
0
0
0
0
0.145098
0.878431
0.176471
0.698039
0.635294
0.596078
0.772549
0.270588
0.443137
0.0627451
0
0
0
0
0
0
0
0
0
0
0.0392157
0.2
0
0.0235294
0.368627
0.4
0.0392157
0
0
0
0
0
0
0
0
0
0
0
0
0
0
0
0
0
0
0
0
0
0
0
0
0
0
0
0
0
0
0
0
0
0
0
0
0
0
0
0
0
0
0
0
0
0
0
0
0
0
0
0
0
0
0
0
0
0
0
0
0
0
0
0
0
0
0
0
0
0
0
0
0
0
0
0
0
0
0
0
0
0
0
0
0
0
0
0
0
0
0
0
0
0
0
0
0
0
0
0
0
0
0
0
0
0
0
0
0
0
0
0
0
0
0
0
0
0
0
0
0
0
0
0
0
0
0
