0
0
0
0
0
0
0
0
0
0
0
0
0
0
0
0
0
0
0
0
0
0
0
0
0
0
0
0
0
0
0
0
0
0
0
0
0
0
0
0
0
0
0
0
0
0
0
0
0
0
0
0
0
0
0
0
0
0
0
0
0
0
0
0
0
0
0
0
0
0
0
0
0
0
0
0
0
0
0
0
0
0
0
0
0
0
0
0
0
0
0
0
0.662745
0.0196078
0
0
0
0
0
0
0
0
0
0
0
0
0
0
0
0
0
0
0.890196
0.0235294
0
0
0
0
0
0
0
0
0
0
0
0
0
0
0
0
0
0
0.866667
0.00784314
0
0
0
0
0
0
0
0
0
0
0
0
0
0
0
0
0
0
0.866667
0.00784314
0
0
0
0
0
0
0
0
0
0
0
0
0
0
0
0
0
0
0.878431
0.0117647
0
0
0
0
0
0
0
0
0
0
0
0
0
0
0
0.0784314
0.729412
0.211765
0.878431
0.0117647
0
0
0
0
0
0
0
0
0
0
0
0
0
0
0.168627
0.827451
0.780392
0.87451
0.996078
0.0117647
0
0
0
0
0
0
0
0
0
0
0
0
0.00392157
0.380392
0.843137
0.890196
0.196078
0.188235
1
0.0431373
0
0
0
0
0
0
0
0
0
0
0
0.00392157
0.631373
0.643137
0.290196
0.741176
0
0
0.945098
0.435294
0.0196078
0
0
0
0
0
0
0
0
0
0
0.0392157
0.647059
0.0117647
0.470588
0.443137
0
0.137255
0.835294
0.827451
0.603922
0
0
0
0
0
0
0
0
0
0
0
0
0
0.341176
0.866667
0.752941
0.858824
0.239216
0
0
0
0
0
0
0
0
0
0
0
0
0
0
0
0
0.0941176
0.145098
0.00784314
0
0
0
0
0
0
0
0
0
0
0
0
0
0
0
0
0
0
0
0
0
0
0
0
0
0
0
0
0
0
0
0
0
0
0
0
0
0
0
0
0
0
0
0
0
0
0
0
0
0
0
0
0
0
0
0
0
0
0
0
0
0
0
0
0
0
0
0
0
0
0
0
0
0
0
0
0
0
0
0
0
0
0
0
0
0
0
0
