0
0
0
0
0
0
0
0
0
0
0
0
0
0
0
0
0
0
0
0
0
0
0
0
0
0
0
0
0
0
0
0
0
0
0
0
0
0
0
0
0
0
0
0
0
0
0
0
0
0
0
0
0
0
0
0
0
0
0
0
0
0
0
0
0
0
0
0
0
0
0
0
0
0
0
0
0
0
0
0
0
0
0
0
0
0
0
0
0
0
0
0
0
0
0
0
0
0
0
0
0
0
0
0
0
0
0
0
0
0
0
0
0.168627
0.0117647
0
0
0
0
0
0
0
0
0
0
0
0
0
0
0
0
0
0.0470588
0.960784
0.164706
0
0
0
0
0
0
0
0
0
0
0
0
0
0
0
0
0
0.278431
1
0.129412
0
0
0
0
0
0
0
0
0
0
0
0
0
0
0
0
0
0.407843
0.8
0
0
0
0
0
0
0
0
0
0
0
0
0
0
0
0
0.203922
0.27451
0.960784
0.490196
0
0
0
0
0
0
0
0
0
0
0
0
0
0
0
0.196078
0.956863
0.239216
0.654902
0.592157
0
0
0
0
0
0
0
0
0
0
0
0
0
0
0.2
0.866667
0.945098
0
0.368627
0.792157
0
0
0
0
0
0
0
0
0
0
0
0
0
0.113725
0.878431
0.219608
0.933333
0.227451
0.670588
0.854902
0.8
0.294118
0
0
0
0
0
0
0
0
0
0
0
0.501961
0.309804
0
0.435294
0.686275
0.619608
0.0313726
0.231373
0.0705882
0
0
0
0
0
0
0
0
0
0
0
0
0
0
0
0
0
0
0
0
0
0
0
0
0
0
0
0
0
0
0
0
0
0
0
0
0
0
0
0
0
0
0
0
0
0
0
0
0
0
0
0
0
0
0
0
0
0
0
0
0
0
0
0
0
0
0
0
0
0
0
0
0
0
0
0
0
0
0
0
0
0
0
0
0
0
0
0
0
0
0
0
0
0
0
0
0
0
0
0
0
0
0
0
0
0
0
0
0
0
0
0
0
0
0
0
0
0
0
0
0
0
0
0
0
