0
0
0
0
0
0
0
0
0
0
0
0
0
0
0
0
0
0
0
0
0
0
0
0
0
0
0
0
0
0
0
0
0
0
0
0
0
0
0
0
0
0
0
0
0
0
0
0
0
0
0
0
0
0
0
0
0
0
0
0
0
0
0
0
0
0
0
0
0
0
0
0
0
0
0
0
0
0
0
0
0
0
0
0
0
0
0
0
0
0
0
0
0.0627451
0.203922
0
0
0
0
0
0
0
0
0
0
0
0
0
0
0
0
0
0
0.541176
0.690196
0
0
0
0
0
0
0
0
0
0
0
0
0
0
0
0
0
0
0.780392
0.647059
0
0
0
0
0
0
0
0
0
0
0
0
0
0
0
0
0
0.0196078
0.972549
0.67451
0
0
0
0
0
0
0
0
0
0
0
0
0
0
0
0
0
0.0705882
0.980392
0.662745
0
0
0
0
0
0
0
0
0
0
0
0
0
0
0
0
0
0.0431373
0.964706
0.588235
0
0
0
0
0
0
0
0
0
0
0
0
0
0
0
0.592157
0.666667
0.145098
1
0.309804
0
0
0
0
0
0
0
0
0
0
0
0
0
0
0.145098
0.952941
0.447059
0.898039
0.854902
0
0
0
0
0
0
0
0
0
0
0
0
0
0
0.0666667
0.67451
0.968627
0.792157
0.996078
0.968627
0.054902
0
0
0
0
0
0
0
0
0
0
0
0
0.333333
0.870588
0.811765
0.501961
0.270588
0.643137
0.819608
0.913725
0.623529
0
0
0
0
0
0
0
0
0
0
0.0745098
0.772549
0.137255
0.309804
0.819608
0.490196
0.835294
0.227451
0.0588235
0.0588235
0
0
0
0
0
0
0
0
0
0
0
0
0
0
0.270588
0.423529
0.345098
0
0
0
0
0
0
0
0
0
0
0
0
0
0
0
0
0
0
0
0
0
0
0
0
0
0
0
0
0
0
0
0
0
0
0
0
0
0
0
0
0
0
0
0
0
0
0
0
0
0
0
0
0
0
0
0
0
0
0
0
0
0
0
0
0
0
0
0
0
0
0
0
0
0
0
0
0
0
0
0
0
0
0
0
0
0
0
0
