0
0
0
0
0
0
0
0
0
0
0
0
0
0
0
0
0
0
0
0
0
0
0
0
0
0
0
0
0
0
0
0
0
0
0
0
0
0
0
0
0
0
0
0
0
0
0
0
0
0
0
0
0
0
0
0
0
0
0
0
0
0
0
0
0
0
0
0
0
0
0
0
0
0
0
0
0
0
0
0
0
0
0
0
0
0
0
0
0
0
0
0
0
0
0
0
0
0
0
0
0
0
0
0
0
0
0
0
0
0
0
0
0
0
0
0
0
0
0
0
0
0
0
0
0
0
0
0
0
0.207843
0.419608
0.345098
0.0980392
0
0
0
0
0
0
0
0
0
0
0
0
0
0
0
0
0.796078
0.537255
0.572549
0.866667
0.231373
0
0
0
0
0
0
0
0
0
0
0
0
0
0
0.160784
0.729412
0
0
0.196078
0.796078
0
0
0
0
0
0
0
0
0
0
0
0
0
0
0.278431
0.611765
0
0
0
0.768627
0.133333
0
0
0
0
0
0
0
0
0
0
0
0
0
0.278431
0.611765
0
0
0
0.670588
0.203922
0
0
0
0
0
0
0
0
0
0
0
0
0
0.247059
0.580392
0
0
0
0.67451
0.2
0
0
0
0
0
0
0
0
0
0
0
0
0
0.160784
0.658824
0
0
0.113725
0.862745
0.0392157
0
0
0
0
0
0
0
0
0
0
0
0
0
0.0196078
0.878431
0.0862745
0.0117647
0.72549
0.301961
0
0
0
0
0
0
0
0
0
0
0
0
0
0
0
0.345098
0.8
0.698039
0.529412
0
0
0
0
0
0
0
0
0
0
0
0
0
0
0
0
0
0.270588
0.427451
0
0
0
0
0
0
0
0
0
0
0
0
0
0
0
0
0
0
0
0
0
0
0
0
0
0
0
0
0
0
0
0
0
0
0
0
0
0
0
0
0
0
0
0
0
0
0
0
0
0
0
0
0
0
0
0
0
0
0
0
0
0
0
0
0
0
0
0
0
0
0
0
0
0
0
0
0
0
0
0
0
0
0
0
0
0
0
0
