0
0
0
0
0
0
0
0
0
0
0
0
0
0
0
0
0
0
0
0
0
0
0
0
0
0
0
0
0
0
0
0
0
0
0
0
0
0
0
0
0
0
0
0
0
0
0
0
0
0
0
0
0
0
0
0
0
0
0
0
0
0
0
0
0
0
0
0
0
0
0
0
0
0
0
0
0
0
0
0
0
0
0
0
0
0
0
0
0
0
0
0
0
0
0
0
0
0
0
0
0
0
0
0
0
0
0
0
0
0
0
0.333333
0.188235
0
0
0
0
0
0
0
0
0
0
0
0
0
0
0
0
0
0.231373
0.545098
0.847059
0.411765
0
0
0
0
0
0
0
0
0
0
0
0
0
0
0
0.494118
0.788235
0.0627451
0.0588235
0.803922
0.2
0
0
0
0
0
0
0
0
0
0
0
0
0
0.333333
0.780392
0.0431373
0
0
0.301961
0.521569
0
0
0
0
0
0
0
0
0
0
0
0
0.0627451
0.858824
0.121569
0
0
0
0.247059
0.580392
0
0
0
0
0
0
0
0
0
0
0
0
0.513726
0.486275
0
0
0
0
0.27451
0.607843
0
0
0
0
0
0
0
0
0
0
0
0.027451
0.894118
0.0431373
0
0
0
0
0.301961
0.596078
0
0
0
0
0
0
0
0
0
0
0
0.176471
0.733333
0
0
0
0
0
0.458824
0.47451
0
0
0
0
0
0
0
0
0
0
0
0.211765
0.686275
0
0
0
0
0.172549
0.866667
0.109804
0
0
0
0
0
0
0
0
0
0
0
0.0862745
0.890196
0.2
0
0.109804
0.356863
0.862745
0.219608
0
0
0
0
0
0
0
0
0
0
0
0
0
0.27451
0.835294
0.894118
0.839216
0.494118
0.105882
0
0
0
0
0
0
0
0
0
0
0
0
0
0
0
0
0.027451
0
0
0
0
0
0
0
0
0
0
0
0
0
0
0
0
0
0
0
0
0
0
0
0
0
0
0
0
0
0
0
0
0
0
0
0
0
0
0
0
0
0
0
0
0
0
0
0
0
0
0
0
0
0
0
0
0
0
0
0
0
0
0
0
0
0
0
0
0
0
