0
0
0
0
0
0
0
0
0
0
0
0
0
0
0
0
0
0
0
0
0
0
0
0
0
0
0
0
0
0
0
0
0
0
0
0
0
0
0
0
0
0
0
0
0
0
0
0
0
0
0
0
0
0
0
0
0
0
0
0
0
0
0
0
0
0
0
0
0
0
0
0
0
0
0
0
0
0
0
0
0
0
0
0
0
0
0
0
0
0
0
0
0
0
0
0
0
0
0
0
0
0
0
0
0
0
0
0
0
0.305882
0.678431
0.364706
0.168627
0
0
0
0
0
0
0
0
0
0
0
0
0
0
0
0.196078
0.854902
0.388235
0.560784
0.776471
0.831373
0.235294
0
0
0
0
0
0
0
0
0
0
0
0
0
0.713726
0.258824
0
0
0
0.2
0.831373
0.133333
0
0
0
0
0
0
0
0
0
0
0
0.0627451
0.858824
0
0
0
0
0
0.247059
0.647059
0
0
0
0
0
0
0
0
0
0
0
0.145098
0.513726
0
0
0
0
0
0
0.894118
0
0
0
0
0
0
0
0
0
0
0
0.243137
0.560784
0
0
0
0
0
0
0.901961
0
0
0
0
0
0
0
0
0
0
0
0.392157
0.458824
0
0
0
0
0
0.0627451
0.839216
0
0
0
0
0
0
0
0
0
0
0
0.372549
0.52549
0
0
0
0
0
0.466667
0.537255
0
0
0
0
0
0
0
0
0
0
0
0.168627
0.796078
0.00392157
0
0
0
0.203922
0.847059
0.0705882
0
0
0
0
0
0
0
0
0
0
0
0
0.67451
0.466667
0
0
0.109804
0.862745
0.168627
0
0
0
0
0
0
0
0
0
0
0
0
0
0.0666667
0.733333
0.819608
0.658824
0.870588
0.301961
0
0
0
0
0
0
0
0
0
0
0
0
0
0
0
0
0.12549
0.172549
0.0352941
0
0
0
0
0
0
0
0
0
0
0
0
0
0
0
0
0
0
0
0
0
0
0
0
0
0
0
0
0
0
0
0
0
0
0
0
0
0
0
0
0
0
0
0
0
0
0
0
0
0
0
0
0
0
0
0
0
0
0
0
0
0
0
0
0
0
0
