0
0
0
0
0
0
0
0
0
0
0
0
0
0
0
0
0
0
0
0
0
0
0
0
0
0
0
0
0
0
0
0
0
0
0
0
0
0
0
0
0
0
0
0
0
0
0
0
0
0
0
0
0
0
0
0
0
0
0
0
0
0
0
0
0
0
0
0
0
0
0
0
0
0
0
0
0
0
0
0
0
0
0
0
0
0
0
0
0
0
0
0
0
0
0
0
0
0
0
0
0
0
0
0
0
0
0
0
0
0.0352941
0.00784314
0.0117647
0.0117647
0.0196078
0
0
0
0
0
0
0
0
0
0
0
0
0
0
0.192157
0.945098
0.866667
0.878431
0.878431
0.721569
0
0
0
0
0
0
0
0
0
0
0
0
0
0
0.631373
0.278431
0
0
0
0
0
0
0
0
0
0
0
0
0
0
0
0
0
0
0.580392
0.0235294
0
0
0
0
0
0
0
0
0
0
0
0
0
0
0
0
0
0
0.886275
0
0
0
0
0
0
0
0
0
0
0
0
0
0
0
0
0
0
0
0.905882
0.372549
0.364706
0.172549
0
0
0
0
0
0
0
0
0
0
0
0
0
0
0
0
0.427451
0.505882
0.490196
0.713726
0.568627
0
0
0
0
0
0
0
0
0
0
0
0
0
0
0
0
0
0
0.00784314
0.843137
0.0941176
0
0
0
0
0
0
0
0
0
0
0
0
0
0
0
0
0
0
0.745098
0.145098
0
0
0
0
0
0
0
0
0
0
0
0
0
0
0
0
0
0
0.752941
0.145098
0
0
0
0
0
0
0
0
0
0
0
0
0
0
0.227451
0.419608
0.4
0.537255
0.858824
0.0235294
0
0
0
0
0
0
0
0
0
0
0
0
0
0
0.270588
0.486275
0.466667
0.407843
0.0941176
0
0
0
0
0
0
0
0
0
0
0
0
0
0
0
0
0
0
0
0
0
0
0
0
0
0
0
0
0
0
0
0
0
0
0
0
0
0
0
0
0
0
0
0
0
0
0
0
0
0
0
0
0
0
0
0
0
0
0
0
0
0
0
0
0
0
0
