0
0
0
0
0
0
0
0
0
0
0
0
0
0
0
0
0
0
0
0
0
0
0
0
0
0
0
0
0
0
0
0
0
0
0
0
0
0
0
0
0
0
0
0
0
0
0
0
0
0
0
0
0
0
0
0
0
0
0
0
0
0
0
0
0
0
0
0
0
0
0
0
0
0
0
0
0
0
0
0
0
0
0
0
0
0
0
0.109804
0.788235
0.866667
0.866667
0.823529
0.858824
0.87451
0.878431
0.0745098
0
0
0
0
0
0
0
0
0
0
0
0.392157
0.588235
0.00784314
0.00784314
0.00784314
0.00784314
0.00784314
0.0235294
0
0
0
0
0
0
0
0
0
0
0
0
0.32549
0.572549
0
0
0
0
0
0
0
0
0
0
0
0
0
0
0
0
0
0
0.054902
0.796078
0
0
0
0
0
0
0
0
0
0
0
0
0
0
0
0
0
0
0
0.572549
0.129412
0
0
0
0
0
0
0
0
0
0
0
0
0
0
0
0
0
0
0.329412
0.419608
0
0
0
0
0
0
0
0
0
0
0
0
0
0
0
0
0
0
0.309804
0.698039
0.380392
0.286275
0.0901961
0
0
0
0
0
0
0
0
0
0
0
0
0
0
0
0.321569
0.788235
0.447059
0.345098
0.819608
0.333333
0
0
0
0
0
0
0
0
0
0
0
0
0
0
0
0
0
0
0.156863
0.796078
0
0
0
0
0
0
0
0
0
0
0
0
0
0
0
0
0
0
0.00392157
0.870588
0.00784314
0
0
0
0
0
0
0
0
0
0
0
0
0
0
0
0
0
0
0.764706
0.109804
0
0
0
0
0
0
0
0
0
0
0
0
0
0
0
0
0
0
0.670588
0.203922
0
0
0
0
0
0
0
0
0
0
0
0
0
0
0
0
0
0.0470588
0.803922
0.164706
0
0
0
0
0
0
0
0
0
0
0
0.388235
0.67451
0.576471
0.6
0.607843
0.568627
0.866667
0.458824
0
0
0
0
0
0
0
0
0
0
0
0
0.101961
0.207843
0.235294
0.266667
0.27451
0.290196
0.0627451
0
0
0
0
0
0
0
0
0
0
0
0
0
0
0
0
0
0
0
0
0
0
0
0
0
0
0
