0
0
0
0
0
0
0
0
0
0
0
0
0
0
0
0
0
0
0
0
0
0
0
0
0
0
0
0
0
0
0
0
0
0
0
0
0
0
0
0
0
0
0
0
0
0
0
0
0
0
0
0
0
0
0
0
0
0
0
0
0
0
0
0
0
0
0
0
0
0
0
0
0
0
0
0
0
0
0
0
0
0
0
0
0
0
0
0
0
0
0.156863
0.333333
0.176471
0
0
0
0
0
0
0
0
0
0
0
0
0
0
0
0
0.270588
0.843137
0.592157
0.827451
0.486275
0
0
0
0
0
0
0
0
0
0
0
0
0
0
0.0117647
0.627451
0.137255
0
0.027451
0.862745
0.0117647
0
0
0
0
0
0
0
0
0
0
0
0
0
0.188235
0.47451
0
0
0
0.00392157
0
0
0
0
0
0
0
0
0
0
0
0
0
0
0.529412
0.364706
0
0
0
0
0
0
0
0
0
0
0
0
0
0
0
0
0
0
0.560784
0.470588
0.054902
0
0
0
0
0
0
0
0
0
0
0
0
0
0
0
0
0
0.427451
0.690196
0.8
0.701961
0.0941176
0
0
0
0
0
0
0
0
0
0
0
0
0
0
0
0
0
0
0.368627
0.8
0.0235294
0
0
0
0
0
0
0
0
0
0
0
0
0
0
0
0
0
0
0.835294
0.0941176
0
0
0
0
0
0
0
0
0
0
0
0
0
0
0
0
0
0
0.803922
0.0470588
0
0
0
0
0
0
0
0
0
0
0
0
0
0
0
0
0
0.101961
0.858824
0
0
0
0
0
0
0
0
0
0
0
0
0
0.00784314
0.627451
0.556863
0.411765
0.431373
0.807843
0.305882
0
0
0
0
0
0
0
0
0
0
0
0
0
0
0.258824
0.380392
0.478431
0.478431
0.207843
0
0
0
0
0
0
0
0
0
0
0
0
0
0
0
0
0
0
0
0
0
0
0
0
0
0
0
0
0
0
0
0
0
0
0
0
0
0
0
0
0
0
0
0
0
0
0
0
0
0
0
0
0
0
0
0
0
0
0
0
0
0
0
0
0
0
0
0
