0
0
0
0
0
0
0
0
0
0
0
0
0
0
0
0
0
0
0
0
0
0
0
0
0
0
0
0
0
0
0
0
0
0
0
0
0
0
0
0
0
0
0
0
0
0
0
0
0
0
0
0
0
0
0
0
0
0
0
0
0
0
0
0
0
0
0
0
0
0
0
0
0
0
0
0
0
0
0
0
0
0
0
0
0
0
0
0
0
0
0.0627451
0.0745098
0.0705882
0.0627451
0.0784314
0.0705882
0
0
0
0
0
0
0
0
0
0
0
0
0
0.27451
0.901961
0.807843
0.803922
0.796078
0.811765
0.796078
0.0352941
0
0
0
0
0
0
0
0
0
0
0
0.00784314
0.745098
0.172549
0
0
0
0
0
0
0
0
0
0
0
0
0
0
0
0
0
0.203922
0.72549
0
0
0
0
0
0
0
0
0
0
0
0
0
0
0
0
0
0
0.2
0.666667
0
0
0
0
0
0
0
0
0
0
0
0
0
0
0
0
0
0
0.141176
0.792157
0
0
0
0
0
0
0
0
0
0
0
0
0
0
0
0
0
0
0
0.792157
0.698039
0.745098
0.678431
0.0470588
0
0
0
0
0
0
0
0
0
0
0
0
0
0
0
0.160784
0.266667
0.145098
0.603922
0.396078
0
0
0
0
0
0
0
0
0
0
0
0
0
0
0
0
0
0
0.247059
0.643137
0
0
0
0
0
0
0
0
0
0
0
0
0
0
0
0
0
0
0.2
0.666667
0
0
0
0
0
0
0
0
0
0
0
0
0
0
0
0
0
0
0.243137
0.631373
0
0
0
0
0
0
0
0
0
0
0
0
0
0
0
0
0
0
0.443137
0.470588
0
0
0
0
0
0
0
0
0
0
0
0
0
0
0
0
0
0.231373
0.792157
0.0862745
0
0
0
0
0
0
0
0
0
0
0
0
0
0
0
0.12549
0.596078
0.764706
0.145098
0
0
0
0
0
0
0
0
0
0
0
0
0
0
0.498039
0.764706
0.764706
0.329412
0
0
0
0
0
0
0
0
0
0
0
0
0
0
0
0
0.333333
0.227451
0
0
0
0
0
0
0
0
0
0
0
