0
0
0
0
0
0
0
0
0
0
0
0
0
0
0
0
0
0
0
0
0
0
0
0
0
0
0
0
0
0
0
0
0
0
0
0
0
0
0
0
0
0
0
0
0
0
0
0
0
0
0
0
0
0
0
0
0
0
0
0
0
0
0
0
0
0
0
0
0
0
0
0
0
0
0
0
0
0
0
0
0
0
0
0
0
0
0
0
0
0
0
0
0
0
0
0
0
0
0
0
0
0
0
0
0
0
0
0
0
0.121569
0.392157
0.447059
0.545098
0.556863
0.0862745
0
0
0
0
0
0
0
0
0
0
0
0
0
0.313726
0.878431
0.521569
0.321569
0.345098
0.356863
0.0392157
0
0
0
0
0
0
0
0
0
0
0
0
0
0.537255
0.392157
0
0
0
0
0
0
0
0
0
0
0
0
0
0
0
0
0
0
0.333333
0.843137
0.333333
0
0
0
0
0
0
0
0
0
0
0
0
0
0
0
0
0
0
0.188235
0.662745
0.709804
0.0117647
0
0
0
0
0
0
0
0
0
0
0
0
0
0
0
0
0
0
0.462745
0.6
0
0
0
0
0
0
0
0
0
0
0
0
0
0
0
0
0
0
0
0.831373
0.129412
0
0
0
0
0
0
0
0
0
0
0
0
0
0
0
0
0
0
0.756863
0.156863
0
0
0
0
0
0
0
0
0
0
0
0
0
0
0
0
0
0.0666667
0.878431
0.0470588
0
0
0
0
0
0
0
0
0
0
0
0
0
0
0
0
0.12549
0.733333
0.443137
0
0
0
0
0
0
0
0
0
0
0
0
0
0
0.0313726
0.458824
0.666667
0.847059
0.352941
0
0
0
0
0
0
0
0
0
0
0
0
0
0
0
0.0431373
0.470588
0.27451
0.027451
0
0
0
0
0
0
0
0
0
0
0
0
0
0
0
0
0
0
0
0
0
0
0
0
0
0
0
0
0
0
0
0
0
0
0
0
0
0
0
0
0
0
0
0
0
0
0
0
0
0
0
0
0
0
0
0
0
0
0
0
0
0
0
0
0
0
0
0
0
