0
0
0
0
0
0
0
0
0
0
0
0
0
0
0
0
0
0
0
0
0
0
0
0
0
0
0
0
0
0
0
0
0
0
0
0
0
0
0
0
0
0
0
0
0
0
0
0
0
0
0
0
0
0
0
0
0
0
0
0
0
0
0
0
0
0
0
0
0
0
0
0
0
0
0
0
0
0
0
0
0
0
0
0
0
0
0
0
0
0
0
0
0
0
0
0
0
0
0
0
0
0
0
0
0
0
0
0
0
0
0
0
0
0
0
0
0
0
0
0
0
0
0
0
0
0
0
0
0
0
0
0
0
0
0
0
0
0
0
0
0
0
0
0
0
0
0
0
0
0
0
0.180392
0.470588
0.47451
0.227451
0
0
0
0
0
0
0
0
0
0
0
0
0
0
0
0.380392
0.839216
0.439216
0.423529
0.305882
0
0
0
0
0
0
0
0
0
0
0
0
0
0
0.0352941
0.890196
0.0862745
0
0
0
0
0
0
0
0
0
0
0
0
0
0
0
0
0
0.156863
0.772549
0
0
0
0
0
0
0
0
0
0
0
0
0
0
0
0
0
0
0.0313726
0.823529
0.258824
0
0
0
0
0
0
0
0
0
0
0
0
0
0
0
0
0
0
0.392157
0.458824
0
0
0
0
0
0
0
0
0
0
0
0
0
0
0
0
0
0
0.368627
0.435294
0
0
0
0
0
0
0
0
0
0
0
0
0
0
0
0
0.0196078
0.270588
0.831373
0.211765
0
0
0
0
0
0
0
0
0
0
0
0
0
0
0
0
0.564706
0.741176
0.345098
0
0
0
0
0
0
0
0
0
0
0
0
0
0
0
0
0
0
0
0
0
0
0
0
0
0
0
0
0
0
0
0
0
0
0
0
0
0
0
0
0
0
0
0
0
0
0
0
0
0
0
0
0
0
0
0
0
0
0
0
0
0
0
0
0
0
0
0
0
0
0
0
0
0
0
0
0
0
0
0
0
0
0
0
0
0
0
0
0
