0
0
0
0
0
0
0
0
0
0
0
0
0
0
0
0
0
0
0
0
0
0
0
0
0
0
0
0
0
0
0
0
0
0
0
0
0
0
0
0
0
0
0
0
0
0
0
0
0
0
0
0
0
0
0
0
0
0
0
0
0
0
0
0
0
0
0
0
0
0
0
0
0
0
0
0
0
0
0
0
0
0
0
0
0
0
0
0
0
0
0
0
0
0
0
0
0
0
0
0
0
0
0
0
0
0
0
0
0
0
0
0
0
0
0
0
0
0
0
0
0
0
0
0
0
0
0
0.0862745
0.435294
0.529412
0.568627
0.545098
0.607843
0.623529
0.619608
0
0
0
0
0
0
0
0
0
0
0
0
0.411765
0.87451
0.313726
0.235294
0.211765
0.27451
0.278431
0.180392
0
0
0
0
0
0
0
0
0
0
0
0
0.0117647
0.603922
0.752941
0.0784314
0
0
0
0
0
0
0
0
0
0
0
0
0
0
0
0
0
0
0.341176
0.780392
0.0470588
0
0
0
0
0
0
0
0
0
0
0
0
0
0
0
0
0
0
0.431373
0.631373
0
0
0
0
0
0
0
0
0
0
0
0
0
0
0
0
0
0
0
0.294118
0.262745
0
0
0
0
0
0
0
0
0
0
0
0
0
0
0
0
0
0
0.0784314
0.8
0.0352941
0
0
0
0
0
0
0
0
0
0
0
0
0
0
0
0
0
0
0.678431
0.239216
0
0
0
0
0
0
0
0
0
0
0
0
0
0
0
0
0
0
0.705882
0.243137
0
0
0
0
0
0
0
0
0
0
0
0
0
0
0.192157
0.219608
0.192157
0.588235
0.643137
0.00392157
0
0
0
0
0
0
0
0
0
0
0
0
0
0.501961
0.807843
0.639216
0.462745
0.180392
0.00392157
0
0
0
0
0
0
0
0
0
0
0
0
0
0
0.00784314
0
0
0
0
0
0
0
0
0
0
0
0
0
0
0
0
0
0
0
0
0
0
0
0
0
0
0
0
0
0
0
0
0
0
0
0
0
0
0
0
0
0
0
0
0
0
0
0
0
0
0
0
