0
0
0
0
0
0
0
0
0
0
0
0
0
0
0
0
0
0
0
0
0
0
0
0
0
0
0
0
0
0
0
0
0
0
0
0
0
0
0
0
0
0
0
0
0
0
0
0
0
0
0
0
0
0
0
0
0
0
0
0
0
0
0
0
0
0
0
0
0
0
0
0
0
0
0
0
0
0
0
0
0
0
0
0
0
0
0
0
0
0
0
0
0
0
0
0
0
0
0
0
0
0
0
0
0
0
0
0
0
0
0
0
0
0
0
0
0
0
0
0
0
0
0
0
0
0
0
0
0
0
0
0
0.00392157
0.0588235
0.145098
0.0117647
0
0
0
0
0
0
0
0
0
0
0
0
0.298039
0.647059
0.745098
0.662745
0.537255
0.772549
0.780392
0.168627
0
0
0
0
0
0
0
0
0
0
0
0
0.803922
0.411765
0.0784314
0
0
0
0
0
0
0
0
0
0
0
0
0
0
0
0
0
0.419608
0.729412
0.0705882
0
0
0
0
0
0
0
0
0
0
0
0
0
0
0
0
0
0
0.423529
0.839216
0.188235
0
0
0
0
0
0
0
0
0
0
0
0
0
0
0
0
0
0
0.286275
0.8
0.666667
0.105882
0
0
0
0
0
0
0
0
0
0
0
0
0
0
0
0
0
0.00392157
0.619608
0.411765
0
0
0
0
0
0
0
0
0
0
0
0
0
0
0
0
0
0.0588235
0.807843
0.239216
0
0
0
0
0
0
0
0
0
0
0
0
0.0901961
0.235294
0.223529
0.309804
0.32549
0.729412
0.447059
0
0
0
0
0
0
0
0
0
0
0
0
0
0.52549
0.694118
0.556863
0.572549
0.388235
0.0352941
0
0
0
0
0
0
0
0
0
0
0
0
0
0
0
0
0
0
0
0
0
0
0
0
0
0
0
0
0
0
0
0
0
0
0
0
0
0
0
0
0
0
0
0
0
0
0
0
0
0
0
0
0
0
0
0
0
0
0
0
0
0
0
0
0
0
0
0
0
0
0
0
0
0
0
0
0
0
0
0
0
0
0
0
0
0
0
0
