0
0
0
0
0
0
0
0
0
0
0
0
0
0
0
0
0
0
0
0
0
0
0
0
0
0
0
0
0
0
0
0
0
0
0
0
0
0
0
0
0
0
0
0
0
0
0
0
0
0
0
0
0
0
0
0
0
0
0
0
0
0
0
0
0
0
0
0
0
0
0
0
0
0
0
0
0
0
0
0
0
0
0
0
0
0
0
0
0
0
0
0
0
0
0
0
0
0
0
0
0
0
0
0
0
0
0
0
0
0.0117647
0.168627
0
0
0
0
0
0
0
0
0
0
0
0
0
0
0
0
0
0
0.113725
0.705882
0
0
0
0
0
0
0
0
0
0
0
0
0
0
0
0
0
0
0.0980392
0.690196
0
0.294118
0.160784
0
0
0
0
0
0
0
0
0
0
0
0
0
0
0
0.054902
0.368627
0.164706
0.862745
0.133333
0
0
0
0
0
0
0
0
0
0
0
0
0
0
0
0.0745098
0.52549
0.803922
0.231373
0
0
0
0
0
0
0
0
0
0
0
0
0
0
0
0
0.0901961
0.941176
0.913725
0
0
0
0
0
0
0
0
0
0
0
0
0
0
0
0
0
0.105882
0.921569
0.870588
0.227451
0
0
0
0
0
0
0
0
0
0
0
0
0
0
0
0
0.0352941
0.811765
0.207843
0.713726
0
0
0
0
0
0
0
0
0
0
0
0
0
0
0
0
0
0.866667
0.219608
0.541176
0.372549
0
0
0
0
0
0
0
0
0
0
0
0
0
0
0
0
0.941176
0.207843
0.00392157
0.670588
0.305882
0
0
0
0
0
0
0
0
0
0
0
0
0
0
0
0.560784
0.00784314
0
0.0901961
0.156863
0
0
0
0
0
0
0
0
0
0
0
0
0
0
0
0
0
0
0
0
0
0
0
0
0
0
0
0
0
0
0
0
0
0
0
0
0
0
0
0
0
0
0
0
0
0
0
0
0
0
0
0
0
0
0
0
0
0
0
0
0
0
0
0
0
0
0
0
0
0
0
0
0
0
0
0
0
0
0
0
0
0
0
0
0
