0
0
0
0
0
0
0
0
0
0
0
0
0
0
0
0
0
0
0
0
0
0
0
0
0
0
0
0
0
0
0
0
0
0
0
0
0
0
0
0
0
0
0
0
0
0
0
0
0
0
0
0
0
0
0
0
0
0
0
0
0
0
0
0
0
0
0
0
0
0
0
0
0
0
0
0
0
0
0
0
0
0
0
0
0
0
0
0
0
0
0
0
0
0
0
0
0
0
0
0
0
0
0
0
0
0
0
0
0
0
0
0
0
0
0
0
0
0
0
0
0
0
0
0
0
0
0
0
0
0.239216
0
0
0.0117647
0.52549
0.0705882
0
0
0
0
0
0
0
0
0
0
0
0
0
0
0.866667
0
0.00784314
0.4
0.564706
0.00784314
0
0
0
0
0
0
0
0
0
0
0
0
0
0
0.866667
0.00392157
0.580392
0.572549
0
0
0
0
0
0
0
0
0
0
0
0
0
0
0
0
0.839216
0.564706
0.639216
0.0117647
0
0
0
0
0
0
0
0
0
0
0
0
0
0
0
0
0.835294
0.988235
0.152941
0
0
0
0
0
0
0
0
0
0
0
0
0
0
0
0
0
0.811765
0.537255
0.207843
0
0
0
0
0
0
0
0
0
0
0
0
0
0
0
0
0
0.4
0.364706
0.639216
0
0
0
0
0
0
0
0
0
0
0
0
0
0
0
0
0
0.796078
0.0117647
0.831373
0.196078
0
0
0
0
0
0
0
0
0
0
0
0
0
0
0
0.0313726
0.870588
0
0.133333
0.839216
0.0784314
0
0
0
0
0
0
0
0
0
0
0
0
0
0
0.145098
0.6
0
0
0.372549
0.101961
0
0
0
0
0
0
0
0
0
0
0
0
0
0
0
0
0
0
0
0
0
0
0
0
0
0
0
0
0
0
0
0
0
0
0
0
0
0
0
0
0
0
0
0
0
0
0
0
0
0
0
0
0
0
0
0
0
0
0
0
0
0
0
0
0
0
0
0
0
0
0
0
0
0
0
0
0
0
0
0
0
0
0
0
0
0
