0
0
0
0
0
0
0
0
0
0
0
0
0
0
0
0
0
0
0
0
0
0
0
0
0
0
0
0
0
0
0
0
0
0
0
0
0
0
0
0
0
0
0
0
0
0
0
0
0
0
0
0
0
0
0
0
0
0
0
0
0
0
0
0
0
0
0
0
0
0
0
0
0
0
0
0
0
0
0
0
0
0
0
0
0
0
0
0
0
0
0
0
0
0
0
0
0
0
0
0
0
0
0
0
0
0
0
0
0
0
0
0
0
0
0
0.0901961
0.623529
0
0
0
0
0
0
0
0
0
0
0
0
0
0
0
0
0
0
0.568627
0.545098
0
0
0
0
0
0
0
0
0
0
0
0
0
0
0
0
0
0.364706
0.635294
0.027451
0
0
0
0
0
0
0
0
0
0
0
0
0
0
0
0.0117647
0.454902
0.768627
0.0235294
0
0
0
0
0
0
0
0
0
0
0
0
0
0
0
0.133333
0.752941
0.568627
0.054902
0
0
0
0
0
0
0
0
0
0
0
0
0
0
0
0.227451
0.847059
0.309804
0
0
0
0
0
0
0
0
0
0
0
0
0
0
0
0.00392157
0.4
0.839216
0.141176
0
0
0
0
0
0
0
0
0
0
0
0
0
0
0
0
0.580392
0.698039
0.0745098
0
0
0
0
0
0
0
0
0
0
0
0
0
0
0
0
0.458824
0.670588
0.0196078
0
0
0
0
0
0
0
0
0
0
0
0
0
0
0
0.00784314
0.501961
0.741176
0.0392157
0
0
0
0
0
0
0
0
0
0
0
0
0
0
0
0
0.607843
0.694118
0.0588235
0
0
0
0
0
0
0
0
0
0
0
0
0
0
0
0
0
0.231373
0.0117647
0
0
0
0
0
0
0
0
0
0
0
0
0
0
0
0
0
0
0
0
0
0
0
0
0
0
0
0
0
0
0
0
0
0
0
0
0
0
0
0
0
0
0
0
0
0
0
0
0
0
0
0
0
0
0
0
0
0
0
0
0
0
0
0
0
0
0
0
0
0
0
0
0
