0
0
0
0
0
0
0
0
0
0
0
0
0
0
0
0
0
0
0
0
0
0
0
0
0
0
0
0
0
0
0
0
0
0
0
0
0
0
0
0
0
0
0
0
0
0
0
0
0
0
0
0
0
0
0
0
0
0
0
0
0
0
0
0
0
0
0
0
0
0
0
0
0
0
0
0
0
0
0
0
0
0
0
0
0
0
0
0
0
0
0
0
0
0
0
0
0
0
0
0
0
0
0
0
0
0
0
0
0
0
0
0
0
0
0
0.0431373
0.47451
0
0
0
0
0
0
0
0
0
0
0
0
0
0
0
0
0
0.027451
0.788235
0.439216
0
0
0
0
0
0
0
0
0
0
0
0
0
0
0
0
0
0.545098
0.243137
0
0
0
0
0
0
0
0
0
0
0
0
0
0
0
0
0.00392157
0.419608
0.12549
0
0
0
0
0
0
0
0
0
0
0
0
0
0
0
0
0.101961
0.545098
0.360784
0
0
0
0
0
0
0
0
0
0
0
0
0
0
0
0
0.219608
0.341176
0.290196
0.00392157
0
0
0
0
0
0
0
0
0
0
0
0
0
0
0
0.227451
0.819608
0.101961
0
0
0
0
0
0
0
0
0
0
0
0
0
0
0
0
0.352941
0.705882
0.156863
0
0
0
0
0
0
0
0
0
0
0
0
0
0
0
0
0.423529
0.686275
0.0627451
0
0
0
0
0
0
0
0
0
0
0
0
0
0
0
0.027451
0.454902
0.364706
0
0
0
0
0
0
0
0
0
0
0
0
0
0
0
0
0.00392157
0.564706
0.439216
0
0
0
0
0
0
0
0
0
0
0
0
0
0
0
0
0
0.0705882
0.564706
0.0117647
0
0
0
0
0
0
0
0
0
0
0
0
0
0
0
0
0
0
0
0
0
0
0
0
0
0
0
0
0
0
0
0
0
0
0
0
0
0
0
0
0
0
0
0
0
0
0
0
0
0
0
0
0
0
0
0
0
0
0
0
0
0
0
0
0
0
0
0
0
0
0
0
0
