0
0
0
0
0
0
0
0
0
0
0
0
0
0
0
0
0
0
0
0
0
0
0
0
0
0
0
0
0
0
0
0
0
0
0
0
0
0
0
0
0
0
0
0
0
0
0
0
0
0
0
0
0
0
0
0
0
0
0
0
0
0
0
0
0
0
0
0
0
0
0
0
0
0
0
0
0
0
0
0
0
0
0
0
0
0
0
0
0
0
0
0
0
0
0
0
0
0
0
0
0
0
0
0
0
0
0
0
0
0
0
0
0
0
0
0
0
0
0
0
0
0
0
0
0
0
0
0
0
0
0
0
0
0
0
0
0
0
0
0
0
0
0
0
0
0
0
0
0
0
0
0
0
0.0666667
0.741176
0.180392
0
0
0
0
0
0
0
0
0
0
0
0
0
0
0
0
0.0666667
0.796078
0.466667
0
0
0
0
0
0
0
0
0
0
0
0
0
0
0
0
0.12549
0.807843
0.411765
0
0
0
0
0
0
0
0
0
0
0
0
0
0
0
0
0.133333
0.847059
0.298039
0
0
0
0
0
0
0
0
0
0
0
0
0
0
0
0
0.219608
0.854902
0.266667
0
0
0
0
0
0
0
0
0
0
0
0
0
0
0
0
0.231373
0.898039
0.227451
0
0
0
0
0
0
0
0
0
0
0
0
0
0
0
0
0.396078
0.866667
0.235294
0
0
0
0
0
0
0
0
0
0
0
0
0
0
0
0
0
0.443137
0.0980392
0
0
0
0
0
0
0
0
0
0
0
0
0
0
0
0
0
0
0
0
0
0
0
0
0
0
0
0
0
0
0
0
0
0
0
0
0
0
0
0
0
0
0
0
0
0
0
0
0
0
0
0
0
0
0
0
0
0
0
0
0
0
0
0
0
0
0
0
0
0
0
0
0
0
0
0
0
0
0
0
0
0
0
0
0
0
0
0
0
0
0
0
0
0
0
0
0
0
0
0
0
0
0
0
0
0
0
0
0
0
0
