0
0
0
0
0
0
0
0
0
0
0
0
0
0
0
0
0
0
0
0
0
0
0
0
0
0
0
0
0
0
0
0
0
0
0
0
0
0
0
0
0
0
0
0
0
0
0
0
0
0
0
0
0
0
0
0
0
0
0
0
0
0
0
0
0
0
0
0
0
0
0
0
0
0
0
0
0
0
0
0
0
0
0
0
0
0
0
0
0
0
0
0
0
0
0
0
0
0
0
0
0
0
0
0
0
0
0
0
0
0
0
0
0
0
0
0
0
0
0
0
0
0
0
0
0
0
0
0
0
0
0
0
0
0
0
0
0
0
0
0
0
0
0
0
0
0
0
0
0
0
0
0
0
0
0
0
0
0
0
0
0
0
0
0
0
0
0
0
0
0
0
0
0
0.262745
0.741176
0
0
0
0
0
0
0
0
0
0
0
0
0
0
0
0
0
0.333333
0.827451
0.172549
0
0
0
0
0
0
0
0
0
0
0
0
0
0
0
0.00392157
0.556863
0.772549
0.0784314
0
0
0
0
0
0
0
0
0
0
0
0
0
0
0
0.0235294
0.619608
0.658824
0.0431373
0
0
0
0
0
0
0
0
0
0
0
0
0
0
0
0.0117647
0.654902
0.607843
0.0117647
0
0
0
0
0
0
0
0
0
0
0
0
0
0
0
0
0.643137
0.576471
0.00392157
0
0
0
0
0
0
0
0
0
0
0
0
0
0
0
0
0
0.176471
0.0117647
0
0
0
0
0
0
0
0
0
0
0
0
0
0
0
0
0
0
0
0
0
0
0
0
0
0
0
0
0
0
0
0
0
0
0
0
0
0
0
0
0
0
0
0
0
0
0
0
0
0
0
0
0
0
0
0
0
0
0
0
0
0
0
0
0
0
0
0
0
0
0
0
0
0
0
0
0
0
0
0
0
0
0
0
0
0
0
0
0
0
0
0
0
0
0
0
0
0
0
0
0
0
0
0
0
0
0
0
0
0
