0
0
0
0
0
0
0
0
0
0
0
0
0
0
0
0
0
0
0
0
0
0
0
0
0
0
0
0
0
0
0
0
0
0
0
0
0
0
0
0
0
0
0
0
0
0
0
0
0
0
0
0
0
0
0
0
0
0
0
0
0
0
0
0
0
0
0
0
0
0
0
0
0
0
0
0
0
0
0
0
0
0
0
0
0
0
0
0
0
0
0
0
0
0
0
0.027451
0.00784314
0
0
0
0
0
0
0
0
0
0
0
0
0
0
0
0
0
0.00392157
0.752941
0.262745
0
0
0
0
0
0
0
0
0
0
0
0
0
0
0
0
0
0.494118
0.654902
0
0
0
0
0
0
0
0
0
0
0
0
0
0
0
0
0
0.207843
0.819608
0.0431373
0
0
0
0
0
0
0
0
0
0
0
0
0
0
0
0
0.054902
0.811765
0.207843
0
0
0
0
0
0
0
0
0
0
0
0
0
0
0
0
0.0784314
0.694118
0.360784
0
0
0
0
0
0
0
0
0
0
0
0
0
0
0
0
0.176471
0.827451
0.266667
0
0
0
0
0
0
0
0
0
0
0
0
0
0
0
0
0.00392157
0.780392
0.231373
0
0
0
0
0
0
0
0
0
0
0
0
0
0
0
0
0.0627451
0.6
0.2
0
0
0
0
0
0
0
0
0
0
0
0
0
0
0
0
0.243137
0.835294
0.168627
0
0
0
0
0
0
0
0
0
0
0
0
0
0
0
0
0.352941
0.811765
0.141176
0
0
0
0
0
0
0
0
0
0
0
0
0
0
0
0
0.345098
0.490196
0.0745098
0
0
0
0
0
0
0
0
0
0
0
0
0
0
0
0
0.305882
0.756863
0.054902
0
0
0
0
0
0
0
0
0
0
0
0
0
0
0
0
0
0.780392
0.141176
0
0
0
0
0
0
0
0
0
0
0
0
0
0
0
0
0
0
0.0352941
0
0
0
0
0
0
0
0
0
0
0
0
0
0
0
0
0
0
0
0
0
0
0
0
0
0
0
0
0
0
0
0
0
0
0
