0
0
0
0
0
0
0
0
0
0
0
0
0
0
0
0
0
0
0
0
0
0
0
0
0
0
0
0
0
0
0
0
0
0
0
0
0
0
0
0
0
0
0
0
0
0
0
0
0
0
0
0
0
0
0
0
0
0
0
0
0
0
0
0
0
0
0
0
0
0
0
0
0
0
0
0
0
0
0
0
0
0
0
0
0
0
0
0
0
0
0
0
0
0
0
0
0.00392157
0
0
0
0
0
0
0
0
0
0
0
0
0
0
0
0
0
0
0.054902
0.811765
0.203922
0
0
0
0
0
0
0
0
0
0
0
0
0
0
0
0
0.0392157
0.768627
0.435294
0
0
0
0
0
0
0
0
0
0
0
0
0
0
0
0
0.0117647
0.670588
0.501961
0
0
0
0
0
0
0
0
0
0
0
0
0
0
0
0
0.0705882
0.72549
0.568627
0
0
0
0
0
0
0
0
0
0
0
0
0
0
0
0
0.145098
0.854902
0.396078
0
0
0
0
0
0
0
0
0
0
0
0
0
0
0
0
0.180392
0.858824
0.266667
0
0
0
0
0
0
0
0
0
0
0
0
0
0
0
0
0.294118
0.847059
0.180392
0
0
0
0
0
0
0
0
0
0
0
0
0
0
0
0
0.227451
0.823529
0.109804
0
0
0
0
0
0
0
0
0
0
0
0
0
0
0
0
0.0745098
0.67451
0.133333
0
0
0
0
0
0
0
0
0
0
0
0
0
0
0
0
0.133333
0.756863
0.0784314
0
0
0
0
0
0
0
0
0
0
0
0
0
0
0
0
0.0980392
0.831373
0.270588
0
0
0
0
0
0
0
0
0
0
0
0
0
0
0
0
0.0431373
0.835294
0.396078
0
0
0
0
0
0
0
0
0
0
0
0
0
0
0
0
0
0.596078
0.47451
0
0
0
0
0
0
0
0
0
0
0
0
0
0
0
0
0
0
0.0352941
0
0
0
0
0
0
0
0
0
0
0
0
0
0
0
0
0
0
0
0
0
0
0
0
0
0
0
0
0
0
0
0
0
0
0
