0
0
0
0
0
0
0
0
0
0
0
0
0
0
0
0
0
0
0
0
0
0
0
0
0
0
0
0
0
0
0
0
0
0
0
0
0
0
0
0
0
0
0
0
0
0
0
0
0
0
0
0
0
0
0
0
0
0
0
0
0
0
0
0
0
0
0
0
0
0
0
0
0
0
0
0
0
0
0
0
0
0
0
0
0
0
0
0
0
0
0
0
0
0
0
0
0
0
0
0
0
0
0
0
0
0
0
0
0
0
0
0
0
0
0
0.0117647
0.360784
0
0
0
0
0
0
0
0
0
0
0
0
0
0
0
0
0
0
0.431373
0.639216
0
0
0
0
0
0
0
0
0
0
0
0
0
0
0
0
0
0.109804
0.862745
0.0745098
0
0
0
0
0
0
0
0
0
0
0
0
0
0
0
0
0.254902
0.823529
0.0784314
0
0
0
0
0
0
0
0
0
0
0
0
0
0
0
0
0.380392
0.792157
0.129412
0
0
0
0
0
0
0
0
0
0
0
0
0
0
0
0
0.396078
0.368627
0.0235294
0
0
0
0
0
0
0
0
0
0
0
0
0
0
0
0.0627451
0.176471
0.231373
0.00784314
0
0
0
0
0
0
0
0
0
0
0
0
0
0
0
0.00392157
0.611765
0.356863
0
0
0
0
0
0
0
0
0
0
0
0
0
0
0
0
0.219608
0.67451
0.0392157
0
0
0
0
0
0
0
0
0
0
0
0
0
0
0
0
0.305882
0.764706
0.054902
0
0
0
0
0
0
0
0
0
0
0
0
0
0
0
0
0.431373
0.345098
0.105882
0
0
0
0
0
0
0
0
0
0
0
0
0
0
0
0
0
0.341176
0.0313726
0
0
0
0
0
0
0
0
0
0
0
0
0
0
0
0
0
0
0
0
0
0
0
0
0
0
0
0
0
0
0
0
0
0
0
0
0
0
0
0
0
0
0
0
0
0
0
0
0
0
0
0
0
0
0
0
0
0
0
0
0
0
0
0
0
0
0
0
0
0
0
0
0
