0
0
0
0
0
0
0
0
0
0
0
0
0
0
0
0
0
0
0
0
0
0
0
0
0
0
0
0
0
0
0
0
0
0
0
0
0
0
0
0
0
0
0
0
0
0
0
0
0
0
0
0
0
0
0
0
0
0
0
0
0
0
0
0
0
0
0
0
0
0
0
0
0
0
0
0
0
0
0
0
0
0
0
0
0
0
0
0
0
0
0
0
0
0
0
0
0
0
0
0
0
0
0
0
0
0
0
0
0
0
0
0
0
0
0
0
0
0
0
0
0
0
0
0
0
0
0
0
0
0
0
0
0
0
0
0
0
0
0
0
0
0
0
0
0
0
0
0
0
0
0
0
0
0
0.12549
0
0
0
0
0
0
0
0
0
0
0
0
0
0
0
0
0
0
0.443137
0.737255
0
0
0
0
0
0
0
0
0
0
0
0
0
0
0
0
0
0.466667
0.596078
0.054902
0
0
0
0
0
0
0
0
0
0
0
0
0
0
0
0.156863
0.729412
0.309804
0.00392157
0
0
0
0
0
0
0
0
0
0
0
0
0
0
0
0.278431
0.764706
0.219608
0
0
0
0
0
0
0
0
0
0
0
0
0
0
0
0
0.360784
0.792157
0.121569
0
0
0
0
0
0
0
0
0
0
0
0
0
0
0
0
0.462745
0.72549
0.0431373
0
0
0
0
0
0
0
0
0
0
0
0
0
0
0
0
0
0.639216
0.0352941
0
0
0
0
0
0
0
0
0
0
0
0
0
0
0
0
0
0
0
0
0
0
0
0
0
0
0
0
0
0
0
0
0
0
0
0
0
0
0
0
0
0
0
0
0
0
0
0
0
0
0
0
0
0
0
0
0
0
0
0
0
0
0
0
0
0
0
0
0
0
0
0
0
0
0
0
0
0
0
0
0
0
0
0
0
0
0
0
0
0
0
0
0
0
0
0
0
0
0
0
0
0
0
0
0
0
0
0
0
0
0
