0
0
0
0
0
0
0
0
0
0
0
0
0
0
0
0
0
0
0
0
0
0
0
0
0
0
0
0
0
0
0
0
0
0
0
0
0
0
0
0
0
0
0
0
0
0
0
0
0
0
0
0
0
0
0
0
0
0
0
0
0
0
0
0
0
0
0
0
0
0
0
0
0
0
0
0
0
0
0.12549
0
0
0
0
0
0
0
0
0
0
0
0
0
0
0
0
0
0
0.368627
0.8
0
0
0
0
0
0
0
0
0
0
0
0
0
0
0
0
0
0.32549
0.607843
0.027451
0
0
0
0
0
0
0
0
0
0
0
0
0
0
0
0
0.305882
0.521569
0.0313726
0
0
0
0
0
0
0
0
0
0
0
0
0
0
0
0.0470588
0.501961
0.533333
0
0
0
0
0
0
0
0
0
0
0
0
0
0
0
0
0.0745098
0.788235
0.435294
0
0
0
0
0
0
0
0
0
0
0
0
0
0
0
0
0.12549
0.823529
0.32549
0
0
0
0
0
0
0
0
0
0
0
0
0
0
0
0
0.180392
0.839216
0.294118
0
0
0
0
0
0
0
0
0
0
0
0
0
0
0
0
0.298039
0.839216
0.156863
0
0
0
0
0
0
0
0
0
0
0
0
0
0
0
0
0.439216
0.690196
0.0862745
0
0
0
0
0
0
0
0
0
0
0
0
0
0
0
0.0117647
0.533333
0.52549
0.0117647
0
0
0
0
0
0
0
0
0
0
0
0
0
0
0
0.0862745
0.745098
0.427451
0
0
0
0
0
0
0
0
0
0
0
0
0
0
0
0
0.156863
0.858824
0.301961
0
0
0
0
0
0
0
0
0
0
0
0
0
0
0
0
0
0.780392
0.254902
0
0
0
0
0
0
0
0
0
0
0
0
0
0
0
0
0
0
0.0352941
0
0
0
0
0
0
0
0
0
0
0
0
0
0
0
0
0
0
0
0
0
0
0
0
0
0
0
0
0
0
0
0
0
0
0
0
0
0
0
0
0
0
0
0
0
0
0
0
0
0
0
0
0
0
0
