0
0
0
0
0
0
0
0
0
0
0
0
0
0
0
0
0
0
0
0
0
0
0
0
0
0
0
0
0
0
0
0
0
0
0
0
0
0
0
0
0
0
0
0
0
0
0
0
0
0
0
0
0
0
0
0
0
0
0
0
0
0
0
0
0
0
0
0
0
0
0
0
0
0
0
0
0
0
0
0
0
0
0
0
0
0
0
0
0
0
0
0
0
0
0
0
0
0
0
0
0
0
0
0
0
0
0
0
0
0
0
0
0
0
0
0
0
0
0
0
0
0
0
0
0
0
0
0
0
0.0392157
0.239216
0.219608
0
0
0
0
0
0
0
0
0
0
0
0
0
0
0
0
0.4
0.827451
0.854902
0.870588
0.121569
0
0
0
0
0
0
0
0
0
0
0
0
0
0
0.121569
0.788235
0.0431373
0
0.239216
0.180392
0
0
0
0
0
0
0
0
0
0
0
0
0
0
0.341176
0.270588
0.160784
0.270588
0.176471
0.301961
0
0
0
0
0
0
0
0
0
0
0
0
0
0
0.552941
0.160784
0.223529
0.603922
0.180392
0.478431
0
0
0
0
0
0
0
0
0
0
0
0
0
0
0.6
0.254902
0.00392157
0.756863
0.392157
0.529412
0
0
0
0
0
0
0
0
0
0
0
0
0
0
0.243137
0.580392
0.219608
0.145098
0.980392
0.443137
0
0
0
0
0
0
0
0
0
0
0
0
0
0
0
0.054902
0.372549
0.756863
0.713726
0.721569
0.027451
0
0
0
0
0
0
0
0
0
0
0
0
0
0
0
0
0
0
0.521569
0.721569
0.109804
0
0
0
0
0
0
0
0
0
0
0
0
0
0
0
0
0
0
0.243137
0.133333
0
0
0
0
0
0
0
0
0
0
0
0
0
0
0
0
0
0
0
0
0
0
0
0
0
0
0
0
0
0
0
0
0
0
0
0
0
0
0
0
0
0
0
0
0
0
0
0
0
0
0
0
0
0
0
0
0
0
0
0
0
0
0
0
0
0
0
0
0
0
0
0
0
0
0
0
0
0
0
0
0
0
0
0
0
