0
0
0
0
0
0
0
0
0
0
0
0
0
0
0
0
0
0
0
0
0
0
0
0
0
0
0
0
0
0
0
0
0
0
0
0
0
0
0
0
0
0
0
0
0
0
0
0
0
0
0
0
0
0
0
0
0
0
0
0
0
0
0
0
0
0
0
0
0
0
0
0
0
0
0
0
0
0
0
0
0
0
0
0
0
0
0
0
0
0
0
0
0
0
0
0
0
0
0
0
0
0
0
0
0
0
0
0
0
0
0
0
0
0
0
0
0
0
0
0
0
0
0
0
0
0
0
0
0
0
0
0
0
0
0
0
0
0
0
0
0
0
0
0
0
0
0
0
0
0
0
0
0
0
0
0
0
0
0
0
0
0
0
0
0
0
0
0
0
0.129412
0.223529
0.145098
0
0
0
0
0
0
0
0
0
0
0
0
0
0
0
0
0.254902
0.901961
0.890196
0.780392
0.403922
0
0
0
0
0
0
0
0
0
0
0
0
0
0
0.027451
0.847059
0.223529
0.0352941
0.027451
0.886275
0.00784314
0
0
0
0
0
0
0
0
0
0
0
0
0
0.141176
0.756863
0
0.321569
0.0588235
0.901961
0.00392157
0
0
0
0
0
0
0
0
0
0
0
0
0
0.0196078
0.862745
0.356863
0.713726
0.678431
0.643137
0
0
0
0
0
0
0
0
0
0
0
0
0
0
0
0.12549
0.596078
0.694118
0.921569
0.380392
0
0
0
0
0
0
0
0
0
0
0
0
0
0
0
0
0
0
0.12549
0.639216
0
0
0
0
0
0
0
0
0
0
0
0
0
0
0
0
0
0
0
0
0
0
0
0
0
0
0
0
0
0
0
0
0
0
0
0
0
0
0
0
0
0
0
0
0
0
0
0
0
0
0
0
0
0
0
0
0
0
0
0
0
0
0
0
0
0
0
0
0
0
0
0
0
0
0
0
0
0
0
0
0
0
0
0
0
0
0
0
0
0
0
0
0
0
0
0
0
0
0
0
0
0
0
0
0
0
0
