0
0
0
0
0
0
0
0
0
0
0
0
0
0
0
0
0
0
0
0
0
0
0
0
0
0
0
0
0
0
0
0
0
0
0
0
0
0
0
0
0
0
0
0
0
0
0
0
0
0
0
0
0
0
0
0
0
0
0
0
0
0
0
0
0
0
0
0
0
0
0
0
0
0
0
0
0
0
0
0
0
0
0
0
0
0
0
0
0
0
0
0
0
0
0
0
0
0
0
0
0
0
0
0
0
0
0
0
0.0352941
0.0313726
0.00392157
0.00392157
0
0
0
0
0
0
0
0
0
0
0
0
0
0
0
0.352941
0.741176
0.572549
0.254902
0.894118
0.560784
0
0
0
0
0
0
0
0
0
0
0
0
0
0.027451
0.866667
0.0745098
0
0.321569
0.87451
0.909804
0.509804
0
0
0
0
0
0
0
0
0
0
0
0
0.321569
0.572549
0
0
0.301961
0.12549
0.0235294
0.654902
0.376471
0
0
0
0
0
0
0
0
0
0
0
0.396078
0.462745
0
0
0
0
0
0.00392157
0.768627
0.133333
0
0
0
0
0
0
0
0
0
0
0.392157
0.490196
0
0
0
0
0
0
0.392157
0.486275
0
0
0
0
0
0
0
0
0
0
0.164706
0.658824
0
0
0
0
0
0
0.313726
0.513726
0
0
0
0
0
0
0
0
0
0
0.00392157
0.745098
0.00392157
0
0.219608
0.027451
0
0
0.462745
0.454902
0
0
0
0
0
0
0
0
0
0
0
0.0980392
0.403922
0
0.533333
0.666667
0.00392157
0.309804
0.854902
0.0745098
0
0
0
0
0
0
0
0
0
0
0
0.027451
0.694118
0.643137
0.321569
0.854902
0.878431
0.694118
0.113725
0
0
0
0
0
0
0
0
0
0
0
0
0
0.00784314
0.341176
0.501961
0.419608
0.741176
0.109804
0
0
0
0
0
0
0
0
0
0
0
0
0
0
0
0
0
0
0.12549
0.835294
0.0980392
0
0
0
0
0
0
0
0
0
0
0
0
0
0
0
0
0
0
0.2
0.027451
0
0
0
0
0
0
0
0
0
0
0
0
0
0
0
0
0
0
0
0
0
0
0
0
0
0
0
0
0
0
0
0
0
0
0
0
0
0
0
0
0
0
0
0
0
