0
0
0
0
0
0
0
0
0
0
0
0
0
0
0
0
0
0
0
0
0
0
0
0
0
0
0
0
0
0
0
0
0
0
0
0
0
0
0
0
0
0
0
0
0
0
0
0
0
0
0
0
0
0
0
0
0
0
0
0
0
0
0
0
0
0
0
0
0
0
0
0
0
0
0
0
0
0
0
0
0
0
0
0
0
0
0
0
0
0
0
0
0
0
0
0
0
0
0
0
0
0
0
0
0
0
0
0
0
0
0
0
0
0
0
0
0
0
0
0
0
0
0
0
0
0
0
0
0
0
0
0
0
0
0
0
0
0
0
0
0
0
0
0
0
0
0
0
0
0.0784314
0.690196
0.0705882
0
0
0
0
0
0
0
0
0
0
0
0
0
0
0
0
0.027451
0.792157
0.960784
0.380392
0
0
0
0
0
0
0
0
0
0
0
0
0
0
0
0
0.364706
0.564706
0.0705882
0.796078
0.447059
0
0
0
0
0
0
0
0
0
0
0
0
0
0
0
0.737255
0.141176
0
0.0666667
0.760784
0.309804
0
0
0
0
0
0
0
0
0
0
0
0
0
0
0.858824
0.00784314
0
0
0.156863
0.611765
0
0
0
0
0
0
0
0
0
0
0
0
0
0
0.72549
0.262745
0
0.239216
0.129412
0.647059
0
0
0
0
0
0
0
0
0
0
0
0
0
0
0.2
0.894118
0.388235
0.937255
0.729412
0.294118
0
0
0
0
0
0
0
0
0
0
0
0
0
0
0
0.027451
0.054902
0.670588
0.458824
0
0
0
0
0
0
0
0
0
0
0
0
0
0
0
0
0
0
0.129412
0.305882
0
0
0
0
0
0
0
0
0
0
0
0
0
0
0
0
0
0
0
0
0
0
0
0
0
0
0
0
0
0
0
0
0
0
0
0
0
0
0
0
0
0
0
0
0
0
0
0
0
0
0
0
0
0
0
0
0
0
0
0
0
0
0
0
0
0
0
0
0
0
0
0
0
0
0
0
0
0
0
0
0
0
0
0
0
0
0
