0
0
0
0
0
0
0
0
0
0
0
0
0
0
0
0
0
0
0
0
0
0
0
0
0
0
0
0
0
0
0
0
0
0
0
0
0
0
0
0
0
0
0
0
0
0
0
0
0
0
0
0
0
0
0
0
0
0
0
0
0
0
0
0
0
0
0
0
0
0
0
0
0
0
0
0
0
0
0
0
0
0
0
0
0
0
0
0
0
0
0
0
0
0
0
0
0
0
0
0
0
0
0
0
0
0
0
0
0
0
0
0
0
0
0
0
0
0
0
0
0
0
0
0
0
0
0
0
0
0
0
0
0
0
0
0
0
0
0
0
0
0
0
0
0
0
0
0
0
0.360784
0.627451
0.0980392
0
0
0
0
0
0
0
0
0
0
0
0
0
0
0
0
0.294118
0.760784
0.913725
0.796078
0.109804
0
0
0
0
0
0
0
0
0
0
0
0
0
0
0
0.709804
0.168627
0.00392157
0.392157
0.729412
0
0
0
0
0
0
0
0
0
0
0
0
0
0
0
0.866667
0.00784314
0
0
0.866667
0.0862745
0
0
0
0
0
0
0
0
0
0
0
0
0
0
0.839216
0.207843
0.0196078
0.0705882
0.870588
0.0588235
0
0
0
0
0
0
0
0
0
0
0
0
0
0
0.254902
0.792157
0.901961
0.921569
0.741176
0
0
0
0
0
0
0
0
0
0
0
0
0
0
0
0
0
0
0.737255
0.352941
0
0
0
0
0
0
0
0
0
0
0
0
0
0
0
0
0
0
0.168627
0.345098
0
0
0
0
0
0
0
0
0
0
0
0
0
0
0
0
0
0
0
0
0
0
0
0
0
0
0
0
0
0
0
0
0
0
0
0
0
0
0
0
0
0
0
0
0
0
0
0
0
0
0
0
0
0
0
0
0
0
0
0
0
0
0
0
0
0
0
0
0
0
0
0
0
0
0
0
0
0
0
0
0
0
0
0
0
0
0
0
0
0
0
0
0
0
0
0
0
0
0
0
0
0
0
0
0
0
0
