0
0
0
0
0
0
0
0
0
0
0
0
0
0
0
0
0
0
0
0
0
0
0
0
0
0
0
0
0
0
0
0
0
0
0
0
0
0
0
0
0
0
0
0
0
0
0
0
0
0
0
0
0
0
0
0
0
0
0
0
0
0
0
0
0
0
0
0
0
0
0
0
0
0
0
0
0
0
0
0
0
0
0
0
0
0
0
0
0
0
0
0
0
0
0
0
0
0
0
0
0
0
0
0
0
0
0
0
0
0
0
0
0.52549
0.0784314
0
0
0
0
0
0
0
0
0
0
0
0
0
0
0
0
0
0.439216
1
0.145098
0
0
0
0
0
0
0
0
0
0
0
0
0
0
0
0
0.32549
0.803922
0.8
0.12549
0
0
0
0
0
0
0
0
0
0
0
0
0
0
0
0.12549
0.803922
0.0901961
0.72549
0.12549
0
0
0
0
0
0
0
0
0
0
0
0
0
0
0.101961
0.564706
0.176471
0
0.588235
0.0745098
0
0
0
0
0
0
0
0
0
0
0
0
0
0
0.556863
0.223529
0
0
0.290196
0.0196078
0
0
0
0
0
0
0
0
0
0
0
0
0
0.564706
0.501961
0
0
0
0.72549
0.12549
0
0
0
0
0
0
0
0
0
0
0
0
0.333333
0.756863
0.027451
0
0
0
0.678431
0.0901961
0
0
0
0
0
0
0
0
0
0
0
0
0.388235
0.172549
0
0
0
0
0.588235
0.0745098
0
0
0
0
0
0
0
0
0
0
0
0
0
0
0
0
0
0
0.647059
0.180392
0
0
0
0
0
0
0
0
0
0
0
0
0
0
0
0
0
0
0.67451
0.231373
0
0
0
0
0
0
0
0
0
0
0
0
0
0
0
0
0
0
0.576471
0.305882
0
0
0
0
0
0
0
0
0
0
0
0
0
0
0
0
0
0
0.054902
0.0235294
0
0
0
0
0
0
0
0
0
0
0
0
0
0
0
0
0
0
0
0
0
0
0
0
0
0
0
0
0
0
0
0
0
0
0
0
0
0
0
0
0
0
0
0
0
0
