0
0
0
0
0
0
0
0
0
0
0
0
0
0
0
0
0
0
0
0
0
0
0
0
0
0
0
0
0
0
0
0
0
0
0
0
0
0
0
0
0
0
0
0
0
0
0
0
0
0
0
0
0
0
0
0
0
0
0
0
0
0
0
0
0
0
0
0
0
0
0
0
0
0
0
0
0
0
0
0
0
0
0
0
0
0
0
0
0
0
0
0
0
0
0
0
0
0
0
0
0
0
0
0
0
0
0
0
0
0
0
0.0352941
0
0
0
0
0
0
0
0
0
0
0
0
0
0
0
0
0
0
0
0.764706
0.129412
0
0
0
0
0
0
0
0
0
0
0
0
0
0
0
0
0
0.0313726
0.690196
0
0
0
0
0
0
0
0
0
0
0
0
0
0
0
0
0
0
0.109804
0.768627
0
0
0
0
0
0
0
0
0
0
0
0
0
0
0
0
0
0
0.113725
0.713726
0
0
0
0
0
0
0
0
0
0
0
0
0
0
0
0
0
0
0.121569
0.721569
0
0
0
0
0
0
0
0
0
0
0
0
0
0
0
0
0
0
0.054902
0.443137
0
0
0
0
0
0
0
0
0
0
0
0
0
0
0
0
0
0
0.0901961
0.670588
0
0
0
0
0
0
0
0
0
0
0
0
0
0
0
0
0
0
0.133333
0.745098
0
0
0
0
0
0
0
0
0
0
0
0
0
0
0
0
0
0
0.0784314
0.811765
0
0
0
0
0
0
0
0
0
0
0
0
0
0
0
0
0
0
0.0862745
0.819608
0
0
0
0
0
0
0
0
0
0
0
0
0
0
0
0
0
0
0.0980392
0.831373
0
0
0
0
0
0
0
0
0
0
0
0
0
0
0
0
0
0
0
0.12549
0
0
0
0
0
0
0
0
0
0
0
0
0
0
0
0
0
0
0
0
0
0
0
0
0
0
0
0
0
0
0
0
0
0
0
0
0
0
0
0
0
0
0
0
0
0
0
0
