0
0
0
0
0
0
0
0
0
0
0
0
0
0
0
0
0
0
0
0
0
0
0
0
0
0
0
0
0
0
0
0
0
0
0
0
0
0
0
0
0
0
0
0
0
0
0
0
0
0
0
0
0
0
0
0
0
0
0
0
0
0
0
0
0
0
0
0
0
0
0
0.109804
0
0
0
0
0
0
0
0
0
0
0
0
0
0
0
0
0
0
0
0.368627
0.109804
0
0
0
0
0
0
0
0
0
0
0
0
0
0
0
0
0
0.027451
0.137255
0.168627
0
0
0
0
0
0
0
0
0
0
0
0
0
0
0
0
0
0.101961
0.027451
0.129412
0
0
0
0
0
0
0
0
0
0
0
0
0
0
0
0
0
0.12549
0.00392157
0.129412
0
0
0
0
0
0
0
0
0
0
0
0
0
0
0
0
0
0.129412
0
0.129412
0
0
0
0
0
0
0
0
0
0
0
0
0
0
0
0
0
0.12549
0
0.129412
0
0
0
0
0
0
0
0
0
0
0
0
0
0
0
0
0
0.00392157
0.027451
0.101961
0
0
0
0
0
0
0
0
0
0
0
0
0
0
0
0
0
0.129412
0.129412
0
0
0
0
0
0
0
0
0
0
0
0
0
0
0
0
0
0
0
0
0
0
0
0
0
0
0
0
0
0
0
0
0
0
0
0
0
0
0.156863
0.207843
0.207843
0.278431
0
0
0
0
0
0
0
0
0
0
0
0
0
0
0
0.172549
0.305882
0.305882
0.254902
0
0
0
0
0
0
0
0
0
0
0
0
0
0
0
0
0.301961
0.647059
0.188235
0.160784
0
0
0
0
0
0
0
0
0
0
0
0
0
0
0
0
0.0235294
0.32549
0.0745098
0.305882
0.0352941
0
0
0
0
0
0
0
0
0
0
0
0
0
0
0
0
0
0
0
0
0
0
0
0
0
0
0
0
0
0
0
0
0
0
0
0
0
0
0
0
0
0
0
0
0
0
0
0
0
0
0
0
0
0
0
0
0
0
0
0
0
0
0
0
0
0
