0
0
0
0
0
0
0
0
0
0
0
0
0
0
0
0
0
0
0
0
0
0
0
0
0
0
0
0
0
0
0
0
0
0
0
0
0
0
0
0
0
0
0
0
0
0
0
0
0
0
0
0
0
0
0
0
0
0
0
0
0
0
0
0
0
0
0
0
0
0
0
0
0
0
0
0
0
0
0
0
0
0
0
0
0
0
0
0
0
0
0
0
0
0
0
0
0
0
0
0
0
0
0
0
0
0
0
0
0
0
0.0392157
0.270588
0
0
0
0
0
0
0
0
0
0
0
0
0
0
0
0
0
0
0.133333
0.2
0
0
0
0
0
0
0
0
0
0
0
0
0
0
0
0
0
0
0.0588235
0.152941
0
0
0
0
0
0
0
0
0
0
0
0
0
0
0
0
0
0.0862745
0.0470588
0.00392157
0
0
0
0
0
0
0
0
0
0
0
0
0
0
0
0
0
0.227451
0.129412
0
0
0
0
0
0
0
0
0
0
0
0
0
0
0
0
0
0
0.156863
0.231373
0
0
0
0
0
0
0
0
0
0
0
0
0
0
0
0
0
0.0313726
0.247059
0.129412
0
0
0
0.027451
0.00784314
0
0
0
0
0
0
0
0
0
0
0
0
0.0745098
0.454902
0.0470588
0
0
0.203922
0.298039
0.0392157
0
0
0
0
0
0
0
0
0
0
0
0
0.129412
0.694118
0.454902
0.223529
0.133333
0.00392157
0
0
0
0
0
0
0
0
0
0
0
0
0
0
0.101961
0.341176
0.490196
0.27451
0
0
0
0
0
0
0
0
0
0
0
0
0
0
0
0
0
0
0.0235294
0.294118
0
0
0
0
0
0
0
0
0
0
0
0
0
0
0
0
0
0
0
0
0
0
0
0
0
0
0
0
0
0
0
0
0
0
0
0
0
0
0
0
0
0
0
0
0
0
0
0
0
0
0
0
0
0
0
0
0
0
0
0
0
0
0
0
0
0
0
0
0
0
0
0
0
0
0
0
0
0
0
0
0
0
0
0
0
0
0
0
