0
0
0
0
0
0
0
0
0
0
0
0
0
0
0
0
0
0
0
0
0
0
0
0
0
0
0
0
0
0
0
0
0
0
0
0
0
0
0
0
0
0
0
0
0
0
0
0
0
0
0
0
0
0
0
0
0
0
0
0
0
0
0
0
0
0
0
0
0
0
0
0
0
0
0
0
0
0
0
0
0
0
0
0
0
0
0
0
0
0
0
0
0
0
0
0
0
0
0
0
0
0
0
0
0
0
0
0
0
0
0
0.235294
0
0
0
0
0
0
0
0
0
0
0
0
0
0
0
0
0
0
0.172549
0.207843
0
0
0
0
0
0
0
0
0
0
0
0
0
0
0
0
0
0
0.231373
0.00392157
0
0
0
0
0
0
0
0
0
0
0
0
0
0
0
0
0
0.0235294
0.0313726
0.152941
0
0
0
0
0
0
0
0
0
0
0
0
0
0
0
0
0
0.2
0.109804
0.145098
0
0
0
0
0
0
0
0
0
0
0
0
0
0
0
0
0
0.133333
0.247059
0.00392157
0.192157
0
0.027451
0
0
0
0
0
0
0
0
0
0
0
0
0
0
0.133333
0.258824
0.121569
0.545098
0.258824
0.109804
0
0
0
0
0
0
0
0
0
0
0
0
0
0
0.341176
0.568627
0.337255
0.227451
0
0
0
0
0
0
0
0
0
0
0
0
0
0
0
0
0.568627
0.423529
0.207843
0.341176
0
0
0
0
0
0
0
0
0
0
0
0
0
0
0
0
0
0
0
0.0941176
0
0
0
0
0
0
0
0
0
0
0
0
0
0
0
0
0
0
0
0
0
0
0
0
0
0
0
0
0
0
0
0
0
0
0
0
0
0
0
0
0
0
0
0
0
0
0
0
0
0
0
0
0
0
0
0
0
0
0
0
0
0
0
0
0
0
0
0
0
0
0
0
0
0
0
0
0
0
0
0
0
0
0
0
0
0
0
0
0
0
0
0
0
0
0
0
0
0
0
0
0
0
0
0
0
0
0
