0
0
0
0
0
0
0
0
0
0
0
0
0
0
0
0
0
0
0
0
0
0
0
0
0
0
0
0
0
0
0
0
0
0
0
0
0
0
0
0
0
0
0
0
0
0
0
0
0
0
0
0
0
0
0
0
0
0
0
0
0
0
0
0
0
0
0
0
0
0
0
0
0
0
0
0
0
0
0
0
0
0
0
0
0
0
0
0
0
0
0.00784314
0.054902
0
0
0
0
0
0
0
0
0
0
0
0
0
0
0
0
0
0
0.164706
0.392157
0
0
0
0
0
0
0
0
0
0
0
0
0
0
0
0
0
0
0.129412
0.231373
0
0
0
0
0
0
0
0
0
0
0
0
0
0
0
0
0
0.0470588
0.0784314
0.133333
0
0
0
0
0
0
0
0
0
0
0
0
0
0
0
0
0
0.133333
0.0901961
0.113725
0
0
0
0
0
0
0
0
0
0
0
0
0
0
0
0
0
0.203922
0.168627
0.00784314
0
0
0
0
0
0
0
0
0
0
0
0
0
0
0
0
0
0.133333
0.129412
0
0.168627
0
0
0
0
0
0
0
0
0
0
0
0
0
0
0
0.00392157
0.372549
0.0470588
0
0.368627
0
0
0
0
0
0
0
0
0
0
0
0
0
0
0
0.00392157
0.219608
0
0.105882
0.133333
0
0
0
0
0
0
0
0
0
0
0
0
0
0
0.109804
0.278431
0.364706
0.0980392
0.368627
0.207843
0.192157
0.152941
0
0
0
0
0
0
0
0
0
0
0
0
0.054902
0.27451
0.431373
0.176471
0.0705882
0.0627451
0
0
0
0
0
0
0
0
0
0
0
0
0
0
0
0
0.427451
0.2
0.211765
0.164706
0
0
0
0
0
0
0
0
0
0
0
0
0
0
0
0
0
0
0
0.243137
0
0
0
0
0
0
0
0
0
0
0
0
0
0
0
0
0
0
0
0
0
0
0
0
0
0
0
0
0
0
0
0
0
0
0
0
0
0
0
0
0
0
0
0
0
0
0
0
0
0
0
0
0
0
0
0
0
0
0
0
0
0
0
0
0
0
0
