0
0
0
0
0
0
0
0
0
0
0
0
0
0
0
0
0
0
0
0
0
0
0
0
0
0
0
0
0
0
0
0
0
0
0
0
0
0
0
0
0
0
0
0
0
0
0
0
0
0
0
0
0
0
0
0
0
0
0
0
0
0
0
0
0
0
0
0
0
0
0.105882
0.00784314
0
0
0
0
0
0
0
0
0
0
0
0
0
0
0
0
0
0
0.427451
0.0117647
0
0
0
0
0
0
0
0
0
0
0
0
0
0
0
0
0
0
0.258824
0.00392157
0
0
0
0
0
0
0
0
0
0
0
0
0
0
0
0
0
0
0.152941
0.00392157
0
0
0
0
0
0
0
0
0
0
0
0
0
0
0
0
0
0.101961
0.12549
0.00392157
0
0
0
0
0
0
0
0
0
0
0
0
0
0
0
0
0
0
0.133333
0
0
0
0
0
0
0
0
0
0
0
0
0
0
0
0
0
0
0.129412
0.172549
0
0
0
0
0
0
0
0
0
0
0
0
0
0
0
0
0
0
0.129412
0.203922
0
0
0
0
0
0
0
0
0
0
0
0
0
0
0
0
0
0
0.231373
0.0313726
0.027451
0.172549
0
0
0
0.0784314
0
0
0
0
0
0
0
0
0
0
0
0
0.309804
0
0.0745098
0.286275
0
0.101961
0.172549
0.152941
0
0
0
0
0
0
0
0
0
0
0
0
0.403922
0
0.101961
0.305882
0.129412
0.129412
0
0
0
0
0
0
0
0
0
0
0
0
0
0
0.4
0.27451
0.521569
0.411765
0.00392157
0
0
0
0
0
0
0
0
0
0
0
0
0
0
0.00392157
0.564706
0.164706
0.172549
0.203922
0.207843
0
0
0
0
0
0
0
0
0
0
0
0
0
0
0
0.0196078
0.188235
0.00784314
0
0
0
0
0
0
0
0
0
0
0
0
0
0
0
0
0
0
0
0
0
0
0
0
0
0
0
0
0
0
0
0
0
0
0
0
0
0
0
0
0
0
0
0
0
0
0
0
0
0
0
0
0
0
0
0
0
0
0
0
0
0
0
0
0
0
0
0
