0
0
0
0
0
0
0
0
0
0
0
0
0
0
0
0
0
0
0
0
0
0
0
0
0
0
0
0
0
0
0
0
0
0
0
0
0
0
0
0
0
0
0
0
0
0
0
0
0
0
0
0
0
0
0
0
0
0
0
0
0
0
0
0
0
0
0
0
0
0
0
0
0
0
0
0
0
0
0
0
0
0
0
0
0
0
0
0
0
0
0.12549
0.0666667
0
0
0
0
0
0
0
0
0
0
0
0
0
0
0
0
0
0
0.313726
0.121569
0
0
0
0
0
0
0
0
0
0
0
0
0
0
0
0
0
0
0.145098
0.00784314
0
0
0
0
0
0
0
0
0
0
0
0
0
0
0
0
0
0.054902
0.180392
0.0470588
0
0
0
0
0
0
0
0
0
0
0
0
0
0
0
0
0
0.101961
0.105882
0.027451
0
0
0
0
0
0
0
0
0
0
0
0
0
0
0
0
0
0.129412
0.0470588
0
0
0
0
0
0
0
0
0
0
0
0
0
0
0
0
0
0
0.12549
0.0784314
0.0862745
0.054902
0
0
0
0
0
0
0
0
0
0
0
0
0
0
0
0
0.129412
0.129412
0.376471
0.0980392
0
0.0745098
0.0196078
0
0
0
0
0
0
0
0
0
0
0
0
0
0.180392
0.121569
0.341176
0.101961
0.207843
0.290196
0.00784314
0
0
0
0
0
0
0
0
0
0
0
0
0
0.309804
0.333333
0.207843
0.235294
0
0
0
0
0
0
0
0
0
0
0
0
0
0
0
0
0.611765
0.52549
0.152941
0.27451
0
0
0
0
0
0
0
0
0
0
0
0
0
0
0
0
0.258824
0.109804
0.105882
0.407843
0
0
0
0
0
0
0
0
0
0
0
0
0
0
0
0
0
0
0
0
0
0
0
0
0
0
0
0
0
0
0
0
0
0
0
0
0
0
0
0
0
0
0
0
0
0
0
0
0
0
0
0
0
0
0
0
0
0
0
0
0
0
0
0
0
0
0
0
0
0
0
0
0
0
0
0
0
0
0
0
0
0
0
0
0
0
0
