0
0
0
0
0
0
0
0
0
0
0
0
0
0
0
0
0
0
0
0
0
0
0
0
0
0
0
0
0
0
0
0
0
0
0
0
0
0
0
0
0
0
0
0
0
0
0
0
0
0
0
0
0
0
0
0
0
0
0
0
0
0
0
0
0
0
0
0
0
0
0
0
0
0
0
0
0
0
0
0
0
0
0
0
0
0
0
0
0
0
0.239216
0
0
0
0
0
0
0
0
0
0
0
0
0
0
0
0
0
0
0
0.305882
0.00392157
0
0
0
0
0
0
0
0
0
0
0
0
0
0
0
0
0
0.129412
0.101961
0.00392157
0
0
0
0
0
0
0
0
0
0
0
0
0
0
0
0
0
0.203922
0.145098
0.00392157
0
0
0
0
0
0
0
0
0
0
0
0
0
0
0
0
0.0392157
0.109804
0.105882
0
0
0
0
0
0
0
0
0
0
0
0
0
0
0
0
0
0.137255
0.0196078
0.054902
0
0
0
0
0
0
0
0
0
0
0
0
0
0
0
0
0
0.129412
0.00784314
0.141176
0
0
0
0
0
0
0
0
0
0
0
0
0
0
0
0
0
0.156863
0.0980392
0.345098
0
0
0.00784314
0.00392157
0
0
0
0
0
0
0
0
0
0
0
0
0
0.101961
0.156863
0.278431
0
0.160784
0.396078
0.0745098
0
0
0
0
0
0
0
0
0
0
0
0
0
0.219608
0.388235
0.254902
0.356863
0.0470588
0
0
0
0
0
0
0
0
0
0
0
0
0
0
0
0.501961
0.407843
0.176471
0.262745
0
0
0
0
0
0
0
0
0
0
0
0
0
0
0
0.0470588
0.2
0
0.00392157
0.2
0.298039
0
0
0
0
0
0
0
0
0
0
0
0
0
0
0
0
0
0
0
0.270588
0.0470588
0
0
0
0
0
0
0
0
0
0
0
0
0
0
0
0
0
0
0
0
0
0
0
0
0
0
0
0
0
0
0
0
0
0
0
0
0
0
0
0
0
0
0
0
0
0
0
0
0
0
0
0
0
0
0
0
0
0
0
0
0
0
0
0
0
0
