0
0
0
0
0
0
0
0
0
0
0
0
0
0
0
0
0
0
0
0
0
0
0
0
0
0
0
0
0
0
0
0
0
0
0
0
0
0
0
0
0
0
0
0
0
0
0
0
0
0
0
0
0
0
0
0
0
0
0
0
0
0
0
0
0
0
0
0
0
0
0
0
0
0
0
0
0
0
0
0
0
0
0
0
0
0
0
0
0
0
0
0
0
0
0
0
0
0
0
0
0
0
0
0
0
0
0
0
0
0
0
0
0
0
0
0
0
0
0
0
0
0
0
0
0
0
0
0
0
0
0
0
0
0
0
0
0
0
0
0
0
0
0
0
0
0
0
0
0
0
0
0
0
0
0
0
0
0
0
0
0
0
0
0
0
0
0
0
0.301961
0.839216
0.741176
0.721569
0.905882
0.0196078
0
0
0
0
0
0
0
0
0
0
0
0
0
0
0
0.109804
0.141176
0.113725
0.905882
0.00392157
0
0
0
0
0
0
0
0
0
0
0
0
0
0
0
0
0
0.0901961
0.792157
0
0
0
0
0
0
0
0
0
0
0
0
0
0
0
0
0.454902
0.827451
0.772549
0.937255
0.627451
0
0
0
0
0
0
0
0
0
0
0
0
0
0
0
0.0352941
0.0941176
0.407843
0.341176
0.109804
0
0
0
0
0
0
0
0
0
0
0
0
0
0
0
0
0.00392157
0.843137
0.0862745
0
0
0
0
0
0
0
0
0
0
0
0
0
0
0
0
0
0.407843
0.631373
0
0
0
0
0
0
0
0
0
0
0
0
0
0
0
0
0
0
0.803922
0.168627
0
0
0
0
0
0
0
0
0
0
0
0
0
0
0
0
0
0
0.0745098
0
0
0
0
0
0
0
0
0
0
0
0
0
0
0
0
0
0
0
0
0
0
0
0
0
0
0
0
0
0
0
0
0
0
0
0
0
0
0
0
0
0
0
0
0
0
0
0
0
0
0
0
0
0
0
0
0
0
0
0
0
0
0
0
0
0
0
0
0
