0
0
0
0
0
0
0
0
0
0
0
0
0
0
0
0
0
0
0
0
0
0
0
0
0
0
0
0
0
0
0
0
0
0
0
0
0
0
0
0
0
0
0
0
0
0
0
0
0
0
0
0
0
0
0
0
0
0
0
0
0
0
0
0
0
0
0
0
0
0
0
0
0
0
0
0
0
0
0
0
0
0
0
0
0
0
0
0
0
0
0
0
0
0
0
0
0
0
0
0
0
0
0
0
0
0
0
0
0
0
0
0
0
0
0
0
0
0
0
0
0
0
0
0
0
0
0
0
0
0
0
0.752941
0.423529
0.231373
0
0
0
0
0
0
0
0
0
0
0
0
0
0
0
0
0.258824
0.972549
0.792157
0.380392
0
0
0
0
0
0
0
0
0
0
0
0
0
0
0
0
0.423529
0.2
0
0
0
0
0
0
0
0
0
0
0
0
0
0
0
0
0
0
0.670588
0.32549
0.286275
0.270588
0.00392157
0
0
0
0
0
0
0
0
0
0
0
0
0
0
0.0352941
0.729412
0.611765
0.619608
0.603922
0.0313726
0
0
0
0
0
0
0
0
0
0
0
0
0
0
0.12549
0.768627
0
0
0
0
0
0
0
0
0
0
0
0
0
0
0
0
0
0
0.294118
0.560784
0
0
0
0
0
0
0
0
0
0
0
0
0
0
0
0
0
0
0.537255
0.372549
0
0
0
0
0
0
0
0
0
0
0
0
0
0
0
0
0
0
0.827451
0.878431
0.67451
0.0352941
0
0
0
0
0
0
0
0
0
0
0
0
0
0
0
0
0.239216
0.105882
0.207843
0
0
0
0
0
0
0
0
0
0
0
0
0
0
0
0
0
0
0
0
0
0
0
0
0
0
0
0
0
0
0
0
0
0
0
0
0
0
0
0
0
0
0
0
0
0
0
0
0
0
0
0
0
0
0
0
0
0
0
0
0
0
0
0
0
0
0
0
0
0
0
0
0
0
0
0
0
0
0
0
0
0
0
0
0
0
0
0
