0
0
0
0
0
0
0
0
0
0
0
0
0
0
0
0
0
0
0
0
0
0
0
0
0
0
0
0
0
0
0
0
0
0
0
0
0
0
0
0
0
0
0
0
0
0
0
0
0
0
0
0
0
0
0
0
0
0
0
0
0
0
0
0
0
0
0
0
0
0
0
0
0
0
0
0
0
0
0
0
0
0
0
0
0
0
0
0
0
0
0
0
0
0
0
0
0
0
0
0
0
0
0
0
0
0
0
0
0.0352941
0
0
0
0
0
0
0
0
0
0
0
0
0
0
0
0
0
0
0
0.741176
0.843137
0.658824
0.713726
0.666667
0.768627
0.141176
0
0
0
0
0
0
0
0
0
0
0
0
0
0.607843
0.160784
0.00392157
0.0627451
0.203922
0.509804
0.0117647
0
0
0
0
0
0
0
0
0
0
0
0
0
0.670588
0.203922
0
0
0
0
0
0
0
0
0
0
0
0
0
0
0
0
0
0
0.364706
0.0745098
0
0
0
0
0
0
0
0
0
0
0
0
0
0
0
0
0
0
0.6
0.27451
0.00392157
0.00392157
0.0313726
0.0352941
0
0
0
0
0
0
0
0
0
0
0
0
0
0
0.501961
0.909804
0.6
0.6
0.690196
0.898039
0.0745098
0
0
0
0
0
0
0
0
0
0
0
0
0
0.239216
0.6
0
0
0
0.00784314
0
0
0
0
0
0
0
0
0
0
0
0
0
0
0.164706
0.631373
0
0
0
0
0
0
0
0
0
0
0
0
0
0
0
0
0
0
0.156863
0.623529
0.00392157
0.0784314
0.313726
0.168627
0
0
0
0
0
0
0
0
0
0
0
0
0
0
0.278431
0.929412
0.396078
0.8
0.635294
0.521569
0
0
0
0
0
0
0
0
0
0
0
0
0
0
0.105882
0.443137
0
0
0
0
0
0
0
0
0
0
0
0
0
0
0
0
0
0
0
0
0
0
0
0
0
0
0
0
0
0
0
0
0
0
0
0
0
0
0
0
0
0
0
0
0
0
0
0
0
0
0
0
0
0
0
0
0
0
0
0
0
0
0
0
0
0
0
0
0
0
