0
0
0
0
0
0
0
0
0
0
0
0
0
0
0
0
0
0
0
0
0
0
0
0
0
0
0
0
0
0
0
0
0
0
0
0
0
0
0
0
0
0
0
0
0
0
0
0
0
0
0
0
0
0
0
0
0
0
0
0
0
0
0
0
0
0
0
0
0
0
0
0
0
0
0
0
0
0
0
0
0
0
0
0
0
0
0
0
0
0
0
0
0
0
0
0
0
0
0
0
0
0
0
0
0
0
0
0
0
0.231373
0.329412
0.376471
0.0627451
0
0
0
0
0
0
0
0
0
0
0
0
0
0
0
0
0.454902
0.788235
0.556863
0.121569
0
0
0
0
0
0
0
0
0
0
0
0
0
0
0
0
0.168627
0.419608
0
0
0
0
0
0
0
0
0
0
0
0
0
0
0
0
0
0
0.0627451
0.176471
0
0
0
0
0
0
0
0
0
0
0
0
0
0
0
0
0
0
0.121569
0.301961
0
0
0
0
0
0
0
0
0
0
0
0
0
0
0
0
0
0
0.176471
0.611765
0.235294
0.203922
0
0
0
0
0
0
0
0
0
0
0
0
0
0
0
0
0.0627451
0.6
0.666667
0.670588
0.0352941
0
0
0
0
0
0
0
0
0
0
0
0
0
0
0
0.176471
0.427451
0
0
0
0
0
0
0
0
0
0
0
0
0
0
0
0
0
0
0.337255
0.537255
0
0
0
0
0
0
0
0
0
0
0
0
0
0
0
0
0
0
0.447059
0.443137
0
0
0
0
0
0
0
0
0
0
0
0
0
0
0
0
0
0
0.458824
0.898039
0.901961
0.537255
0
0
0
0
0
0
0
0
0
0
0
0
0
0
0
0
0.00392157
0.0470588
0.0392157
0.00784314
0
0
0
0
0
0
0
0
0
0
0
0
0
0
0
0
0
0
0
0
0
0
0
0
0
0
0
0
0
0
0
0
0
0
0
0
0
0
0
0
0
0
0
0
0
0
0
0
0
0
0
0
0
0
0
0
0
0
0
0
0
0
0
0
0
0
0
