0
0
0
0
0
0
0
0
0
0
0
0
0
0
0
0
0
0
0
0
0
0
0
0
0
0
0
0
0
0
0
0
0
0
0
0
0
0
0
0
0
0
0
0
0
0
0
0
0
0
0
0
0
0
0
0
0
0
0
0
0
0
0
0
0
0
0
0
0
0
0
0
0
0
0
0
0
0
0
0
0
0
0
0
0
0
0
0
0
0
0
0
0
0
0
0
0
0
0
0
0
0
0
0
0
0
0
0
0
0.301961
0.494118
0
0
0
0
0
0
0
0
0
0
0
0
0
0
0
0
0
0
0.235294
0.776471
0.0117647
0
0
0
0
0
0
0
0
0
0
0
0
0
0
0
0
0
0
0.588235
0.505882
0
0
0
0
0
0
0
0
0
0
0
0
0
0
0
0
0
0
0.027451
0.823529
0.0352941
0
0
0
0
0
0
0
0
0
0
0
0
0
0
0
0
0
0
0.631373
0.243137
0
0
0
0
0
0
0
0
0
0
0
0
0
0
0
0
0
0
0.458824
0.356863
0
0
0
0
0
0
0
0
0
0
0
0
0
0
0
0
0
0
0.419608
0.352941
0
0
0
0
0
0
0
0
0
0
0
0
0
0
0
0
0
0
0.447059
0.380392
0
0
0
0
0
0
0
0
0
0
0
0
0
0
0
0
0
0
0.466667
0.4
0
0
0
0
0
0
0
0
0
0
0
0
0
0
0
0
0
0.105882
0.709804
0.388235
0
0
0
0
0
0
0
0
0
0
0
0
0
0
0
0
0.611765
0.858824
0.454902
0.0117647
0
0
0
0
0
0
0
0
0
0
0
0
0
0
0
0
0
0
0
0
0
0
0
0
0
0
0
0
0
0
0
0
0
0
0
0
0
0
0
0
0
0
0
0
0
0
0
0
0
0
0
0
0
0
0
0
0
0
0
0
0
0
0
0
0
0
0
0
0
0
0
0
0
0
0
0
0
0
0
0
0
0
0
0
0
0
0
