0
0
0
0
0
0
0
0
0
0
0
0
0
0
0
0
0
0
0
0
0
0
0
0
0
0
0
0
0
0
0
0
0
0
0
0
0
0
0
0
0
0
0
0
0
0
0
0
0
0
0
0
0
0
0
0
0
0
0
0
0
0
0
0
0
0
0
0
0
0
0
0
0
0
0
0
0
0
0
0
0
0
0
0
0
0
0
0
0
0
0.0392157
0.2
0
0
0
0
0
0
0
0
0
0
0
0
0
0
0
0
0
0
0.231373
0.643137
0
0
0
0
0
0
0
0
0
0
0
0
0
0
0
0
0
0
0.305882
0.568627
0
0
0
0
0
0
0
0
0
0
0
0
0
0
0
0
0
0
0.337255
0.537255
0
0
0
0
0
0
0
0
0
0
0
0
0
0
0
0
0
0
0.337255
0.537255
0
0
0
0
0
0
0
0
0
0
0
0
0
0
0
0
0
0
0.341176
0.541176
0
0
0
0
0
0
0
0
0
0
0
0
0
0
0
0
0
0
0.313726
0.513726
0
0
0
0
0
0
0
0
0
0
0
0
0
0
0
0
0
0
0.333333
0.533333
0
0
0
0
0
0
0
0
0
0
0
0
0
0
0
0
0
0
0.462745
0.411765
0
0
0
0
0
0
0
0
0
0
0
0
0
0
0
0
0.0666667
0.0117647
0.635294
0.270588
0
0
0
0
0
0
0
0
0
0
0
0
0
0
0
0
0.67451
0.690196
0.894118
0.00784314
0
0
0
0
0
0
0
0
0
0
0
0
0
0
0
0
0.027451
0.388235
0.207843
0
0
0
0
0
0
0
0
0
0
0
0
0
0
0
0
0
0
0
0
0
0
0
0
0
0
0
0
0
0
0
0
0
0
0
0
0
0
0
0
0
0
0
0
0
0
0
0
0
0
0
0
0
0
0
0
0
0
0
0
0
0
0
0
0
0
0
0
0
0
0
0
0
0
0
0
0
0
0
0
0
0
0
0
0
0
0
0
0
