0
0
0
0
0
0
0
0
0
0
0
0
0
0
0
0
0
0
0
0
0
0
0
0
0
0
0
0
0
0
0
0
0
0
0
0
0
0
0
0
0
0
0
0
0
0
0
0
0
0
0
0
0
0
0
0
0
0
0
0
0
0
0
0
0
0
0
0
0
0
0
0
0
0
0
0
0
0
0
0
0
0
0
0
0
0
0
0
0
0
0
0
0
0
0
0
0
0
0
0
0
0
0
0
0
0
0
0
0
0
0
0.054902
0.0235294
0
0
0
0
0
0
0
0
0
0
0
0
0
0
0
0
0
0
0.552941
0.352941
0
0
0
0
0
0
0
0
0
0
0
0
0
0
0
0
0
0
0.533333
0.333333
0
0
0
0
0
0
0
0
0
0
0
0
0
0
0
0
0
0
0.52549
0.32549
0
0
0
0
0
0
0
0
0
0
0
0
0
0
0
0
0
0
0.545098
0.345098
0
0
0
0
0
0
0
0
0
0
0
0
0
0
0
0
0
0
0.552941
0.352941
0
0
0
0
0
0
0
0
0
0
0
0
0
0
0
0
0
0
0.721569
0.278431
0
0
0
0
0
0
0
0
0
0
0
0
0
0
0
0
0
0.352941
0.607843
0
0
0
0
0
0
0
0
0
0
0
0
0
0
0
0
0.00392157
0.396078
0.705882
0.0745098
0
0
0
0
0
0
0
0
0
0
0
0
0
0
0.00392157
0.509804
0.854902
0.486275
0.0862745
0
0
0
0
0
0
0
0
0
0
0
0
0
0
0
0.00392157
0.443137
0.0862745
0
0
0
0
0
0
0
0
0
0
0
0
0
0
0
0
0
0
0
0
0
0
0
0
0
0
0
0
0
0
0
0
0
0
0
0
0
0
0
0
0
0
0
0
0
0
0
0
0
0
0
0
0
0
0
0
0
0
0
0
0
0
0
0
0
0
0
0
0
0
0
0
0
0
0
0
0
0
0
0
0
0
0
0
0
0
0
0
0
0
0
