0
0
0
0
0
0
0
0
0
0
0
0
0
0
0
0
0
0
0
0
0
0
0
0
0
0
0
0
0
0
0
0
0
0
0
0
0
0
0
0
0
0
0
0
0
0
0
0
0
0
0
0
0
0
0
0
0
0
0
0
0
0
0
0
0
0
0
0
0
0
0
0
0
0
0
0
0
0
0
0
0
0
0
0
0
0
0
0
0
0
0
0
0
0
0
0
0
0
0
0
0
0
0
0
0
0
0
0
0
0
0
0
0
0
0
0
0
0
0
0
0
0
0
0
0
0
0
0
0
0
0.0352941
0
0
0
0
0
0
0
0
0
0
0
0
0
0
0
0
0
0
0.176471
0.713726
0
0
0
0
0
0
0
0
0
0
0
0
0
0
0
0
0
0
0.380392
0.396078
0
0
0
0
0
0
0
0
0
0
0
0
0
0
0
0
0
0
0.713726
0.176471
0
0
0
0
0
0
0
0
0
0
0
0
0
0
0
0
0
0
0.878431
0.0117647
0.313726
0.501961
0
0
0
0
0
0
0
0
0
0
0
0
0
0
0
0
0.792157
0.592157
0.768627
0.545098
0
0
0
0
0
0
0
0
0
0
0
0
0
0
0
0
0.0745098
0.345098
0.580392
0.533333
0
0
0
0
0
0
0
0
0
0
0
0
0
0
0
0
0
0
0.290196
0.596078
0
0
0
0
0
0
0
0
0
0
0
0
0
0
0
0
0
0
0.278431
0.611765
0
0
0
0
0
0
0
0
0
0
0
0
0
0
0
0
0
0
0.141176
0.345098
0
0
0
0
0
0
0
0
0
0
0
0
0
0
0
0
0
0
0
0
0
0
0
0
0
0
0
0
0
0
0
0
0
0
0
0
0
0
0
0
0
0
0
0
0
0
0
0
0
0
0
0
0
0
0
0
0
0
0
0
0
0
0
0
0
0
0
0
0
0
0
0
0
0
0
0
0
0
0
0
0
0
0
0
0
0
0
