0
0
0
0
0
0
0
0
0
0
0
0
0
0
0
0
0
0
0
0
0
0
0
0
0
0
0
0
0
0
0
0
0
0
0
0
0
0
0
0
0
0
0
0
0
0
0
0
0
0
0
0
0
0
0
0
0
0
0
0
0
0
0
0
0
0
0
0
0
0
0
0
0
0
0
0
0
0
0
0
0
0
0
0
0
0
0
0
0
0
0
0
0
0
0
0
0
0
0
0
0
0
0
0
0
0
0
0
0
0
0
0
0
0
0
0
0
0
0
0
0
0
0
0
0
0
0
0
0
0
0.00392157
0.121569
0
0
0
0
0
0
0
0
0
0
0
0
0
0
0
0
0
0
0.372549
0.623529
0
0
0
0
0
0
0
0
0
0
0
0
0
0
0
0
0
0.0117647
0.807843
0.12549
0
0
0
0
0
0
0
0
0
0
0
0
0
0
0
0
0
0.443137
0.631373
0
0
0
0
0
0
0
0
0
0
0
0
0
0
0
0
0
0.00784314
0.890196
0.266667
0.203922
0.4
0.333333
0
0
0
0
0
0
0
0
0
0
0
0
0
0
0.00784314
0.568627
0.619608
0.670588
0.827451
0.521569
0
0
0
0
0
0
0
0
0
0
0
0
0
0
0
0
0
0
0.458824
0.392157
0
0
0
0
0
0
0
0
0
0
0
0
0
0
0
0
0
0
0.486275
0.419608
0
0
0
0
0
0
0
0
0
0
0
0
0
0
0
0
0
0
0.431373
0.364706
0
0
0
0
0
0
0
0
0
0
0
0
0
0
0
0
0
0
0
0
0
0
0
0
0
0
0
0
0
0
0
0
0
0
0
0
0
0
0
0
0
0
0
0
0
0
0
0
0
0
0
0
0
0
0
0
0
0
0
0
0
0
0
0
0
0
0
0
0
0
0
0
0
0
0
0
0
0
0
0
0
0
0
0
0
0
0
0
0
0
0
0
0
0
0
0
0
0
0
0
0
0
0
0
0
0
