0
0
0
0
0
0
0
0
0
0
0
0
0
0
0
0
0
0
0
0
0
0
0
0
0
0
0
0
0
0
0
0
0
0
0
0
0
0
0
0
0
0
0
0
0
0
0
0
0
0
0
0
0
0
0
0
0
0
0
0
0
0
0
0
0
0
0
0
0
0
0
0
0
0
0
0
0
0
0
0
0
0
0
0
0
0
0
0
0
0
0
0
0
0
0
0
0
0
0
0
0
0
0
0
0
0
0
0
0
0
0
0
0.286275
0.156863
0
0
0
0
0
0
0
0
0
0
0
0
0
0
0
0
0
0.188235
0.870588
0.105882
0
0
0
0
0
0
0
0
0
0
0
0
0
0
0
0
0.0627451
0.866667
0.188235
0
0
0
0
0
0
0
0
0
0
0
0
0
0
0
0
0
0.607843
0.380392
0
0
0
0
0
0
0
0
0
0
0
0
0
0
0
0
0
0.0705882
0.890196
0.188235
0.270588
0
0
0
0
0
0
0
0
0
0
0
0
0
0
0
0
0.290196
0.568627
0.32549
0.592157
0
0
0
0
0
0
0
0
0
0
0
0
0
0
0
0
0.439216
0.427451
0.278431
0.611765
0
0
0
0
0
0
0
0
0
0
0
0
0
0
0
0
0.501961
0.439216
0.266667
0.658824
0
0
0
0
0
0
0
0
0
0
0
0
0
0
0
0
0.211765
0.866667
0.403922
0.72549
0
0
0
0
0
0
0
0
0
0
0
0
0
0
0
0
0
0.172549
0.533333
0.756863
0
0
0
0
0
0
0
0
0
0
0
0
0
0
0
0
0
0
0.160784
0.760784
0
0
0
0
0
0
0
0
0
0
0
0
0
0
0
0
0
0
0.12549
0.639216
0
0
0
0
0
0
0
0
0
0
0
0
0
0
0
0
0
0
0
0
0
0
0
0
0
0
0
0
0
0
0
0
0
0
0
0
0
0
0
0
0
0
0
0
0
0
0
0
0
0
0
0
0
0
0
0
0
0
0
0
0
0
0
0
0
0
0
