0
0
0
0
0
0
0
0
0
0
0
0
0
0
0
0
0
0
0
0
0
0
0
0
0
0
0
0
0
0
0
0
0
0
0
0
0
0
0
0
0
0
0
0
0
0
0
0
0
0
0
0
0
0
0
0
0
0
0
0
0
0
0
0
0
0
0
0
0
0
0
0
0
0
0
0
0
0
0
0
0
0
0
0
0
0
0
0
0
0
0
0
0
0
0
0
0
0
0
0
0
0
0
0
0
0
0
0
0
0
0.0352941
0.686275
0
0
0
0
0
0
0
0
0
0
0
0
0
0
0
0
0
0
0.341176
0.564706
0
0
0
0
0
0
0
0
0
0
0
0
0
0
0
0
0
0.0862745
0.854902
0.133333
0
0
0
0
0
0
0
0
0
0
0
0
0
0
0
0
0
0.533333
0.431373
0
0
0.0431373
0
0
0
0
0
0
0
0
0
0
0
0
0
0
0.00392157
0.847059
0.00392157
0
0.129412
0.8
0
0
0
0
0
0
0
0
0
0
0
0
0
0
0.0627451
0.819608
0
0
0.137255
0.811765
0
0
0
0
0
0
0
0
0
0
0
0
0
0
0.133333
0.831373
0.137255
0.0470588
0.294118
0.803922
0
0
0
0
0
0
0
0
0
0
0
0
0
0
0.0313726
0.623529
0.690196
0.713726
0.796078
0.803922
0
0
0
0
0
0
0
0
0
0
0
0
0
0
0
0
0
0
0.0392157
0.737255
0
0
0
0
0
0
0
0
0
0
0
0
0
0
0
0
0
0
0.0941176
0.827451
0
0
0
0
0
0
0
0
0
0
0
0
0
0
0
0
0
0
0.101961
0.658824
0
0
0
0
0
0
0
0
0
0
0
0
0
0
0
0
0
0
0
0
0
0
0
0
0
0
0
0
0
0
0
0
0
0
0
0
0
0
0
0
0
0
0
0
0
0
0
0
0
0
0
0
0
0
0
0
0
0
0
0
0
0
0
0
0
0
0
0
0
0
0
0
0
0
0
0
0
0
0
0
0
0
0
0
0
0
