0
0
0
0
0
0
0
0
0
0
0
0
0
0
0
0
0
0
0
0
0
0
0
0
0
0
0
0
0
0
0
0
0
0
0
0
0
0
0
0
0
0
0
0
0
0
0
0
0
0
0
0
0
0
0
0
0
0
0
0
0
0
0
0
0
0
0
0
0
0
0
0
0
0
0
0
0
0
0
0
0
0
0
0
0
0
0
0
0
0
0
0.0352941
0
0
0
0
0
0
0
0
0
0
0
0
0
0
0
0
0
0
0.027451
0.835294
0.0745098
0
0
0
0
0
0
0
0
0
0
0
0
0
0
0
0
0
0.494118
0.52549
0
0
0
0
0
0
0
0
0
0
0
0
0
0
0
0
0
0.196078
0.788235
0.0352941
0
0
0
0
0
0
0
0
0
0
0
0
0
0
0
0
0
0.760784
0.133333
0
0
0
0
0
0
0
0
0
0
0
0
0
0
0
0
0
0.176471
0.721569
0
0
0.00392157
0
0
0
0
0
0
0
0
0
0
0
0
0
0
0
0.52549
0.376471
0
0.152941
0.733333
0
0
0
0
0
0
0
0
0
0
0
0
0
0
0
0.619608
0.239216
0
0.27451
0.627451
0
0
0
0
0
0
0
0
0
0
0
0
0
0
0
0.403922
0.870588
0.403922
0.364706
0.576471
0
0
0
0
0
0
0
0
0
0
0
0
0
0
0
0
0.0980392
0.478431
0.737255
0.811765
0.580392
0.313726
0.0627451
0
0
0
0
0
0
0
0
0
0
0
0
0
0
0
0.27451
0.647059
0.329412
0.603922
0.176471
0
0
0
0
0
0
0
0
0
0
0
0
0
0
0
0.329412
0.6
0
0
0
0
0
0
0
0
0
0
0
0
0
0
0
0
0
0
0.0392157
0.0862745
0
0
0
0
0
0
0
0
0
0
0
0
0
0
0
0
0
0
0
0
0
0
0
0
0
0
0
0
0
0
0
0
0
0
0
0
0
0
0
0
0
0
0
0
0
0
0
0
0
0
0
0
0
0
0
0
0
0
0
0
0
0
0
0
0
0
0
