0
0
0
0
0
0
0
0
0
0
0
0
0
0
0
0
0
0
0
0
0
0
0
0
0
0
0
0
0
0
0
0
0
0
0
0
0
0
0
0
0
0
0
0
0
0
0
0
0
0
0
0
0
0
0
0
0
0
0
0
0
0
0
0
0
0
0
0
0
0
0
0
0
0
0
0
0
0
0
0
0
0
0
0
0
0
0
0
0
0
0
0
0
0
0
0
0
0
0
0
0
0
0
0
0
0
0
0
0
0
0
0
0
0
0
0
0
0
0
0
0
0
0
0
0
0
0
0
0.0431373
0.639216
0.0352941
0
0
0
0
0
0
0
0
0
0
0
0
0
0
0
0
0
0.556863
0.486275
0.160784
0.658824
0.141176
0
0
0
0
0
0
0
0
0
0
0
0
0
0
0
0.572549
0.0392157
0.113725
0.635294
0.827451
0
0
0
0
0
0
0
0
0
0
0
0
0
0
0
0.47451
0.321569
0.0666667
0.529412
0.847059
0.0352941
0
0
0
0
0
0
0
0
0
0
0
0
0
0
0.00392157
0.341176
0.407843
0.752941
0.627451
0.00392157
0
0
0
0
0
0
0
0
0
0
0
0
0
0
0
0
0
0.0745098
0.588235
0
0
0
0
0
0
0
0
0
0
0
0
0
0
0
0
0
0
0
0.592157
0.129412
0
0
0
0
0
0
0
0
0
0
0
0
0
0
0
0
0
0
0.509804
0.345098
0
0
0
0
0
0
0
0
0
0
0
0
0
0
0
0
0
0
0.447059
0.380392
0
0
0
0
0
0
0
0
0
0
0
0
0
0
0
0
0
0.0117647
0.835294
0.223529
0
0
0
0
0
0
0
0
0
0
0
0
0
0
0
0
0
0.0313726
0.4
0
0
0
0
0
0
0
0
0
0
0
0
0
0
0
0
0
0
0
0
0
0
0
0
0
0
0
0
0
0
0
0
0
0
0
0
0
0
0
0
0
0
0
0
0
0
0
0
0
0
0
0
0
0
0
0
0
0
0
0
0
0
0
0
0
0
0
