0
0
0
0
0
0
0
0
0
0
0
0
0
0
0
0
0
0
0
0
0
0
0
0
0
0
0
0
0
0
0
0
0
0
0
0
0
0
0
0
0
0
0
0
0
0
0
0
0
0
0
0
0
0
0
0
0
0
0
0
0
0
0
0
0
0
0
0
0
0
0
0
0
0
0
0
0
0
0
0
0
0
0
0
0
0
0
0
0
0
0
0
0
0
0
0
0
0
0
0
0
0
0
0
0
0
0
0
0
0
0
0
0
0
0
0
0
0
0
0
0
0
0
0
0
0
0
0
0
0
0
0
0
0
0
0
0
0
0
0
0
0
0
0
0
0
0
0
0
0
0.219608
0.305882
0.00784314
0.00392157
0
0
0
0
0
0
0
0
0
0
0
0
0
0
0.00392157
0.376471
0.839216
0.207843
0.486275
0.776471
0.0627451
0
0
0
0
0
0
0
0
0
0
0
0
0.00392157
0.356863
0.533333
0.0470588
0
0
0.501961
0.490196
0
0
0
0
0
0
0
0
0
0
0
0
0.521569
0.521569
0
0
0
0
0.105882
0.796078
0
0
0
0
0
0
0
0
0
0
0
0.105882
0.811765
0.00392157
0
0
0
0
0.0862745
0.819608
0
0
0
0
0
0
0
0
0
0
0
0.129412
0.792157
0.00392157
0
0
0
0
0.0627451
0.788235
0
0
0
0
0
0
0
0
0
0
0
0
0.486275
0.666667
0.235294
0.00784314
0
0
0.290196
0.694118
0
0
0
0
0
0
0
0
0
0
0
0
0
0.290196
0.690196
0.901961
0.788235
0.8
0.729412
0.141176
0
0
0
0
0
0
0
0
0
0
0
0
0
0
0
0.00392157
0.141176
0.105882
0
0
0
0
0
0
0
0
0
0
0
0
0
0
0
0
0
0
0
0
0
0
0
0
0
0
0
0
0
0
0
0
0
0
0
0
0
0
0
0
0
0
0
0
0
0
0
0
0
0
0
0
0
0
0
0
0
0
0
0
0
0
0
0
0
0
0
0
0
0
0
0
0
0
0
0
0
0
0
0
0
0
0
0
0
0
0
