0
0
0
0
0
0
0
0
0
0
0
0
0
0
0
0
0
0
0
0
0
0
0
0
0
0
0
0
0
0
0
0
0
0
0
0
0
0
0
0
0
0
0
0
0
0
0
0
0
0
0
0
0
0
0
0
0
0
0
0
0
0
0
0
0
0
0
0
0
0
0
0
0
0
0
0
0
0
0
0
0
0
0
0
0
0
0
0
0
0
0
0
0
0
0
0
0
0
0
0
0
0
0
0
0
0
0
0
0
0
0
0
0
0
0
0
0
0
0
0
0
0
0
0
0
0
0
0
0
0
0
0
0.247059
0.258824
0
0
0
0
0
0
0
0
0
0
0
0
0
0
0
0.294118
0.721569
0.811765
0.701961
0.768627
0.47451
0
0
0
0
0
0
0
0
0
0
0
0
0.00392157
0.4
0.462745
0.0588235
0.00784314
0.00392157
0.0392157
0.792157
0.239216
0
0
0
0
0
0
0
0
0
0
0
0.419608
0.501961
0.0235294
0
0
0
0
0.305882
0.588235
0
0
0
0
0
0
0
0
0
0
0.0980392
0.760784
0
0
0
0
0
0
0.243137
0.576471
0
0
0
0
0
0
0
0
0
0
0.239216
0.596078
0
0
0
0
0
0
0.376471
0.470588
0
0
0
0
0
0
0
0
0
0
0.152941
0.8
0.0745098
0
0
0
0
0.054902
0.796078
0.0901961
0
0
0
0
0
0
0
0
0
0
0
0.352941
0.847059
0.647059
0.32549
0.360784
0.345098
0.713726
0.298039
0
0
0
0
0
0
0
0
0
0
0
0
0
0.00784314
0.247059
0.266667
0.298039
0.286275
0.0470588
0
0
0
0
0
0
0
0
0
0
0
0
0
0
0
0
0
0
0
0
0
0
0
0
0
0
0
0
0
0
0
0
0
0
0
0
0
0
0
0
0
0
0
0
0
0
0
0
0
0
0
0
0
0
0
0
0
0
0
0
0
0
0
0
0
0
0
0
0
0
0
0
0
0
0
0
0
0
0
0
0
0
0
0
0
0
0
0
0
0
0
0
0
0
0
0
0
0
0
0
0
0
0
0
0
0
