0
0
0
0
0
0
0
0
0
0
0
0
0
0
0
0
0
0
0
0
0
0
0
0
0
0
0
0
0
0
0
0
0
0
0
0
0
0
0
0
0
0
0
0
0
0
0
0
0
0
0
0
0
0
0
0
0
0
0
0
0
0
0
0
0
0
0
0
0
0
0
0
0
0
0
0
0
0
0
0
0
0
0
0
0
0
0
0
0
0
0
0
0
0
0
0
0
0
0
0
0
0
0
0
0
0
0
0
0
0
0
0
0
0
0
0
0
0
0
0
0
0
0
0
0
0
0
0
0.0784314
0.494118
0.780392
0.87451
0.52549
0
0
0
0
0
0
0
0
0
0
0
0
0
0
0.321569
0.819608
0.309804
0.345098
0.686275
0.878431
0.643137
0.0235294
0
0
0
0
0
0
0
0
0
0
0
0.133333
0.870588
0.0784314
0
0
0
0.0117647
0.427451
0.752941
0
0
0
0
0
0
0
0
0
0
0
0.52549
0.419608
0
0
0
0
0
0
0.886275
0.0196078
0
0
0
0
0
0
0
0
0
0
0.733333
0.137255
0
0
0
0
0
0
0.792157
0.00392157
0
0
0
0
0
0
0
0
0
0
0.752941
0.152941
0
0
0
0
0
0.0352941
0.823529
0.00392157
0
0
0
0
0
0
0
0
0
0
0.541176
0.407843
0
0
0
0
0
0.270588
0.67451
0
0
0
0
0
0
0
0
0
0
0
0.109804
0.87451
0.407843
0.0784314
0
0
0.266667
0.866667
0.192157
0
0
0
0
0
0
0
0
0
0
0
0
0.129412
0.576471
0.8
0.87451
0.894118
0.764706
0.168627
0
0
0
0
0
0
0
0
0
0
0
0
0
0
0
0
0.00784314
0.0196078
0
0
0
0
0
0
0
0
0
0
0
0
0
0
0
0
0
0
0
0
0
0
0
0
0
0
0
0
0
0
0
0
0
0
0
0
0
0
0
0
0
0
0
0
0
0
0
0
0
0
0
0
0
0
0
0
0
0
0
0
0
0
0
0
0
0
0
0
0
0
0
0
0
0
0
0
0
0
0
0
0
0
0
0
0
0
0
0
