0
0
0
0
0
0
0
0
0
0
0
0
0
0
0
0
0
0
0
0
0
0
0
0
0
0
0
0
0
0
0
0
0
0
0
0
0
0
0
0
0
0
0
0
0
0
0
0
0
0
0
0
0
0
0
0
0
0
0
0
0
0
0
0
0
0
0
0
0
0
0
0
0
0
0
0
0
0
0
0
0
0
0
0
0
0
0
0
0
0
0
0
0
0
0
0
0
0
0
0
0
0
0
0
0
0
0
0.00392157
0.368627
0.360784
0.301961
0.0980392
0
0
0
0
0
0
0
0
0
0
0
0
0
0
0.0392157
0.760784
0.662745
0.509804
0.678431
0.862745
0.631373
0.207843
0.00392157
0
0
0
0
0
0
0
0
0
0
0.0705882
0.760784
0.247059
0
0
0
0.0196078
0.356863
0.756863
0.811765
0.258824
0
0
0
0
0
0
0
0
0
0.678431
0.345098
0
0
0
0
0
0
0
0.207843
0.796078
0.345098
0
0
0
0
0
0
0
0.00784314
0.905882
0
0
0
0
0
0
0
0
0
0.109804
0.854902
0.0392157
0
0
0
0
0
0
0.00784314
0.823529
0
0
0
0
0
0
0
0
0
0
0.752941
0.145098
0
0
0
0
0
0
0.00392157
0.776471
0.00392157
0
0
0
0
0
0
0
0
0
0.745098
0.145098
0
0
0
0
0
0
0
0.580392
0.262745
0
0
0
0
0
0
0
0
0
0.756863
0.121569
0
0
0
0
0
0
0
0.105882
0.768627
0.0705882
0
0
0
0
0
0
0
0.164706
0.72549
0
0
0
0
0
0
0
0
0
0.160784
0.666667
0.133333
0
0
0
0
0
0.121569
0.729412
0.313726
0
0
0
0
0
0
0
0
0
0
0.2
0.698039
0.431373
0.105882
0
0.0313726
0.431373
0.760784
0.254902
0
0
0
0
0
0
0
0
0
0
0
0
0.00392157
0.439216
0.854902
0.870588
0.913725
0.592157
0.00392157
0
0
0
0
0
0
0
0
0
0
0
0
0
0
0
0
0.00784314
0.0117647
0
0
0
0
0
0
0
0
0
0
0
0
0
0
0
0
0
0
0
0
0
0
0
0
0
0
0
0
0
0
0
0
0
0
0
0
0
0
0
0
0
0
0
0
0
0
0
