0
0
0
0
0
0
0
0
0
0
0
0
0
0
0
0
0
0
0
0
0
0
0
0
0
0
0
0
0
0
0
0
0
0
0
0
0
0
0
0
0
0
0
0
0
0
0
0
0
0
0
0
0
0
0
0
0
0
0
0
0
0
0
0
0
0
0
0
0
0
0
0
0
0
0
0
0
0
0
0
0
0
0
0
0
0
0
0
0
0
0
0
0
0
0
0
0
0
0
0
0
0
0
0
0
0
0
0
0
0
0.0745098
0
0
0
0
0
0
0
0
0
0
0
0
0
0
0
0
0
0
0.192157
0.909804
0.00392157
0
0
0
0
0
0
0
0
0
0
0
0
0
0
0
0
0
0.529412
1
0.00784314
0
0
0
0
0
0
0
0
0
0
0
0
0
0
0
0
0
0.647059
0.988235
0.00784314
0
0
0
0
0
0
0
0
0
0
0
0
0
0
0
0
0
0.752941
0.811765
0
0.203922
0.105882
0
0
0
0
0
0
0
0
0
0
0
0
0
0.054902
0.607843
0.952941
0.247059
0.160784
0.890196
0.145098
0
0
0
0
0
0
0
0
0
0
0
0
0
0.0901961
0.447059
0.878431
0.168627
0.807843
0.254902
0
0
0
0
0
0
0
0
0
0
0
0
0
0
0
0
0.866667
0.847059
0.239216
0
0
0
0
0
0
0
0
0
0
0
0
0
0
0
0
0
0.929412
0.772549
0.054902
0
0
0
0
0
0
0
0
0
0
0
0
0
0
0
0
0
0.878431
0.470588
0.847059
0.168627
0
0
0
0
0
0
0
0
0
0
0
0
0
0
0
0
0.537255
0.00784314
0.286275
0.52549
0
0
0
0
0
0
0
0
0
0
0
0
0
0
0
0
0
0
0
0
0
0
0
0
0
0
0
0
0
0
0
0
0
0
0
0
0
0
0
0
0
0
0
0
0
0
0
0
0
0
0
0
0
0
0
0
0
0
0
0
0
0
0
0
0
0
0
0
0
0
0
0
0
0
0
0
0
0
0
0
0
0
0
0
0
0
0
