0
0
0
0
0
0
0
0
0
0
0
0
0
0
0
0
0
0
0
0
0
0
0
0
0
0
0
0
0
0
0
0
0
0
0
0
0
0
0
0
0
0
0
0
0
0
0
0
0
0
0
0
0
0
0
0
0
0
0
0
0
0
0
0
0
0
0
0
0
0
0
0
0
0
0
0
0
0
0
0
0
0
0
0
0
0
0
0
0
0
0
0
0
0
0
0
0
0
0
0
0
0
0
0
0
0
0
0
0
0.0392157
0.266667
0
0
0
0
0
0
0
0
0
0
0
0
0
0
0
0
0
0
0.356863
0.760784
0
0
0
0
0
0
0
0
0
0
0
0
0
0
0
0
0
0
0.890196
0.701961
0
0
0
0
0
0
0
0
0
0
0
0
0
0
0
0
0
0.0392157
0.996078
0.623529
0
0.0117647
0.0627451
0
0
0
0
0
0
0
0
0
0
0
0
0
0.439216
0.890196
0.913725
0.141176
0.00392157
0.560784
0.537255
0
0
0
0
0
0
0
0
0
0
0
0
0
0.027451
0.0980392
0.811765
0
0.564706
0.811765
0.0627451
0
0
0
0
0
0
0
0
0
0
0
0
0
0
0.0392157
0.729412
0.270588
0.839216
0.0313726
0
0
0
0
0
0
0
0
0
0
0
0
0
0
0
0.00392157
0.831373
0.819608
0.843137
0.164706
0
0
0
0
0
0
0
0
0
0
0
0
0
0
0
0.0117647
0.980392
0.529412
0.286275
0.858824
0.239216
0
0
0
0
0
0
0
0
0
0
0
0
0
0
0.0235294
0.878431
0.054902
0
0.176471
0.858824
0.2
0
0
0
0
0
0
0
0
0
0
0
0
0
0
0.00392157
0
0
0
0.0941176
0.0392157
0
0
0
0
0
0
0
0
0
0
0
0
0
0
0
0
0
0
0
0
0
0
0
0
0
0
0
0
0
0
0
0
0
0
0
0
0
0
0
0
0
0
0
0
0
0
0
0
0
0
0
0
0
0
0
0
0
0
0
0
0
0
0
0
0
0
0
0
0
0
0
0
0
0
0
0
0
0
0
0
0
0
0
0
0
