0
0
0
0
0
0
0
0
0
0
0
0
0
0
0
0
0
0
0
0
0
0
0
0
0
0
0
0
0
0
0
0
0
0
0
0
0
0
0
0
0
0
0
0
0
0
0
0
0
0
0
0
0
0
0
0
0
0
0
0
0
0
0
0
0
0
0
0
0
0
0
0
0
0
0
0
0
0
0
0
0
0
0
0
0
0
0
0
0
0
0.164706
0.360784
0
0
0
0
0
0
0
0
0
0
0
0
0
0
0
0
0
0
0.701961
0.945098
0
0
0
0
0
0
0
0
0
0
0
0
0
0
0
0
0
0.0470588
0.823529
0.898039
0
0
0
0
0
0
0
0
0
0
0
0
0
0
0
0
0
0.180392
0.964706
0.662745
0
0
0
0
0
0
0
0
0
0
0
0
0
0
0
0
0.101961
0.407843
0.929412
0.137255
0
0
0
0
0
0
0
0
0
0
0
0
0
0
0
0
0.266667
0.788235
0.639216
0
0
0.141176
0
0
0
0
0
0
0
0
0
0
0
0
0
0
0
0.203922
0.670588
0
0.490196
0.807843
0
0
0
0
0
0
0
0
0
0
0
0
0
0
0
0.207843
0.67451
0.411765
0.929412
0.164706
0
0
0
0
0
0
0
0
0
0
0
0
0
0
0
0.203922
0.721569
0.827451
0.462745
0
0
0
0
0
0
0
0
0
0
0
0
0
0
0
0
0.219608
1
0.607843
0.866667
0.227451
0
0
0
0
0
0
0
0
0
0
0
0
0
0
0
0.113725
0.443137
0
0.176471
0.843137
0.443137
0
0
0
0
0
0
0
0
0
0
0
0
0
0
0
0
0
0
0.0431373
0.235294
0
0
0
0
0
0
0
0
0
0
0
0
0
0
0
0
0
0
0
0
0
0
0
0
0
0
0
0
0
0
0
0
0
0
0
0
0
0
0
0
0
0
0
0
0
0
0
0
0
0
0
0
0
0
0
0
0
0
0
0
0
0
0
0
0
0
0
0
0
0
0
0
0
0
0
0
0
0
0
0
0
0
0
0
0
