0
0
0
0
0
0
0
0
0
0
0
0
0
0
0
0
0
0
0
0
0
0
0
0
0
0
0
0
0
0
0
0
0
0
0
0
0
0
0
0
0
0
0
0
0
0
0
0
0
0
0
0
0
0
0
0
0
0
0
0
0
0
0
0
0
0
0
0
0
0
0
0
0
0
0
0
0
0
0
0
0
0
0
0
0
0
0
0
0
0.00392157
0
0
0
0
0
0
0
0
0
0
0
0
0
0
0
0
0
0
0
0.52549
0.32549
0
0
0
0
0
0
0
0
0
0
0
0
0
0
0
0
0
0
0.537255
0.337255
0
0
0
0
0
0
0
0
0
0
0
0
0
0
0
0
0
0
0.513726
0.313726
0
0
0
0
0
0
0
0
0
0
0
0
0
0
0
0
0
0
0.513726
0.372549
0
0
0
0
0
0
0
0
0
0
0
0
0
0
0
0
0
0
0.337255
0.372549
0
0
0.0117647
0.0627451
0
0
0
0
0
0
0
0
0
0
0
0
0
0
0.290196
0.486275
0
0.0235294
0.658824
0.486275
0
0
0
0
0
0
0
0
0
0
0
0
0
0
0.32549
0.52549
0.101961
0.792157
0.521569
0.0117647
0
0
0
0
0
0
0
0
0
0
0
0
0
0
0.329412
0.67451
0.823529
0.854902
0.305882
0
0
0
0
0
0
0
0
0
0
0
0
0
0
0
0.309804
0.905882
0.235294
0.231373
0.847059
0.152941
0
0
0
0
0
0
0
0
0
0
0
0
0
0
0.0784314
0.219608
0
0
0.329412
0.635294
0
0
0
0
0
0
0
0
0
0
0
0
0
0
0
0
0
0
0
0
0
0
0
0
0
0
0
0
0
0
0
0
0
0
0
0
0
0
0
0
0
0
0
0
0
0
0
0
0
0
0
0
0
0
0
0
0
0
0
0
0
0
0
0
0
0
0
0
0
0
0
0
0
0
0
0
0
0
0
0
0
0
0
0
0
0
0
0
0
0
0
0
0
0
0
0
0
0
0
0
0
0
0
0
0
