0
0
0
0
0
0
0
0
0
0
0
0
0
0
0
0
0
0
0
0
0
0
0
0
0
0
0
0
0
0
0
0
0
0
0
0
0
0
0
0
0
0
0
0
0
0
0
0
0
0
0
0
0
0
0
0
0
0
0
0
0
0
0
0
0
0
0
0
0
0
0
0
0
0
0
0
0
0
0
0
0
0
0
0
0
0
0
0
0
0
0
0
0
0
0
0
0
0
0
0
0
0
0
0
0
0
0
0
0
0.239216
0
0
0
0
0
0
0
0
0
0
0
0
0
0
0
0
0
0
0.00392157
0.901961
0
0
0
0
0
0
0
0
0
0
0
0
0
0
0
0
0
0
0.00784314
0.858824
0
0
0
0
0
0
0
0
0
0
0
0
0
0
0
0
0
0
0.0705882
0.811765
0
0
0
0
0
0
0
0
0
0
0
0
0
0
0
0
0
0
0.00784314
0.862745
0
0
0
0.447059
0.0666667
0
0
0
0
0
0
0
0
0
0
0
0
0
0
0.180392
0
0
0.4
0.768627
0.0235294
0
0
0
0
0
0
0
0
0
0
0
0
0
0
0.654902
0.00392157
0.6
0.654902
0.0862745
0
0
0
0
0
0
0
0
0
0
0
0
0
0
0
0.505882
0.6
0.678431
0.352941
0
0
0
0
0
0
0
0
0
0
0
0
0
0
0
0
0.572549
0.435294
0.109804
0.788235
0.345098
0.0117647
0
0
0
0
0
0
0
0
0
0
0
0
0
0
0.00392157
0
0
0.0705882
0.67451
0.388235
0
0
0
0
0
0
0
0
0
0
0
0
0
0
0
0
0
0
0
0
0
0
0
0
0
0
0
0
0
0
0
0
0
0
0
0
0
0
0
0
0
0
0
0
0
0
0
0
0
0
0
0
0
0
0
0
0
0
0
0
0
0
0
0
0
0
0
0
0
0
0
0
0
0
0
0
0
0
0
0
0
0
0
0
0
0
0
0
0
0
0
0
0
0
0
0
0
0
0
0
0
0
0
0
0
