0
0
0
0
0
0
0
0
0
0
0
0
0
0
0
0
0
0
0
0
0
0
0
0
0
0
0
0
0
0
0
0
0
0
0
0
0
0
0
0
0
0
0
0
0
0
0
0
0
0
0
0
0
0
0
0
0
0
0
0
0
0
0
0
0
0
0
0
0
0
0
0
0
0
0
0
0
0
0
0
0
0
0
0
0
0
0
0
0
0
0
0
0
0
0
0
0
0
0
0
0
0
0
0
0
0
0
0
0
0.211765
0.505882
0
0
0
0
0
0
0
0
0
0
0
0
0
0
0
0
0
0
0.219608
0.552941
0
0
0
0
0
0
0
0
0
0
0
0
0
0
0
0
0
0
0.196078
0.509804
0
0
0
0
0
0
0
0
0
0
0
0
0
0
0
0
0
0
0.270588
0.603922
0
0
0
0
0
0
0
0
0
0
0
0
0
0
0
0
0
0
0.270588
0.603922
0
0
0.0627451
0.0117647
0
0
0
0
0
0
0
0
0
0
0
0
0
0
0.141176
0.521569
0
0.0117647
0.796078
0.207843
0
0
0
0
0
0
0
0
0
0
0
0
0
0
0.054902
0.552941
0
0.505882
0.670588
0
0
0
0
0
0
0
0
0
0
0
0
0
0
0
0.0117647
0.878431
0.352941
0.972549
0.329412
0
0
0
0
0
0
0
0
0
0
0
0
0
0
0
0.0117647
0.945098
0.839216
0.396078
0.796078
0.0588235
0
0
0
0
0
0
0
0
0
0
0
0
0
0
0.0352941
0.992157
0.278431
0
0.439216
0.764706
0
0
0
0
0
0
0
0
0
0
0
0
0
0
0.0117647
0.313726
0
0
0
0.180392
0
0
0
0
0
0
0
0
0
0
0
0
0
0
0
0
0
0
0
0
0
0
0
0
0
0
0
0
0
0
0
0
0
0
0
0
0
0
0
0
0
0
0
0
0
0
0
0
0
0
0
0
0
0
0
0
0
0
0
0
0
0
0
0
0
0
0
0
0
0
0
0
0
0
0
0
0
0
0
0
0
0
0
0
0
