0
0
0
0
0
0
0
0
0
0
0
0
0
0
0
0
0
0
0
0
0
0
0
0
0
0
0
0
0
0
0
0
0
0
0
0
0
0
0
0
0
0
0
0
0
0
0
0
0
0
0
0
0
0
0
0
0
0
0
0
0
0
0
0
0
0
0
0
0
0
0
0
0
0
0
0
0
0
0
0
0
0
0
0
0
0
0
0
0
0
0.00392157
0.156863
0
0
0
0
0
0
0
0
0
0
0
0
0
0
0
0
0
0
0.462745
0.92549
0
0
0
0
0
0
0
0
0
0
0
0
0
0
0
0
0
0.00392157
0.847059
0.92549
0
0
0
0
0
0
0
0
0
0
0
0
0
0
0
0
0
0.12549
0.941176
0.639216
0
0
0
0
0
0
0
0
0
0
0
0
0
0
0
0
0
0.419608
1
0.258824
0
0
0
0
0
0
0
0
0
0
0
0
0
0
0
0
0.00392157
0.635294
0.67451
0
0
0
0
0
0
0
0
0
0
0
0
0
0
0
0
0
0.690196
0.894118
0.411765
0
0
0
0
0
0
0
0
0
0
0
0
0
0
0
0
0
0.133333
0.27451
0.592157
0
0
0
0
0
0
0
0
0
0
0
0
0
0
0
0
0
0
0.101961
0.776471
0
0.109804
0.627451
0
0
0
0
0
0
0
0
0
0
0
0
0
0
0
0
0.87451
0.0784314
0.894118
0.352941
0
0
0
0
0
0
0
0
0
0
0
0
0
0
0
0
0.67451
0.768627
0.627451
0
0
0
0
0
0
0
0
0
0
0
0
0
0
0
0
0
0.756863
0.580392
0.796078
0.768627
0.486275
0.00392157
0
0
0
0
0
0
0
0
0
0
0
0
0
0
0.243137
0.0235294
0
0.156863
0.372549
0
0
0
0
0
0
0
0
0
0
0
0
0
0
0
0
0
0
0
0
0
0
0
0
0
0
0
0
0
0
0
0
0
0
0
0
0
0
0
0
0
0
0
0
0
0
0
0
0
0
0
0
0
0
0
0
0
0
0
0
0
0
0
0
0
