0
0
0
0
0
0
0
0
0
0
0
0
0
0
0
0
0
0
0
0
0
0
0
0
0
0
0
0
0
0
0
0
0
0
0
0
0
0
0
0
0
0
0
0
0
0
0
0
0
0
0
0
0
0
0
0
0
0
0
0
0
0
0
0
0
0
0
0
0
0
0
0
0
0
0
0
0
0
0
0
0
0
0
0
0
0
0
0
0
0
0
0
0
0
0
0
0
0
0
0
0
0
0
0
0
0
0
0
0
0
0
0
0
0
0
0
0
0
0
0
0
0
0
0
0
0
0
0
0
0
0
0
0
0
0
0
0
0
0
0
0
0
0
0
0
0
0
0
0
0
0
0
0
0
0
0
0
0
0
0
0
0
0
0
0
0
0
0
0
0.00784314
0.294118
0.690196
0.458824
0
0
0
0
0
0
0
0
0
0
0
0
0
0
0
0.388235
0.87451
0.654902
0.278431
0.0392157
0
0
0
0
0
0
0
0
0
0
0
0
0
0
0.113725
0.972549
0.203922
0
0
0
0
0
0
0
0
0
0
0
0
0
0
0
0
0
0
0.321569
0.788235
0.305882
0.109804
0
0
0
0
0
0
0
0
0
0
0
0
0
0
0
0
0
0.133333
0.505882
0.839216
0.654902
0.262745
0
0
0
0
0
0
0
0
0
0
0
0
0
0
0
0
0
0.00784314
0.270588
0.298039
0
0
0
0
0
0
0
0
0
0
0
0
0
0
0
0
0
0
0
0
0
0
0
0
0
0
0
0
0
0
0
0
0
0
0
0
0
0
0
0
0
0
0
0
0
0
0
0
0
0
0
0
0
0
0
0
0
0
0
0
0
0
0
0
0
0
0
0
0
0
0
0
0
0
0
0
0
0
0
0
0
0
0
0
0
0
0
0
0
0
0
0
0
0
0
0
0
0
0
0
0
0
0
0
0
0
0
0
0
0
0
0
0
0
0
0
0
0
0
0
0
0
0
0
0
0
