0
0
0
0
0
0
0
0
0
0
0
0
0
0
0
0
0
0
0
0
0
0
0
0
0
0
0
0
0
0
0
0
0
0
0
0
0
0
0
0
0
0
0
0
0
0
0
0
0
0
0
0
0
0
0
0
0
0
0
0
0
0
0
0
0
0
0
0
0
0
0
0
0
0
0
0
0
0
0
0
0
0
0
0
0
0
0
0
0
0
0
0
0
0
0
0
0
0
0
0
0
0
0
0
0
0
0
0
0
0
0
0
0
0
0
0
0
0
0
0
0
0
0
0
0
0
0
0
0
0
0
0
0
0
0
0
0
0
0
0
0
0
0
0
0
0
0
0
0
0
0
0
0
0
0
0
0
0
0
0
0
0
0
0
0
0
0
0
0
0
0
0.0627451
0.443137
0.807843
0.0745098
0
0
0
0
0
0
0
0
0
0
0
0
0
0
0
0.309804
0.705882
0.333333
0.101961
0
0
0
0
0
0
0
0
0
0
0
0
0
0
0.156863
0.741176
0.301961
0.0627451
0
0
0
0
0
0
0
0
0
0
0
0
0
0
0
0.0470588
0.901961
0.2
0
0
0
0
0
0
0
0
0
0
0
0
0
0
0
0
0
0.00784314
0.6
0.8
0.32549
0.0901961
0
0
0
0
0
0
0
0
0
0
0
0
0
0
0
0
0
0.223529
0.701961
0.878431
0.180392
0
0
0
0
0
0
0
0
0
0
0
0
0
0
0
0
0
0
0
0
0
0
0
0
0
0
0
0
0
0
0
0
0
0
0
0
0
0
0
0
0
0
0
0
0
0
0
0
0
0
0
0
0
0
0
0
0
0
0
0
0
0
0
0
0
0
0
0
0
0
0
0
0
0
0
0
0
0
0
0
0
0
0
0
0
0
0
0
0
0
0
0
0
0
0
0
0
0
0
0
0
0
0
0
0
0
0
0
0
0
0
0
0
0
0
0
0
0
0
0
0
0
0
0
0
0
0
