0
0
0
0
0
0
0
0
0
0
0
0
0
0
0
0
0
0
0
0
0
0
0
0
0
0
0
0
0
0
0
0
0
0
0
0
0
0
0
0
0
0
0
0
0
0
0
0
0
0
0
0
0
0
0
0
0
0
0
0
0
0
0
0
0
0
0
0
0
0
0
0
0
0
0
0
0
0
0
0
0
0
0
0
0
0
0
0
0
0
0
0
0
0
0
0
0
0
0
0
0
0
0
0
0
0
0
0
0
0
0
0
0
0
0
0
0
0
0
0
0
0
0
0
0
0
0
0
0
0
0
0
0
0
0
0
0
0
0
0
0
0
0
0
0
0
0
0
0
0
0
0
0
0
0
0
0
0
0
0
0
0
0
0
0
0
0
0
0
0
0
0
0
0.2
0.541176
0
0
0
0
0
0
0
0
0
0
0
0
0
0
0.0117647
0.266667
0.545098
0.792157
0.772549
0.223529
0
0
0
0
0
0
0
0
0
0
0
0
0
0.0392157
0.741176
0.666667
0.341176
0.113725
0
0
0
0
0
0
0
0
0
0
0
0
0
0
0
0.333333
0.760784
0
0
0
0
0
0
0
0
0
0
0
0
0
0
0
0
0
0
0.0392157
0.737255
0.580392
0.152941
0
0
0
0
0
0
0
0
0
0
0
0
0
0
0
0
0
0.0196078
0.466667
0.807843
0.72549
0.027451
0
0
0
0
0
0
0
0
0
0
0
0
0
0
0
0
0
0
0.258824
0.00784314
0
0
0
0
0
0
0
0
0
0
0
0
0
0
0
0
0
0
0
0
0
0
0
0
0
0
0
0
0
0
0
0
0
0
0
0
0
0
0
0
0
0
0
0
0
0
0
0
0
0
0
0
0
0
0
0
0
0
0
0
0
0
0
0
0
0
0
0
0
0
0
0
0
0
0
0
0
0
0
0
0
0
0
0
0
0
0
0
0
0
0
0
0
0
0
0
0
0
0
0
0
0
0
0
0
0
