0
0
0
0
0
0
0
0
0
0
0
0
0
0
0
0
0
0
0
0
0
0
0
0
0
0
0
0
0
0
0
0
0
0
0
0
0
0
0
0
0
0
0
0
0
0
0
0
0
0
0
0
0
0
0
0
0
0
0
0
0
0
0
0
0
0
0
0
0
0
0
0
0
0
0
0
0
0
0
0
0
0
0
0
0
0
0
0
0
0
0
0
0
0
0
0
0
0
0
0
0
0
0
0
0
0
0
0
0
0
0
0
0
0
0
0
0
0
0
0
0
0
0
0
0
0
0
0
0
0
0
0
0
0
0
0
0
0
0
0
0
0
0
0
0
0
0
0
0
0
0
0.0352941
0.00784314
0
0
0
0
0
0
0
0
0
0
0
0
0
0
0
0
0
0.0627451
0.772549
0.243137
0
0
0
0
0
0
0
0
0
0
0
0
0
0
0
0
0.133333
0.772549
0.419608
0
0
0
0
0
0
0
0
0
0
0
0
0
0
0
0
0.345098
0.870588
0.337255
0
0
0
0
0
0
0
0
0
0
0
0
0
0
0
0
0
0.835294
0.4
0.00392157
0
0
0
0
0
0
0
0
0
0
0
0
0
0
0
0
0
0.0627451
0.478431
0.0745098
0.419608
0.0313726
0.0784314
0
0
0
0
0
0
0
0
0
0
0
0
0
0
0
0
0
0.239216
0.266667
0.780392
0.894118
0.313726
0
0
0
0
0
0
0
0
0
0
0
0
0
0
0
0
0
0
0.027451
0.0117647
0
0
0
0
0
0
0
0
0
0
0
0
0
0
0
0
0
0
0
0
0
0
0
0
0
0
0
0
0
0
0
0
0
0
0
0
0
0
0
0
0
0
0
0
0
0
0
0
0
0
0
0
0
0
0
0
0
0
0
0
0
0
0
0
0
0
0
0
0
0
0
0
0
0
0
0
0
0
0
0
0
0
0
0
0
0
0
0
0
0
0
0
0
0
0
0
0
0
0
0
0
0
0
0
