0
0
0
0
0
0
0
0
0
0
0
0
0
0
0
0
0
0
0
0
0
0
0
0
0
0
0
0
0
0
0
0
0
0
0
0
0
0
0
0
0
0
0
0
0
0
0
0
0
0
0
0
0
0
0
0
0
0
0
0
0
0
0
0
0
0
0
0
0
0
0
0
0
0
0
0
0
0
0
0
0
0
0
0
0
0
0
0
0
0
0
0
0
0
0
0
0
0
0
0
0
0
0
0
0
0
0
0
0
0
0
0
0
0
0
0
0
0
0
0
0
0
0
0
0
0
0
0
0
0
0
0
0
0
0
0
0
0
0
0
0
0
0
0
0
0
0
0
0
0
0
0
0
0
0
0
0
0
0
0
0
0
0
0
0
0
0
0
0
0
0
0
0.145098
0.701961
0.47451
0
0
0
0
0
0
0
0
0
0
0
0
0
0
0
0.172549
0.72549
0.811765
0.294118
0.00392157
0
0
0
0
0
0
0
0
0
0
0
0
0
0
0.576471
0.788235
0.278431
0
0
0
0
0
0
0
0
0
0
0
0
0
0
0
0
0.564706
0.67451
0.0117647
0
0
0
0
0
0
0
0
0
0
0
0
0
0
0
0
0
0.419608
0.839216
0.254902
0
0
0
0
0
0
0
0
0
0
0
0
0
0
0
0
0
0
0.054902
0.572549
0.419608
0.556863
0.137255
0
0
0
0
0
0
0
0
0
0
0
0
0
0
0
0
0
0.141176
0.427451
0.231373
0
0
0
0
0
0
0
0
0
0
0
0
0
0
0
0
0
0
0
0
0
0
0
0
0
0
0
0
0
0
0
0
0
0
0
0
0
0
0
0
0
0
0
0
0
0
0
0
0
0
0
0
0
0
0
0
0
0
0
0
0
0
0
0
0
0
0
0
0
0
0
0
0
0
0
0
0
0
0
0
0
0
0
0
0
0
0
0
0
0
0
0
0
0
0
0
0
0
0
0
0
0
0
0
0
0
