0
0
0
0
0
0
0
0
0
0
0
0
0
0
0
0
0
0
0
0
0
0
0
0
0
0
0
0
0
0
0
0
0
0
0
0
0
0
0
0
0
0
0
0
0
0
0
0
0
0
0
0
0
0
0
0
0
0
0
0
0
0
0
0
0
0
0
0
0
0
0
0
0
0
0
0
0
0
0
0
0
0
0
0
0
0
0
0
0
0
0
0
0
0
0
0
0
0
0
0
0
0
0
0
0
0
0
0
0
0
0
0
0
0
0
0
0
0
0
0
0
0
0
0
0
0
0
0
0
0
0
0
0
0
0
0
0
0
0
0
0
0
0
0
0
0
0
0
0
0
0
0
0
0
0
0
0
0
0
0
0
0
0
0
0
0
0
0
0
0
0
0
0.0117647
0.329412
0.505882
0
0
0
0
0
0
0
0
0
0
0
0
0
0
0.0196078
0.419608
0.662745
0.811765
0.647059
0.231373
0
0
0
0
0
0
0
0
0
0
0
0
0.0980392
0.788235
0.501961
0.403922
0.196078
0.0745098
0
0
0
0
0
0
0
0
0
0
0
0
0
0
0.054902
0.635294
0.788235
0.270588
0
0
0
0
0
0
0
0
0
0
0
0
0
0
0
0
0
0
0.160784
0.596078
0.780392
0.372549
0
0
0
0
0
0
0
0
0
0
0
0
0
0
0
0
0
0
0.109804
0.356863
0
0
0
0
0
0
0
0
0
0
0
0
0
0
0
0
0
0
0
0
0
0
0
0
0
0
0
0
0
0
0
0
0
0
0
0
0
0
0
0
0
0
0
0
0
0
0
0
0
0
0
0
0
0
0
0
0
0
0
0
0
0
0
0
0
0
0
0
0
0
0
0
0
0
0
0
0
0
0
0
0
0
0
0
0
0
0
0
0
0
0
0
0
0
0
0
0
0
0
0
0
0
0
0
0
0
0
0
0
0
0
0
0
0
0
0
0
0
0
0
0
0
0
0
0
0
0
