0
0
0
0
0
0
0
0
0
0
0
0
0
0
0
0
0
0
0
0
0
0
0
0
0
0
0
0
0
0
0
0
0
0
0
0
0
0
0
0
0
0
0
0
0
0
0
0
0
0
0
0
0
0
0
0
0
0
0
0
0
0
0
0
0
0
0
0
0
0
0
0
0
0
0
0
0
0
0
0
0
0
0
0
0
0
0
0
0
0
0
0
0
0
0
0
0
0
0
0
0
0
0
0
0
0
0
0
0
0
0
0
0
0
0
0
0
0
0
0
0
0
0
0
0
0
0
0
0
0
0
0
0
0
0
0
0
0
0
0
0
0
0
0
0
0
0
0
0
0
0
0
0.00392157
0
0
0
0
0
0
0
0
0
0
0
0
0
0
0
0
0
0
0.027451
0.745098
0.243137
0
0
0
0
0
0
0
0
0
0
0
0
0
0
0
0
0.231373
0.760784
0.403922
0
0
0
0
0
0
0
0
0
0
0
0
0
0
0
0.0117647
0.431373
0.423529
0.0313726
0
0
0
0
0
0
0
0
0
0
0
0
0
0
0
0
0.631373
0.623529
0.00784314
0
0
0
0
0
0
0
0
0
0
0
0
0
0
0
0
0
0.494118
0.819608
0.419608
0.0313726
0
0
0
0
0
0
0
0
0
0
0
0
0
0
0
0
0
0.0784314
0.552941
0.807843
0
0
0
0
0
0
0
0
0
0
0
0
0
0
0
0
0
0
0
0
0
0
0
0
0
0
0
0
0
0
0
0
0
0
0
0
0
0
0
0
0
0
0
0
0
0
0
0
0
0
0
0
0
0
0
0
0
0
0
0
0
0
0
0
0
0
0
0
0
0
0
0
0
0
0
0
0
0
0
0
0
0
0
0
0
0
0
0
0
0
0
0
0
0
0
0
0
0
0
0
0
0
0
0
0
0
0
0
0
0
0
0
0
0
0
0
0
0
0
0
0
0
0
0
0
0
0
0
