0
0
0
0
0
0
0
0
0
0
0
0
0
0
0
0
0
0
0
0
0
0
0
0
0
0
0
0
0
0
0
0
0
0
0
0
0
0
0
0
0
0
0
0
0
0
0
0
0
0
0
0
0
0
0
0
0
0
0
0
0
0
0
0
0
0
0
0
0
0
0
0
0
0
0
0
0
0
0
0
0
0
0
0
0
0
0
0.00392157
0.207843
0.247059
0.741176
0.709804
0.270588
0.00784314
0
0
0
0
0
0
0
0
0
0
0
0
0.0313726
0.701961
0.733333
0.654902
0.792157
0.478431
0.741176
0.776471
0.113725
0
0
0
0
0
0
0
0
0
0
0
0.305882
0.423529
0
0
0
0
0
0.576471
0.607843
0
0
0
0
0
0
0
0
0
0
0.0705882
0.509804
0.0784314
0
0
0
0
0
0.286275
0.776471
0
0
0
0
0
0
0
0
0
0
0.192157
0.290196
0
0
0
0
0
0
0.0666667
0.862745
0
0
0
0
0
0
0
0
0
0
0.580392
0.247059
0
0
0
0
0
0
0.0941176
0.870588
0
0
0
0
0
0
0
0
0
0
0.478431
0.180392
0
0
0
0
0
0
0.352941
0.847059
0
0
0
0
0
0
0
0
0
0
0.607843
0.27451
0
0
0
0
0
0.109804
0.839216
0.854902
0
0
0
0
0
0
0
0
0
0
0.521569
0.380392
0
0
0
0
0.0117647
0.392157
0.294118
0.780392
0
0
0
0
0
0
0
0
0
0
0.223529
0.807843
0.0705882
0
0
0.0705882
0.701961
0.352941
0.00784314
0.858824
0
0
0
0
0
0
0
0
0
0
0
0.439216
0.858824
0.564706
0.552941
0.866667
0.411765
0
0
0.423529
0
0
0
0
0
0
0
0
0
0
0
0
0.0745098
0.286275
0.345098
0.160784
0
0
0
0.662745
0
0
0
0
0
0
0
0
0
0
0
0
0
0
0
0
0
0
0
0.831373
0
0
0
0
0
0
0
0
0
0
0
0
0
0
0
0
0
0
0
0.894118
0
0
0
0
0
0
0
0
0
0
0
0
0
0
0
0
0
0
0.00392157
0.827451
0
0
0
0
0
0
0
0
0
0
0
0
0
0
0
0
0
0
0.00784314
0.858824
0
0
0
0
0
