0
0
0
0
0
0
0
0
0
0
0
0
0
0
0
0
0
0
0
0
0
0
0
0
0
0
0
0
0
0
0
0
0
0
0
0
0
0
0
0
0
0
0
0
0
0
0
0
0
0
0
0
0
0
0
0
0
0
0
0
0
0
0
0
0
0
0
0
0
0
0
0
0
0
0
0
0
0
0
0
0
0
0
0
0
0
0
0
0
0
0
0
0
0
0
0
0
0
0
0
0
0
0
0
0
0
0
0
0
0
0.141176
0.27451
0.027451
0
0
0
0
0
0
0
0
0
0
0
0
0
0
0
0
0.466667
0.831373
0.643137
0.172549
0
0
0
0
0
0
0
0
0
0
0
0
0
0
0
0.258824
0.768627
0.0352941
0.129412
0.960784
0.0784314
0
0
0
0
0
0
0
0
0
0
0
0
0
0
0.619608
0.321569
0
0.164706
0.964706
0.0431373
0
0
0
0
0
0
0
0
0
0
0
0
0
0
0.494118
0.109804
0
0.105882
0.972549
0.0470588
0
0
0
0
0
0
0
0
0
0
0
0
0
0
0.568627
0.364706
0
0.0235294
0.964706
0.0745098
0
0
0
0
0
0
0
0
0
0
0
0
0
0
0.164706
0.870588
0.752941
0.780392
0.862745
0.176471
0
0
0
0
0
0
0
0
0
0
0
0
0
0
0
0.0235294
0.0784314
0.0352941
0.101961
0.298039
0
0
0
0
0
0
0
0
0
0
0
0
0
0
0
0
0
0
0.0627451
0.858824
0
0
0
0
0
0
0
0
0
0
0
0
0
0
0
0
0
0
0
0.858824
0.0862745
0
0
0
0
0
0
0
0
0
0
0
0
0
0
0
0
0
0.160784
0.87451
0.0117647
0
0
0
0
0
0
0
0
0
0
0
0
0
0
0
0
0.0666667
0.819608
0.266667
0
0
0
0
0
0
0
0
0
0
0
0
0
0
0
0.0431373
0.329412
0.760784
0.392157
0
0
0
0
0
0
0
0
0
0
0
0
0
0
0
0
0.2
0.596078
0.203922
0
0
0
0
0
0
0
0
0
0
0
0
0
0
0
0
0
0
0
0
0
0
0
0
0
0
0
0
