0
0
0
0
0
0
0
0
0
0
0
0
0
0
0
0
0
0
0
0
0
0
0
0
0
0
0
0
0
0
0
0
0
0
0
0
0
0
0
0
0
0
0
0
0
0
0
0
0
0
0
0
0
0
0
0
0
0
0
0
0
0
0
0
0
0
0
0
0
0
0
0
0
0
0
0
0
0
0
0
0
0
0
0
0
0
0
0
0
0
0.0117647
0.0470588
0.129412
0
0
0
0
0
0
0
0
0
0
0
0
0
0
0
0
0.0862745
0.807843
0.670588
0.937255
0.0117647
0
0
0
0
0
0
0
0
0
0
0
0
0
0
0
0.639216
0.270588
0.0862745
0.92549
0.00392157
0
0
0
0
0
0
0
0
0
0
0
0
0
0
0.341176
0.486275
0
0.0705882
0.894118
0.00392157
0
0
0
0
0
0
0
0
0
0
0
0
0
0
0.780392
0.121569
0
0.372549
0.67451
0
0
0
0
0
0
0
0
0
0
0
0
0
0
0
0.478431
0.796078
0.670588
0.694118
0.0901961
0
0
0
0
0
0
0
0
0
0
0
0
0
0
0
0
0.0745098
0.0352941
0
0.396078
0.027451
0
0
0
0
0
0
0
0
0
0
0
0
0
0
0
0
0
0
0.792157
0.0588235
0
0
0
0
0
0
0
0
0
0
0
0
0
0
0
0
0
0
0.792157
0.0666667
0
0
0
0
0
0
0
0
0
0
0
0
0
0
0
0
0
0
0.666667
0.0470588
0
0
0
0
0
0
0
0
0
0
0
0
0
0
0
0
0
0.223529
0.635294
0
0
0
0
0
0
0
0
0
0
0
0
0
0
0
0
0
0.141176
0.870588
0.176471
0
0
0
0
0
0
0
0
0
0
0
0
0
0
0
0.00392157
0.533333
0.827451
0.266667
0
0
0
0
0
0
0
0
0
0
0
0
0
0
0
0
0.580392
0.67451
0.027451
0
0
0
0
0
0
0
0
0
0
0
0
0
0
0
0
0
0.192157
0.0117647
0
0
0
0
0
0
0
0
0
0
0
0
0
0
0
0
0
0
0
0
0
0
0
0
0
0
0
0
0
0
