0
0
0
0
0
0
0
0
0
0
0
0
0
0
0
0
0
0
0
0
0
0
0
0
0
0
0
0
0
0
0
0
0
0
0
0
0
0
0
0
0
0
0
0
0
0
0
0
0
0
0
0
0
0
0
0
0
0
0
0
0
0
0
0
0
0
0
0
0
0
0
0
0
0
0
0
0
0
0
0
0
0
0
0
0
0
0
0
0
0
0
0
0
0
0
0
0
0
0
0
0
0
0
0
0
0
0
0
0
0
0.109804
0.32549
0.462745
0.8
0.0470588
0
0
0
0
0
0
0
0
0
0
0
0
0
0
0.262745
0.788235
0.533333
0.733333
0.913725
0.101961
0
0
0
0
0
0
0
0
0
0
0
0
0
0.247059
0.603922
0.0784314
0
0.639216
0.905882
0.00392157
0
0
0
0
0
0
0
0
0
0
0
0
0
0.537255
0.0352941
0
0
0.490196
0.537255
0
0
0
0
0
0
0
0
0
0
0
0
0.0117647
0.698039
0.0352941
0
0
0
0.776471
0.568627
0
0
0
0
0
0
0
0
0
0
0
0
0.141176
0.741176
0
0
0
0.478431
0.772549
0.643137
0
0
0
0
0
0
0
0
0
0
0
0
0.105882
0.858824
0.0941176
0.141176
0.568627
0.764706
0.27451
0.666667
0
0
0
0
0
0
0
0
0
0
0
0
0
0.368627
0.8
0.764706
0.396078
0.027451
0.505882
0.329412
0
0
0
0
0
0
0
0
0
0
0
0
0
0
0
0
0
0.380392
0.772549
0.0117647
0
0
0
0
0
0
0
0
0
0
0
0
0
0
0
0
0.388235
0.737255
0.0392157
0
0
0
0
0
0
0
0
0
0
0
0
0
0
0
0
0.368627
0.737255
0.0392157
0
0
0
0
0
0
0
0
0
0
0
0
0
0
0
0
0.309804
0.733333
0.0392157
0
0
0
0
0
0
0
0
0
0
0
0
0
0
0
0
0.407843
0.792157
0.0862745
0
0
0
0
0
0
0
0
0
0
0
0
0
0
0
0
0.00784314
0.756863
0.0666667
0
0
0
0
0
0
0
0
0
0
0
0
0
0
0
0
0
0
0
0
0
0
0
0
0
0
0
0
0
0
0
