0
0
0
0
0
0
0
0
0
0
0
0
0
0
0
0
0
0
0
0
0
0
0
0
0
0
0
0
0
0
0
0
0
0
0
0
0
0
0
0
0
0
0
0
0
0
0
0
0
0
0
0
0
0
0
0
0
0
0
0
0
0
0
0
0
0
0
0
0
0
0
0
0
0
0
0
0
0
0
0
0
0
0
0
0
0
0
0
0
0
0.027451
0.0980392
0
0
0
0
0
0
0
0
0
0
0
0
0
0
0
0
0
0.0862745
0.627451
0.905882
0.121569
0
0
0
0
0
0
0
0
0
0
0
0
0
0
0
0.0431373
0.8
0.654902
0.929412
0.505882
0
0
0
0
0
0
0
0
0
0
0
0
0
0
0
0.505882
0.454902
0.0784314
0.6
0.537255
0
0
0
0
0
0
0
0
0
0
0
0
0
0
0.00392157
0.537255
0
0.137255
0.996078
0.301961
0
0
0
0
0
0
0
0
0
0
0
0
0
0
0.0745098
0.827451
0.388235
0.788235
0.772549
0
0
0
0
0
0
0
0
0
0
0
0
0
0
0
0
0.380392
0.458824
0.168627
0.768627
0.00392157
0
0
0
0
0
0
0
0
0
0
0
0
0
0
0
0
0
0
0.376471
0.0431373
0
0
0
0
0
0
0
0
0
0
0
0
0
0
0
0
0
0
0.541176
0.266667
0
0
0
0
0
0
0
0
0
0
0
0
0
0
0
0
0
0
0.392157
0.270588
0
0
0
0
0
0
0
0
0
0
0
0
0
0
0
0
0
0
0.164706
0.133333
0
0
0
0
0
0
0
0
0
0
0
0
0
0
0
0
0
0
0.360784
0.298039
0
0
0
0
0
0
0
0
0
0
0
0
0
0
0
0
0
0
0.105882
0.0784314
0
0
0
0
0
0
0
0
0
0
0
0
0
0
0
0
0
0
0.419608
0.352941
0
0
0
0
0
0
0
0
0
0
0
0
0
0
0
0
0
0
0.47451
0.407843
0
0
0
0
0
0
0
0
0
0
0
0
0
0
0
0
0
0
0.301961
0.254902
0
0
0
0
0
0
0
