0
0
0
0
0
0
0
0
0
0
0
0
0
0
0
0
0
0
0
0
0
0
0
0
0
0
0
0
0
0
0
0
0
0
0
0
0
0
0
0
0
0
0
0
0
0
0
0
0
0
0
0
0
0
0
0
0
0
0
0
0
0
0
0
0
0
0
0
0
0
0
0
0
0
0
0
0
0
0
0
0
0
0
0
0
0
0
0
0.0666667
0.670588
0.752941
0.00392157
0
0
0
0
0
0
0
0
0
0
0
0
0
0
0
0
0.760784
0.411765
0.368627
0.811765
0.0588235
0
0
0
0
0
0
0
0
0
0
0
0
0
0
0.141176
0.760784
0
0.321569
1
0.262745
0
0
0
0
0
0
0
0
0
0
0
0
0
0
0.0117647
0.203922
0
0.305882
0.996078
0.333333
0
0
0
0
0
0
0
0
0
0
0
0
0
0
0.0627451
0.419608
0
0.0470588
0.921569
0.180392
0
0
0
0
0
0
0
0
0
0
0
0
0
0
0
0.360784
0.588235
0.698039
0.572549
0
0
0
0
0
0
0
0
0
0
0
0
0
0
0
0
0.00392157
0.243137
0.294118
0.00392157
0
0
0
0
0
0
0
0
0
0
0
0
0
0
0
0
0
0
0
0
0.364706
0
0
0
0
0
0
0
0
0
0
0
0
0
0
0
0
0
0
0
0.67451
0.235294
0
0
0
0
0
0
0
0
0
0
0
0
0
0
0
0
0
0
0.32549
0.568627
0
0
0
0
0
0
0
0
0
0
0
0
0
0
0
0
0
0
0.192157
0.658824
0
0
0
0
0
0
0
0
0
0
0
0
0
0
0
0
0
0
0.223529
0.486275
0
0
0
0
0
0
0
0
0
0
0
0
0
0.0431373
0.0588235
0
0.00784314
0.305882
0.823529
0.247059
0
0
0
0
0
0
0
0
0
0
0
0
0
0.356863
0.772549
0.803922
0.764706
0.666667
0.192157
0
0
0
0
0
0
0
0
0
0
0
0
0
0
0
0
0
0
0
0
0
0
0
0
0
0
0
0
0
0
0
0
0
0
0
0
0
0
0
0
0
0
0
0
0
0
0
