0
0
0
0
0
0
0
0
0
0
0
0
0
0
0
0
0
0
0
0
0
0
0
0
0
0
0
0
0
0
0
0
0
0
0
0
0
0
0
0
0
0
0
0
0
0
0
0
0
0
0
0
0
0
0
0
0
0
0
0
0
0
0
0
0
0
0
0
0
0
0
0
0
0
0
0
0
0
0
0
0
0
0
0
0
0
0
0
0
0
0
0
0
0
0
0
0
0
0
0
0
0
0
0
0
0
0
0
0
0.0313726
0.603922
0.188235
0.0666667
0
0
0
0
0
0
0
0
0
0
0
0
0
0
0
0
0.564706
0.560784
0.411765
0.870588
0.0941176
0
0
0
0
0
0
0
0
0
0
0
0
0
0
0.196078
0.772549
0.0117647
0.113725
0.964706
0.470588
0
0
0
0
0
0
0
0
0
0
0
0
0
0
0.713726
0.258824
0
0
0.596078
0.533333
0
0
0
0
0
0
0
0
0
0
0
0
0
0.180392
0.756863
0
0
0
0.478431
0.501961
0
0
0
0
0
0
0
0
0
0
0
0
0
0.411765
0.494118
0
0
0
0.494118
0.447059
0
0
0
0
0
0
0
0
0
0
0
0
0
0.145098
0.847059
0.262745
0.0352941
0.133333
0.952941
0.294118
0
0
0
0
0
0
0
0
0
0
0
0
0
0
0.176471
0.47451
0.623529
0.737255
0.952941
0.105882
0
0
0
0
0
0
0
0
0
0
0
0
0
0
0
0
0
0.388235
0.564706
0
0
0
0
0
0
0
0
0
0
0
0
0
0
0
0
0
0.0392157
0.552941
0.0705882
0
0
0
0
0
0
0
0
0
0
0
0
0
0
0
0
0
0.568627
0.364706
0
0
0
0
0
0
0
0
0
0
0
0
0
0
0
0
0
0.305882
0.764706
0.00784314
0
0
0
0
0
0
0
0
0
0
0
0
0
0
0
0
0.278431
0.780392
0.0941176
0
0
0
0
0
0
0
0
0
0
0
0
0
0
0
0
0.12549
0.862745
0.121569
0
0
0
0
0
0
0
0
0
0
0
0
0
0
0
0
0
0
0.0431373
0
0
0
0
0
0
0
0
0
0
0
