0
0
0
0
0
0
0
0
0
0
0
0
0
0
0
0
0
0
0
0
0
0
0
0
0
0
0
0
0
0
0
0
0
0
0
0
0
0
0
0
0
0
0
0
0
0
0
0
0
0
0
0
0
0
0
0
0
0
0
0
0
0
0
0
0
0
0
0
0
0
0
0
0
0
0
0
0
0
0
0
0
0
0
0
0
0
0
0
0
0.00784314
0.443137
0.623529
0.305882
0.054902
0
0
0
0
0
0
0
0
0
0
0
0
0
0
0.0627451
0.768627
0.576471
0.290196
0.12549
0.87451
0.407843
0
0
0
0
0
0
0
0
0
0
0
0
0
0.596078
0.447059
0
0
0
0.933333
0.545098
0
0
0
0
0
0
0
0
0
0
0
0
0.180392
0.780392
0.0117647
0
0
0
0.913725
0.52549
0
0
0
0
0
0
0
0
0
0
0
0
0.403922
0.498039
0
0
0
0
0.705882
0.509804
0
0
0
0
0
0
0
0
0
0
0
0
0.47451
0.435294
0
0
0
0
0.698039
0.360784
0
0
0
0
0
0
0
0
0
0
0
0
0.290196
0.627451
0
0
0
0.223529
0.941176
0.454902
0
0
0
0
0
0
0
0
0
0
0
0
0.0196078
0.772549
0.580392
0.372549
0.623529
0.266667
0.290196
0.737255
0
0
0
0
0
0
0
0
0
0
0
0
0
0.054902
0.376471
0.439216
0.0784314
0
0.0784314
0.627451
0
0
0
0
0
0
0
0
0
0
0
0
0
0
0
0
0
0
0.137255
0.737255
0
0
0
0
0
0
0
0
0
0
0
0
0
0
0
0
0
0
0.168627
0.733333
0
0
0
0
0
0
0
0
0
0
0
0
0
0
0
0
0
0
0.490196
0.309804
0
0
0
0
0
0
0
0
0
0
0
0
0
0
0
0
0
0.258824
0.623529
0.0117647
0
0
0
0
0
0
0
0
0
0
0
0
0
0
0
0.12549
0.529412
0.760784
0.00392157
0
0
0
0
0
0
0
0
0
0
0
0
0.764706
0.870588
0.694118
0.572549
0.741176
0.388235
0.0392157
0
0
0
0
0
0
0
0
0
0
0
0
0
0.0235294
0.0117647
0.00392157
0
0
0
0
0
0
0
0
0
0
0
