0
0
0
0
0
0
0
0
0
0
0
0
0
0
0
0
0
0
0
0
0
0
0
0
0
0
0
0
0
0
0
0
0
0
0
0
0
0
0
0
0
0
0
0
0
0
0
0
0
0
0
0
0
0
0
0
0
0
0
0
0
0
0
0
0
0
0
0
0
0
0
0
0
0
0
0
0
0
0
0
0
0
0
0
0
0
0
0
0
0
0.00392157
0.0196078
0
0
0
0
0
0
0
0
0
0
0
0
0
0
0
0
0.00784314
0.231373
0.819608
0.92549
0.47451
0.156863
0
0
0
0
0
0
0
0
0
0
0
0
0
0.0313726
0.568627
0.396078
0.345098
0.678431
0.470588
0.886275
0.227451
0
0
0
0
0
0
0
0
0
0
0
0
0.572549
0.301961
0
0.352941
0.568627
0
0.168627
0.839216
0
0
0
0
0
0
0
0
0
0
0
0.0784314
0.639216
0
0
0.129412
0.87451
0.0431373
0.0352941
0.909804
0
0
0
0
0
0
0
0
0
0
0
0.235294
0.568627
0
0
0
0.537255
0.556863
0.309804
0.509804
0
0
0
0
0
0
0
0
0
0
0
0.266667
0.603922
0
0
0
0.027451
0.792157
0.721569
0.156863
0
0
0
0
0
0
0
0
0
0
0
0.0901961
0.827451
0.0588235
0
0
0
0.435294
0.945098
0.101961
0
0
0
0
0
0
0
0
0
0
0
0
0.27451
0.780392
0.498039
0.454902
0.596078
0.658824
0.462745
0.631373
0
0
0
0
0
0
0
0
0
0
0
0
0
0.0313726
0.270588
0.388235
0.301961
0
0.00784314
0.913725
0
0
0
0
0
0
0
0
0
0
0
0
0
0
0
0
0
0
0
0.901961
0
0
0
0
0
0
0
0
0
0
0
0
0
0
0
0
0
0
0.286275
0.745098
0
0
0
0
0
0
0
0
0
0
0
0
0
0
0
0.00392157
0.113725
0.501961
0.807843
0.101961
0
0
0
0
0
0
0
0
0
0
0
0.121569
0.756863
0.745098
0.741176
0.843137
0.780392
0.427451
0.0313726
0
0
0
0
0
0
0
0
0
0
0
0
0.00392157
0.156863
0.145098
0.141176
0.0352941
0
0
0
0
0
0
0
0
0
0
0
0
0
0
0
0
0
0
0
0
0
0
0
0
0
0
0
0
0
