0
0
0
0
0
0
0
0
0
0
0
0
0
0
0
0
0
0
0
0
0
0
0
0
0
0
0
0
0
0
0
0
0
0
0
0
0
0
0
0
0
0
0
0
0
0
0
0
0
0
0
0
0
0
0
0
0
0
0
0
0
0
0
0
0
0
0
0
0
0
0
0
0
0
0
0
0
0
0
0
0
0
0
0
0
0
0
0
0
0
0.0627451
0.380392
0.494118
0.321569
0
0
0
0
0
0
0
0
0
0
0
0
0
0
0.2
0.686275
0.843137
0.572549
0.427451
0.360784
0.666667
0.513726
0
0
0
0
0
0
0
0
0
0
0
0.32549
0.796078
0.247059
0.00784314
0
0
0
0.552941
0.972549
0.258824
0
0
0
0
0
0
0
0
0
0.105882
0.803922
0.0941176
0
0
0
0
0
0.458824
0.913725
0.309804
0
0
0
0
0
0
0
0
0
0.52549
0.392157
0
0
0
0
0
0
0.376471
1
0.211765
0
0
0
0
0
0
0
0
0
0.631373
0.172549
0
0
0
0
0
0
0.356863
0.894118
0.00392157
0
0
0
0
0
0
0
0
0
0.678431
0.211765
0
0
0
0
0
0
0.623529
0.494118
0
0
0
0
0
0
0
0
0
0
0.639216
0.403922
0
0
0
0
0
0.27451
0.960784
0.0627451
0
0
0
0
0
0
0
0
0
0
0.12549
0.776471
0.541176
0.32549
0.278431
0.286275
0.490196
0.956863
0.666667
0
0
0
0
0
0
0
0
0
0
0
0
0.0431373
0.458824
0.596078
0.611765
0.607843
0.431373
0.811765
0.152941
0
0
0
0
0
0
0
0
0
0
0
0
0
0
0
0
0
0.356863
0.533333
0
0
0
0
0
0
0
0
0
0
0
0
0
0
0
0
0
0.211765
0.878431
0.109804
0
0
0
0
0
0
0
0
0
0
0
0
0
0
0
0
0.0627451
0.839216
0.176471
0
0
0
0
0
0
0
0
0
0
0
0
0
0
0
0
0.0901961
0.823529
0.313726
0
0
0
0
0
0
0
0
0
0
0
0
0
0
0
0
0.0627451
0.796078
0.368627
0
0
0
0
0
0
0
0
0
0
0
0
0
0
0
0
0.101961
0.788235
0.454902
0
0
0
0
0
0
0
0
0
0
