0
0
0
0
0
0
0
0
0
0
0
0
0
0
0
0
0
0
0
0
0
0
0
0
0
0
0
0
0
0
0
0
0
0
0
0
0
0
0
0
0
0
0
0
0
0
0
0
0
0
0
0
0
0
0
0
0
0
0
0
0
0
0
0
0
0
0
0.0705882
0.462745
0.72549
0.87451
0.870588
0.313726
0.0235294
0
0
0
0
0
0
0
0
0
0
0
0
0.219608
0.870588
0.447059
0.168627
0.0196078
0.0784314
0.952941
0.588235
0
0
0
0
0
0
0
0
0
0
0
0.101961
0.862745
0.168627
0
0
0
0
0.596078
0.956863
0.0705882
0
0
0
0
0
0
0
0
0
0
0.435294
0.32549
0
0
0
0
0
0.254902
1
0.211765
0
0
0
0
0
0
0
0
0
0
0.494118
0.054902
0
0
0
0
0
0.0352941
0.945098
0.196078
0
0
0
0
0
0
0
0
0
0.00392157
0.827451
0
0
0
0
0
0
0
0.819608
0.0980392
0
0
0
0
0
0
0
0
0
0.00392157
0.854902
0
0
0
0
0
0
0
0.898039
0.141176
0
0
0
0
0
0
0
0
0
0.0117647
0.843137
0
0
0
0
0
0
0.00392157
0.921569
0.054902
0
0
0
0
0
0
0
0
0
0.00392157
0.901961
0.0666667
0
0
0
0
0
0.333333
0.862745
0.0470588
0
0
0
0
0
0
0
0
0
0
0.439216
0.831373
0.133333
0
0
0
0.133333
0.776471
0.698039
0.0862745
0
0
0
0
0
0
0
0
0
0
0
0.333333
0.843137
0.654902
0.494118
0.494118
0.854902
0.243137
0.733333
0.133333
0
0
0
0
0
0
0
0
0
0
0
0
0.0117647
0.235294
0.313726
0.364706
0.105882
0
0.745098
0.145098
0
0
0
0
0
0
0
0
0
0
0
0
0
0
0
0
0
0
0.745098
0.145098
0
0
0
0
0
0
0
0
0
0
0
0
0
0
0
0
0
0
0.745098
0.145098
0
0
0
0
0
0
0
0
0
0
0
0
0
0
0
0
0
0
0.772549
0.156863
0
0
0
0
0
0
0
0
0
0
0
0
0
0
0
0
0
0
0.823529
0.0941176
0
0
0
0
0
0
0
0
0
0
0
0
0
0
0
0
0
0
0.827451
0.0941176
0
0
0
0
0
