0
0
0
0
0
0
0
0
0
0
0
0
0
0
0
0
0
0
0
0
0
0
0
0
0
0
0
0
0
0
0
0
0
0
0
0
0
0
0
0
0
0
0
0
0
0
0
0
0
0
0
0
0
0
0
0
0
0
0
0
0
0
0
0
0
0
0
0
0
0
0
0
0
0
0
0
0
0
0
0
0
0
0
0
0
0
0
0
0
0
0
0
0
0
0
0
0
0
0
0
0
0
0
0
0
0
0
0
0
0
0
0
0
0
0
0
0
0
0
0
0
0
0
0
0
0
0
0
0
0
0.00784314
0
0
0
0
0
0
0
0
0
0
0
0
0
0
0
0
0
0
0.686275
0.87451
0.705882
0.262745
0
0
0
0
0
0
0
0
0
0
0
0
0
0
0
0
0.898039
0.0431373
0.160784
0.662745
0.623529
0
0
0
0
0
0
0
0
0
0
0
0
0
0
0
0.478431
0.560784
0
0
0.898039
0.00784314
0
0
0
0
0
0
0
0
0
0
0
0
0
0
0.0117647
0.337255
0.368627
0.372549
0.752941
0
0
0
0
0
0
0
0
0
0
0
0
0
0
0
0.00392157
0.611765
0.478431
0.843137
0.0862745
0
0
0
0
0
0
0
0
0
0
0
0
0
0
0
0.360784
0.623529
0.0862745
0.670588
0.0901961
0
0
0
0
0
0
0
0
0
0
0
0
0
0
0
0.709804
0.211765
0
0.262745
0.639216
0
0
0
0
0
0
0
0
0
0
0
0
0
0
0
0.611765
0.6
0.360784
0.47451
0.8
0
0
0
0
0
0
0
0
0
0
0
0
0
0
0
0.0431373
0.380392
0.427451
0.407843
0.160784
0
0
0
0
0
0
0
0
0
0
0
0
0
0
0
0
0
0
0
0
0
0
0
0
0
0
0
0
0
0
0
0
0
0
0
0
0
0
0
0
0
0
0
0
0
0
0
0
0
0
0
0
0
0
0
0
0
0
0
0
0
0
0
0
0
0
0
0
0
0
0
0
0
0
0
0
0
0
0
0
0
0
0
0
0
0
