0
0
0
0
0
0
0
0
0
0
0
0
0
0
0
0
0
0
0
0
0
0
0
0
0
0
0
0
0
0
0
0
0
0
0
0
0
0
0
0
0
0
0
0
0
0
0
0
0
0
0
0
0
0
0
0
0
0
0
0
0
0
0
0
0
0
0
0
0
0.00392157
0
0
0
0
0
0
0
0
0
0
0
0
0
0
0
0
0
0.0784314
0.670588
0.776471
0.494118
0.462745
0.2
0.0117647
0
0
0
0
0
0
0
0
0
0
0
0
0
0.392157
0.564706
0.372549
0.435294
0.423529
0.760784
0.745098
0.0784314
0
0
0
0
0
0
0
0
0
0
0
0
0.192157
0.411765
0
0
0
0
0.490196
0.505882
0
0
0
0
0
0
0
0
0
0
0
0
0.00392157
0.8
0.333333
0
0
0
0.380392
0.52549
0
0
0
0
0
0
0
0
0
0
0
0
0
0.0862745
0.760784
0.411765
0
0.0117647
0.709804
0.32549
0
0
0
0
0
0
0
0
0
0
0
0
0
0
0.0588235
0.811765
0.301961
0.611765
0.498039
0.00392157
0
0
0
0
0
0
0
0
0
0
0
0
0
0
0
0.203922
0.976471
0.494118
0
0
0
0
0
0
0
0
0
0
0
0
0
0
0
0
0.0901961
0.752941
0.870588
0.388235
0
0
0
0
0
0
0
0
0
0
0
0
0
0
0
0.0431373
0.796078
0.372549
0.129412
0.811765
0.0117647
0
0
0
0
0
0
0
0
0
0
0
0
0
0.00392157
0.752941
0.32549
0
0
0.623529
0.427451
0
0
0
0
0
0
0
0
0
0
0
0
0
0.309804
0.623529
0
0
0
0.243137
0.686275
0
0
0
0
0
0
0
0
0
0
0
0
0
0.419608
0.501961
0
0
0
0.360784
0.607843
0
0
0
0
0
0
0
0
0
0
0
0
0
0.211765
0.788235
0.235294
0.223529
0.431373
0.866667
0.152941
0
0
0
0
0
0
0
0
0
0
0
0
0
0
0.47451
0.67451
0.678431
0.541176
0.0980392
0
0
0
0
0
0
0
0
0
0
0
0
0
0
0
0
0
0
0
0
0
0
0
0
0
0
0
0
0
0
0
0
0
0
0
0
0
0
0
0
0
0
0
0
0
0
0
