0
0
0
0
0
0
0
0
0
0
0
0
0
0
0
0
0
0
0
0
0
0
0
0
0
0
0
0
0
0
0
0
0
0
0
0
0
0
0
0
0
0
0
0
0
0
0
0
0
0
0
0
0
0
0
0
0
0
0
0
0
0
0
0
0
0
0
0
0
0
0
0
0
0
0
0
0
0
0
0
0
0
0
0
0
0
0
0
0
0
0
0
0
0
0
0
0
0
0
0
0
0
0
0
0
0
0
0
0
0
0
0
0
0
0
0
0
0
0
0
0
0
0
0
0
0
0
0
0
0.603922
0.909804
0.623529
0.00784314
0
0
0
0
0
0
0
0
0
0
0
0
0
0
0
0.101961
0.827451
0.027451
0.92549
0.0745098
0
0
0
0
0
0
0
0
0
0
0
0
0
0
0
0.0352941
0.670588
0
0.431373
0.0745098
0
0
0
0
0
0
0
0
0
0
0
0
0
0
0
0
0.67451
0.368627
0.2
0.854902
0
0
0
0
0
0
0
0
0
0
0
0
0
0
0
0
0.0784314
0.847059
0.878431
0.262745
0
0
0
0
0
0
0
0
0
0
0
0
0
0
0
0
0.113725
0.854902
0.835294
0.156863
0
0
0
0
0
0
0
0
0
0
0
0
0
0
0
0
0.627451
0.396078
0.278431
0.792157
0
0
0
0
0
0
0
0
0
0
0
0
0
0
0
0
0.690196
0.223529
0
0.878431
0.0784314
0
0
0
0
0
0
0
0
0
0
0
0
0
0
0
0.580392
0.505882
0.470588
0.831373
0.00784314
0
0
0
0
0
0
0
0
0
0
0
0
0
0
0
0.0862745
0.654902
0.572549
0.0901961
0
0
0
0
0
0
0
0
0
0
0
0
0
0
0
0
0
0
0
0
0
0
0
0
0
0
0
0
0
0
0
0
0
0
0
0
0
0
0
0
0
0
0
0
0
0
0
0
0
0
0
0
0
0
0
0
0
0
0
0
0
0
0
0
0
0
0
0
0
0
0
0
0
0
0
0
0
0
0
0
0
0
0
0
0
0
0
