0
0
0
0
0
0
0
0
0
0
0
0
0
0
0
0
0
0
0
0
0
0
0
0
0
0
0
0
0
0
0
0
0
0
0
0
0
0
0
0
0
0
0
0
0
0
0
0
0
0
0
0
0
0
0
0
0
0
0
0
0
0
0
0
0
0
0
0
0
0
0
0
0
0
0
0
0
0
0
0
0
0
0
0
0
0
0
0
0
0
0
0
0
0
0
0
0
0
0
0
0
0
0
0
0
0
0
0
0
0
0
0
0
0
0
0
0
0
0
0
0
0
0
0
0
0
0
0
0
0.247059
0.619608
0.611765
0.305882
0
0
0
0
0
0
0
0
0
0
0
0
0
0
0
0.160784
0.866667
0.305882
0.560784
0.988235
0.0235294
0
0
0
0
0
0
0
0
0
0
0
0
0
0
0.243137
0.67451
0
0.188235
0.956863
0.0117647
0
0
0
0
0
0
0
0
0
0
0
0
0
0
0.027451
0.823529
0.337255
0.490196
0.537255
0
0
0
0
0
0
0
0
0
0
0
0
0
0
0
0
0.105882
0.827451
0.878431
0.0705882
0
0
0
0
0
0
0
0
0
0
0
0
0
0
0
0
0.109804
0.827451
0.929412
0.121569
0
0
0
0
0
0
0
0
0
0
0
0
0
0
0
0.156863
0.862745
0.352941
0.509804
0.458824
0
0
0
0
0
0
0
0
0
0
0
0
0
0
0
0.803922
0.243137
0
0.266667
0.635294
0
0
0
0
0
0
0
0
0
0
0
0
0
0
0
0.921569
0.0470588
0
0.258824
0.686275
0
0
0
0
0
0
0
0
0
0
0
0
0
0
0
0.537255
0.690196
0.443137
0.803922
0.32549
0
0
0
0
0
0
0
0
0
0
0
0
0
0
0
0.0117647
0.352941
0.462745
0.266667
0
0
0
0
0
0
0
0
0
0
0
0
0
0
0
0
0
0
0
0
0
0
0
0
0
0
0
0
0
0
0
0
0
0
0
0
0
0
0
0
0
0
0
0
0
0
0
0
0
0
0
0
0
0
0
0
0
0
0
0
0
0
0
0
0
0
0
0
