0
0
0
0
0
0
0
0
0
0
0
0
0
0
0
0
0
0
0
0
0
0
0
0
0
0
0
0
0
0
0
0
0
0
0
0
0
0
0
0
0
0
0
0
0
0
0
0
0
0
0
0
0
0
0
0
0
0
0
0
0
0
0
0
0
0
0
0
0
0
0
0
0
0
0
0
0
0
0
0
0
0
0
0
0
0
0
0
0
0
0
0
0
0
0
0
0
0
0
0
0
0
0
0
0
0
0
0
0
0
0
0
0
0
0
0
0
0
0
0
0
0
0
0
0
0
0
0
0
0
0.219608
0.388235
0
0
0
0
0
0
0
0
0
0
0
0
0
0
0
0
0
0.188235
0.87451
0.2
0
0
0
0
0
0
0
0
0
0
0
0
0
0
0
0
0
0.745098
0.286275
0
0
0
0
0
0
0
0
0
0
0
0
0
0
0
0
0
0.0352941
0.862745
0
0
0
0
0
0
0
0
0
0
0
0
0
0
0
0
0
0
0.0862745
0.839216
0
0.00392157
0
0
0
0
0
0
0
0
0
0
0
0
0
0
0
0
0.00392157
0.733333
0.631373
0.603922
0.376471
0
0
0
0
0
0
0
0
0
0
0
0
0
0
0
0
0.0196078
0.27451
0.827451
0.392157
0
0
0
0
0
0
0
0
0
0
0
0
0
0
0
0
0
0
0.545098
0.356863
0
0
0
0
0
0
0
0
0
0
0
0
0
0
0
0
0
0
0.301961
0.454902
0
0
0
0
0
0
0
0
0
0
0
0
0
0
0
0
0
0
0
0
0
0
0
0
0
0
0
0
0
0
0
0
0
0
0
0
0
0
0
0
0
0
0
0
0
0
0
0
0
0
0
0
0
0
0
0
0
0
0
0
0
0
0
0
0
0
0
0
0
0
0
0
0
0
0
0
0
0
0
0
0
0
0
0
0
0
0
0
0
0
0
0
0
0
0
0
0
0
0
0
0
0
0
0
0
0
0
