0
0
0
0
0
0
0
0
0
0
0
0
0
0
0
0
0
0
0
0
0
0
0
0
0
0
0
0
0
0
0
0
0
0
0
0
0
0
0
0
0
0
0
0
0
0
0
0
0
0
0
0
0
0
0
0
0
0
0
0
0
0
0
0
0
0
0
0
0
0
0
0
0
0
0
0
0
0
0
0
0
0
0
0
0
0
0
0
0
0
0
0
0
0
0
0
0
0
0
0
0
0
0
0
0
0
0
0
0
0
0.0784314
0.219608
0
0
0
0
0
0
0
0
0
0
0
0
0
0
0
0
0
0
0.427451
0.521569
0
0
0
0
0
0
0
0
0
0
0
0
0
0
0
0
0
0
0.721569
0.192157
0
0
0
0
0
0
0
0
0
0
0
0
0
0
0
0
0
0.00392157
0.807843
0.0313726
0
0
0
0
0
0
0
0
0
0
0
0
0
0
0
0
0
0.337255
0.552941
0.176471
0
0
0
0
0
0
0
0
0
0
0
0
0
0
0
0
0
0.611765
0.392157
0.811765
0
0
0
0
0
0
0
0
0
0
0
0
0
0
0
0
0
0.607843
0.611765
0.835294
0.231373
0.254902
0
0
0
0
0
0
0
0
0
0
0
0
0
0
0
0.129412
0.509804
0.929412
0.596078
0.588235
0.00392157
0
0
0
0
0
0
0
0
0
0
0
0
0
0
0
0
0.686275
0.278431
0
0
0
0
0
0
0
0
0
0
0
0
0
0
0
0
0
0
0.490196
0.396078
0
0
0
0
0
0
0
0
0
0
0
0
0
0
0
0
0
0
0.00392157
0
0
0
0
0
0
0
0
0
0
0
0
0
0
0
0
0
0
0
0
0
0
0
0
0
0
0
0
0
0
0
0
0
0
0
0
0
0
0
0
0
0
0
0
0
0
0
0
0
0
0
0
0
0
0
0
0
0
0
0
0
0
0
0
0
0
0
0
0
0
0
0
0
0
0
0
0
0
0
0
0
0
0
0
0
0
0
0
