0
0
0
0
0
0
0
0
0
0
0
0
0
0
0
0
0
0
0
0
0
0
0
0
0
0
0
0
0
0
0
0
0
0
0
0
0
0
0
0
0
0
0
0
0
0
0
0
0
0
0
0
0
0
0
0
0
0
0
0
0
0
0
0
0
0
0
0
0
0
0
0
0
0
0
0
0
0
0
0
0
0
0
0
0
0
0
0
0
0
0.027451
0.411765
0.533333
0.027451
0
0
0
0
0
0
0
0
0
0
0
0
0
0
0
0.0941176
0.792157
0.596078
0.333333
0.00784314
0
0
0
0
0
0
0
0
0
0
0
0
0
0
0.00392157
0.729412
0.380392
0
0
0
0
0
0
0
0
0
0
0
0
0
0
0
0
0
0.321569
0.690196
0.00392157
0
0
0
0
0
0
0
0
0
0
0
0
0
0
0
0
0
0.509804
0.392157
0
0
0
0
0
0
0
0
0
0
0
0
0
0
0
0
0
0
0.607843
0.278431
0
0
0
0
0
0
0
0
0
0
0
0
0
0
0
0
0
0
0.611765
0.278431
0
0.501961
0.560784
0.341176
0
0
0
0
0
0
0
0
0
0
0
0
0
0
0.478431
0.466667
0
0.313726
0.588235
1
0.0705882
0
0
0
0
0
0
0
0
0
0
0
0
0
0.113725
0.862745
0.407843
0.0352941
0.0588235
0.996078
0.0941176
0
0
0
0
0
0
0
0
0
0
0
0
0
0
0.137255
0.588235
0.862745
0.878431
1
0.105882
0
0
0
0
0
0
0
0
0
0
0
0
0
0
0
0
0
0.0666667
0.764706
0.152941
0
0
0
0
0
0
0
0
0
0
0
0
0
0
0.121569
0.796078
0.827451
0.811765
0.956863
0.145098
0
0
0
0
0
0
0
0
0
0
0
0
0
0
0.00392157
0.133333
0.0941176
0.0784314
0.0862745
0
0
0
0
0
0
0
0
0
0
0
0
0
0
0
0
0
0
0
0
0
0
0
0
0
0
0
0
0
0
0
0
0
0
0
0
0
0
0
0
0
0
0
0
0
0
0
0
0
0
0
0
0
0
0
0
0
0
0
0
0
0
0
0
0
0
