0
0
0
0
0
0
0
0
0
0
0
0
0
0
0
0
0
0
0
0
0
0
0
0
0
0
0
0
0
0
0
0
0
0
0
0
0
0
0
0
0
0
0
0
0
0
0
0
0
0
0
0
0
0
0
0
0
0
0
0
0
0
0
0
0
0
0
0
0
0
0
0
0
0
0
0
0
0
0
0
0
0
0
0
0
0
0
0
0
0
0
0
0
0
0
0
0
0
0
0
0
0
0
0
0
0
0
0
0
0
0
0
0
0
0
0
0
0
0
0
0
0
0
0
0
0
0
0
0
0
0
0
0
0
0
0
0
0
0
0
0
0
0
0
0
0
0
0
0
0.12549
0.466667
0.192157
0.164706
0
0
0
0
0
0
0
0
0
0
0
0
0
0
0
0.0313726
0.603922
0.254902
0.254902
0.854902
0.121569
0
0
0
0
0
0
0
0
0
0
0
0
0
0
0.227451
0.321569
0
0
0.286275
0.662745
0
0
0
0
0
0
0
0
0
0
0
0
0
0
0.478431
0
0
0
0.0235294
0.870588
0
0
0
0
0
0
0
0
0
0
0
0
0
0.298039
0.435294
0
0
0
0.0392157
0.819608
0
0
0
0
0
0
0
0
0
0
0
0
0
0.545098
0.345098
0
0
0
0.454902
0.27451
0
0
0
0
0
0
0
0
0
0
0
0
0
0.4
0.662745
0.0745098
0.027451
0.4
0.592157
0
0
0
0
0
0
0
0
0
0
0
0
0
0
0.0196078
0.560784
0.839216
0.827451
0.533333
0.0313726
0
0
0
0
0
0
0
0
0
0
0
0
0
0
0
0
0
0
0
0
0
0
0
0
0
0
0
0
0
0
0
0
0
0
0
0
0
0
0
0
0
0
0
0
0
0
0
0
0
0
0
0
0
0
0
0
0
0
0
0
0
0
0
0
0
0
0
0
0
0
0
0
0
0
0
0
0
0
0
0
0
0
0
0
0
0
0
0
0
0
0
0
0
0
0
0
0
0
0
0
0
0
0
0
0
0
0
