0
0
0
0
0
0
0
0
0
0
0
0
0
0
0
0
0
0
0
0
0
0
0
0
0
0
0
0
0
0
0
0
0
0
0
0
0
0
0
0
0
0
0
0
0
0
0
0
0
0
0
0
0
0
0
0
0
0
0
0
0
0
0
0
0
0
0
0
0
0
0
0
0
0
0
0
0
0
0
0
0
0
0
0
0
0
0
0
0
0
0
0
0
0
0
0
0
0
0
0
0
0
0
0
0
0
0
0
0
0
0
0.564706
0.0431373
0
0
0
0
0
0
0
0
0
0
0
0
0
0
0
0
0
0.2
0.972549
0.435294
0
0
0
0
0
0
0
0
0
0
0
0
0
0
0
0
0
0.498039
0.407843
0.380392
0
0
0
0
0
0
0
0
0
0
0
0
0
0
0
0
0
0.576471
0.027451
0.47451
0.180392
0
0
0
0
0
0
0
0
0
0
0
0
0
0
0
0.239216
0.709804
0
0.0470588
0.321569
0
0
0
0
0
0
0
0
0
0
0
0
0
0
0
0.172549
0.301961
0.27451
0.305882
0.662745
0.0313726
0
0
0
0
0
0
0
0
0
0
0
0
0
0.145098
0.909804
0.854902
0.607843
0.607843
0.643137
0.235294
0
0
0
0
0
0
0
0
0
0
0
0
0
0.439216
0.498039
0.0313726
0
0
0.133333
0.231373
0
0
0
0
0
0
0
0
0
0
0
0
0.054902
0.827451
0.0862745
0
0
0
0
0.627451
0
0
0
0
0
0
0
0
0
0
0
0
0.356863
0.564706
0
0
0
0
0
0.458824
0.352941
0
0
0
0
0
0
0
0
0
0
0
0.105882
0.133333
0
0
0
0
0
0.109804
0.192157
0
0
0
0
0
0
0
0
0
0
0
0
0
0
0
0
0
0
0
0
0
0
0
0
0
0
0
0
0
0
0
0
0
0
0
0
0
0
0
0
0
0
0
0
0
0
0
0
0
0
0
0
0
0
0
0
0
0
0
0
0
0
0
0
0
0
0
0
0
0
0
0
0
0
0
0
0
0
0
0
0
0
0
0
