0
0
0
0
0
0
0
0
0
0
0
0
0
0
0
0
0
0
0
0
0
0
0
0
0
0
0
0
0
0
0
0
0
0
0
0
0
0
0
0
0
0
0
0
0
0
0
0
0
0
0
0
0
0
0
0
0
0
0
0
0
0
0
0
0
0
0
0
0
0
0
0
0
0
0
0
0
0
0
0
0
0
0
0
0
0
0
0
0
0
0
0
0
0
0
0
0
0
0
0
0
0
0
0
0
0
0
0
0
0
0
0.105882
0.192157
0
0
0
0
0
0
0
0
0
0
0
0
0
0
0
0
0.0235294
0.631373
0.941176
0.87451
0.521569
0.0705882
0
0
0
0
0
0
0
0
0
0
0
0
0
0
0.0313726
0.403922
0.027451
0.0470588
0.466667
0.792157
0.00392157
0
0
0
0
0
0
0
0
0
0
0
0
0.498039
0.913725
0.537255
0
0
0
0.745098
0.180392
0
0
0
0
0
0
0
0
0
0
0
0.313726
0.768627
0.0392157
0
0
0
0
0.611765
0.278431
0
0
0
0
0
0
0
0
0
0
0
0.772549
0.168627
0
0
0
0
0
0.6
0.266667
0
0
0
0
0
0
0
0
0
0
0
0.811765
0.0784314
0
0
0
0
0
0.635294
0.266667
0
0
0
0
0
0
0
0
0
0
0
0.803922
0.0941176
0
0
0
0
0.0627451
0.870588
0.0862745
0
0
0
0
0
0
0
0
0
0
0
0.52549
0.509804
0
0
0
0.0862745
0.729412
0.427451
0
0
0
0
0
0
0
0
0
0
0
0
0.0627451
0.733333
0.658824
0.478431
0.572549
0.870588
0.368627
0
0
0
0
0
0
0
0
0
0
0
0
0
0
0.0117647
0.278431
0.411765
0.345098
0.0627451
0
0
0
0
0
0
0
0
0
0
0
0
0
0
0
0
0
0
0
0
0
0
0
0
0
0
0
0
0
0
0
0
0
0
0
0
0
0
0
0
0
0
0
0
0
0
0
0
0
0
0
0
0
0
0
0
0
0
0
0
0
0
0
0
0
0
0
0
0
0
0
0
0
0
0
0
0
0
0
0
0
0
0
0
0
0
0
