0
0
0
0
0
0
0
0
0
0
0
0
0
0
0
0
0
0
0
0
0
0
0
0
0
0
0
0
0
0
0
0
0
0
0
0
0
0
0
0
0
0
0
0
0
0
0
0
0
0
0
0
0
0
0
0
0
0
0
0
0
0
0
0
0
0
0
0
0
0
0
0
0
0
0
0
0
0
0
0
0
0
0
0
0
0
0
0
0
0
0
0
0
0
0
0
0
0
0
0
0
0
0
0
0
0
0
0
0.0352941
0
0
0
0
0
0
0
0
0
0
0
0
0
0
0
0
0
0
0.105882
0.937255
0.764706
0.733333
0.631373
0.513726
0.0784314
0
0
0
0
0
0
0
0
0
0
0
0
0
0.376471
0.772549
0.164706
0.180392
0.290196
0.486275
0.831373
0.105882
0
0
0
0
0
0
0
0
0
0
0
0
0.423529
0.490196
0
0
0
0
0.333333
0.792157
0.00784314
0
0
0
0
0
0
0
0
0
0
0
0.423529
0.490196
0
0
0
0
0
0.780392
0.133333
0
0
0
0
0
0
0
0
0
0
0
0.403922
0.521569
0
0
0
0
0
0.756863
0.156863
0
0
0
0
0
0
0
0
0
0
0
0.290196
0.647059
0
0
0
0
0
0.745098
0.109804
0
0
0
0
0
0
0
0
0
0
0
0.0784314
0.909804
0.0392157
0
0
0
0.0352941
0.878431
0.0235294
0
0
0
0
0
0
0
0
0
0
0
0
0.545098
0.647059
0.0901961
0
0.00392157
0.639216
0.423529
0
0
0
0
0
0
0
0
0
0
0
0
0
0.0117647
0.501961
0.870588
0.760784
0.854902
0.588235
0
0
0
0
0
0
0
0
0
0
0
0
0
0
0
0
0.00392157
0.12549
0.0901961
0
0
0
0
0
0
0
0
0
0
0
0
0
0
0
0
0
0
0
0
0
0
0
0
0
0
0
0
0
0
0
0
0
0
0
0
0
0
0
0
0
0
0
0
0
0
0
0
0
0
0
0
0
0
0
0
0
0
0
0
0
0
0
0
0
0
0
0
0
0
0
0
0
0
0
0
0
0
0
0
0
0
0
0
0
0
0
