0
0
0
0
0
0
0
0
0
0
0
0
0
0
0
0
0
0
0
0
0
0
0
0
0
0
0
0
0
0
0
0
0
0
0
0
0
0
0
0
0
0
0
0
0
0
0
0
0
0
0
0
0
0
0
0
0
0
0
0
0
0
0
0
0
0
0
0
0
0
0
0
0
0
0
0
0
0
0
0
0
0
0
0
0
0
0
0
0
0
0
0
0
0
0
0
0
0
0
0
0
0
0
0
0
0
0
0
0
0
0
0
0
0
0
0
0
0
0
0
0
0
0
0
0
0
0
0
0
0
0
0
0
0
0
0
0
0
0
0
0
0
0
0
0
0
0
0
0
0
0
0
0
0
0
0
0
0.141176
0
0
0
0
0
0
0
0
0
0
0
0
0
0
0
0
0
0
0.172549
0.976471
0.247059
0
0
0
0
0
0
0.137255
0.670588
0.0431373
0
0
0
0
0
0
0
0.172549
0.835294
0.537255
0.733333
0.00392157
0
0
0
0
0.27451
0.886275
0.662745
0.745098
0.0588235
0
0
0
0
0
0.337255
0.776471
0.211765
0
0.643137
0.392157
0
0
0.0196078
0.588235
0.803922
0.156863
0
0.454902
0.760784
0.0941176
0
0
0.196078
0.8
0.701961
0.109804
0
0
0.0705882
0.8
0
0.0588235
0.772549
0.568627
0.0117647
0
0
0
0.380392
0.866667
0.529412
0.8
0.556863
0.12549
0
0
0
0
0
0
0
0.0431373
0.376471
0
0
0
0
0
0
0.172549
0.490196
0.137255
0
0
0
0
0
0
0
0
0
0
0
0
0
0
0
0
0
0
0
0
0
0
0
0
0
0
0
0
0
0
0
0
0
0
0
0
0
0
0
0
0
0
0
0
0
0
0
0
0
0
0
0
0
0
0
0
0
0
0
0
0
0
0
0
0
0
0
0
0
0
0
0
0
0
0
0
0
0
0
0
0
0
0
0
0
0
0
0
0
0
0
0
0
0
0
0
0
0
0
0
0
0
0
0
0
0
0
0
0
0
0
0
0
0
0
0
0
0
0
0
0
0
0
0
0
0
0
0
