0
0
0
0
0
0
0
0
0
0
0
0
0
0
0
0
0
0
0
0
0
0
0
0
0
0
0
0
0
0
0
0
0
0
0
0
0
0
0
0
0
0
0
0
0
0
0
0
0
0
0
0
0
0
0
0
0
0
0
0
0
0
0
0
0
0
0
0
0
0
0
0
0
0
0
0
0
0
0
0
0
0
0
0
0
0
0
0
0
0
0
0
0
0
0
0
0
0
0
0
0
0
0
0
0
0
0
0
0
0
0
0
0
0
0
0
0
0
0
0
0
0
0
0
0
0
0
0
0
0
0
0
0
0
0.643137
0.533333
0
0
0
0
0
0
0
0
0
0
0
0
0
0
0
0
0
0.2
0.811765
0.741176
0.458824
0
0
0
0
0
0
0
0
0
0
0.223529
0.0431373
0
0
0
0
0.694118
0.27451
0.0431373
0.745098
0.431373
0
0
0
0
0
0
0
0
0.301961
0.913725
0.737255
0.0117647
0
0
0.266667
0.709804
0
0
0.027451
0.721569
0.501961
0.00392157
0
0
0
0
0
0.227451
0.839216
0.156863
0.52549
0.72549
0.0392157
0.176471
0.870588
0.129412
0
0
0
0.0352941
0.729412
0.419608
0
0
0
0
0.176471
0.831373
0.152941
0
0
0.435294
0.752941
0.847059
0.235294
0
0
0
0
0
0.054902
0.0705882
0
0
0
0.27451
0.658824
0.121569
0
0
0
0
0.337255
0.870588
0.172549
0
0
0
0
0
0
0
0
0
0.32549
0.870588
0.133333
0
0
0
0
0
0
0.219608
0.87451
0.243137
0
0
0
0
0
0
0
0
0.219608
0.137255
0
0
0
0
0
0
0
0
0.109804
0.054902
0
0
0
0
0
0
0
0
0
0
0
0
0
0
0
0
0
0
0
0
0
0
0
0
0
0
0
0
0
0
0
0
0
0
0
0
0
0
0
0
0
0
0
0
0
0
0
0
0
0
0
0
0
0
0
0
0
0
0
0
0
0
0
0
0
0
0
0
0
0
0
0
0
0
0
0
0
0
0
0
0
0
0
0
0
0
0
0
0
0
0
0
0
0
0
0
0
0
0
0
0
0
0
0
0
0
