0
0
0
0
0
0
0
0
0
0
0
0
0
0
0
0
0
0
0
0
0
0
0
0
0
0
0
0
0
0
0
0
0
0
0
0
0
0
0
0
0
0
0
0
0
0
0
0
0
0
0
0
0
0
0
0
0
0
0
0
0
0
0
0
0
0
0
0
0
0
0
0
0
0
0
0
0
0
0
0
0
0
0
0
0
0
0
0
0
0
0
0
0
0
0
0
0
0
0
0
0
0
0
0
0
0
0
0
0
0
0
0
0
0
0
0
0
0
0
0
0
0
0
0
0
0.00784314
0
0
0
0
0
0
0
0
0
0
0
0
0
0
0
0
0
0.164706
0.788235
0.529412
0
0
0
0
0
0
0
0
0.0784314
0.262745
0
0
0
0
0
0
0.486275
0.831373
0.27451
0.631373
0
0
0
0
0
0
0
0.0352941
0.752941
0.905882
0.121569
0
0
0
0
0
0.501961
0.054902
0
0.788235
0.176471
0
0
0.180392
0.8
0.0470588
0
0.588235
0.552941
0.105882
0.639216
0.027451
0
0
0
0
0
0
0
0.313726
0.529412
0
0.254902
0.886275
0.764706
0.352941
0.294118
0.811765
0.027451
0
0.243137
0.709804
0.00392157
0
0
0
0
0
0
0
0.556863
0.807843
0.603922
0.121569
0.372549
0.631373
0.823529
0.141176
0
0
0
0.639216
0.431373
0
0
0
0
0
0
0
0.329412
0.737255
0
0
0.0705882
0.937255
0.411765
0
0
0
0
0.0352941
0.776471
0.462745
0
0
0
0
0
0
0
0.623529
0.376471
0
0
0.427451
0.666667
0
0
0
0
0
0.027451
0.0980392
0
0
0
0
0
0
0
0.0784314
0.901961
0.0431373
0
0.00392157
0.329412
0
0
0
0
0
0
0
0
0
0
0
0
0
0
0
0.0745098
0
0
0
0
0
0
0
0
0
0
0
0
0
0
0
0
0
0
0
0
0
0
0
0
0
0
0
0
0
0
0
0
0
0
0
0
0
0
0
0
0
0
0
0
0
0
0
0
0
0
0
0
0
0
0
0
0
0
0
0
0
0
0
0
0
0
0
0
0
0
0
0
0
0
0
0
0
0
0
0
0
0
0
0
0
0
0
0
0
0
0
