0
0
0
0
0
0
0
0
0
0
0
0
0
0
0
0
0
0
0
0
0
0
0
0
0
0
0
0
0
0
0
0
0
0
0
0
0
0
0
0
0
0
0
0
0
0
0
0
0
0
0
0
0
0
0
0
0
0
0
0
0
0
0
0
0
0
0
0
0
0
0
0
0
0
0
0
0
0
0
0
0
0
0
0
0
0
0
0
0
0
0
0
0
0
0
0
0
0
0
0
0
0
0
0
0
0
0
0
0
0
0
0
0
0
0
0
0
0
0
0
0
0
0
0
0
0
0.00784314
0.611765
0.145098
0
0
0
0
0
0
0
0
0
0
0
0
0
0
0
0
0
0.443137
0.921569
0.466667
0
0
0
0
0
0.203922
0.52549
0
0
0
0
0
0
0
0
0
0.352941
0.819608
0.203922
0.807843
0.00392157
0
0
0
0.00392157
0.776471
0.623529
0.243137
0
0
0
0
0
0
0
0.313726
0.976471
0.227451
0.168627
0.698039
0.294118
0
0
0
0.447059
0.466667
0.0705882
0.431373
0.0431373
0
0
0
0
0
0.270588
0.819608
0.847059
0.905882
0.760784
0.552941
0.662745
0
0.00392157
0.529412
0.701961
0.227451
0.470588
0.623529
0.431373
0
0
0
0
0.207843
0.792157
0.105882
0.0627451
0.0784314
0
0
0.705882
0.2
0.462745
0.658824
0.721569
0.745098
0.654902
0.129412
0.690196
0.0784314
0
0
0.176471
0.823529
0.133333
0
0
0
0
0
0.376471
0.772549
0.768627
0.0431373
0
0
0
0
0.329412
0.737255
0.00784314
0
0.266667
0.243137
0
0
0
0
0
0
0.0588235
0.839216
0.121569
0
0
0
0
0
0.00784314
0.509804
0.027451
0
0
0
0
0
0
0
0
0
0
0
0
0
0
0
0
0
0
0
0
0
0
0
0
0
0
0
0
0
0
0
0
0
0
0
0
0
0
0
0
0
0
0
0
0
0
0
0
0
0
0
0
0
0
0
0
0
0
0
0
0
0
0
0
0
0
0
0
0
0
0
0
0
0
0
0
0
0
0
0
0
0
0
0
0
0
0
0
0
0
0
0
0
0
0
0
0
0
0
0
0
0
0
0
0
0
0
0
0
0
0
0
0
0
0
0
0
0
0
0
