0
0
0
0
0
0
0
0
0
0
0
0
0
0
0
0
0
0
0
0
0
0
0
0
0
0
0
0
0
0
0
0
0
0
0
0
0
0
0
0
0
0
0
0
0
0
0
0
0
0
0
0
0
0
0
0
0
0
0
0
0
0
0
0
0
0
0
0
0
0
0
0
0
0
0
0
0
0
0
0
0
0
0
0
0
0
0
0
0
0
0
0
0
0
0
0
0
0
0
0
0
0
0
0
0
0
0
0
0
0
0
0
0
0
0
0
0
0
0
0
0
0
0
0
0
0
0
0
0
0
0
0
0
0
0
0
0
0
0
0
0
0
0
0
0
0
0
0
0
0
0
0
0
0
0
0
0
0
0
0.141176
0
0
0
0
0
0
0.00784314
0
0
0
0
0
0
0
0
0
0
0
0.137255
0.843137
0
0
0
0
0
0.403922
0.937255
0.145098
0
0
0
0
0.380392
0.0941176
0
0
0
0.152941
0.839216
0.262745
0
0
0
0
0.305882
0.858824
0.396078
0.768627
0.00784314
0
0
0.545098
0.792157
0.811765
0.109804
0
0.0431373
0.823529
0.258824
0
0
0
0
0.301961
0.737255
0.121569
0
0.623529
0.6
0.0235294
0.572549
0.647059
0.0196078
0.262745
0.835294
0.392157
0.752941
0.462745
0
0
0
0
0.654902
0.713726
0.0941176
0
0
0.0235294
0.713726
0.92549
0.6
0.027451
0
0
0.211765
0.564706
0.388235
0
0
0
0
0
0.427451
0.00392157
0
0
0
0
0.0117647
0.0470588
0
0
0
0
0
0
0
0
0
0
0
0
0
0
0
0
0
0
0
0
0
0
0
0
0
0
0
0
0
0
0
0
0
0
0
0
0
0
0
0
0
0
0
0
0
0
0
0
0
0
0
0
0
0
0
0
0
0
0
0
0
0
0
0
0
0
0
0
0
0
0
0
0
0
0
0
0
0
0
0
0
0
0
0
0
0
0
0
0
0
0
0
0
0
0
0
0
0
0
0
0
0
0
0
0
0
0
0
0
0
0
0
0
0
0
0
0
0
0
0
0
0
0
0
0
0
0
0
0
0
