0
0
0
0
0
0
0
0
0
0
0
0
0
0
0
0
0
0
0
0
0
0
0
0
0
0
0
0
0
0
0
0
0
0
0
0
0
0
0
0
0
0
0
0
0
0
0
0
0
0
0
0
0
0
0
0
0
0
0
0
0
0
0
0
0
0
0
0
0
0
0
0
0
0
0
0
0
0
0
0
0
0
0
0
0
0
0
0
0
0
0
0
0
0
0
0
0
0
0
0
0
0
0
0
0
0
0
0
0
0
0
0
0
0
0
0
0
0
0
0
0
0
0
0
0
0
0
0
0.101961
0.396078
0.372549
0.0431373
0
0
0
0
0
0
0
0
0
0
0
0
0
0
0
0
0.341176
0.654902
0.631373
0.603922
0
0
0
0
0
0
0
0
0
0
0
0
0
0
0
0
0
0
0.419608
0.560784
0
0
0
0
0
0
0
0
0
0
0
0
0
0
0
0
0
0
0.807843
0.141176
0
0
0
0
0
0
0
0
0
0
0
0
0
0
0
0
0
0.0117647
0.921569
0.0117647
0
0
0
0
0
0
0
0
0
0
0
0
0
0
0
0
0
0
0.52549
0.678431
0.0392157
0
0
0
0
0
0
0
0
0
0
0
0
0
0
0
0
0
0
0.47451
0.631373
0
0
0
0
0
0
0
0
0
0
0
0
0
0
0
0
0
0.00392157
0.211765
0.894118
0
0
0
0
0
0
0
0
0
0
0
0
0
0
0
0.301961
0.866667
0.890196
0.768627
0.231373
0
0
0
0
0
0
0
0
0
0
0
0
0
0
0
0.101961
0.0901961
0
0
0
0
0
0
0
0
0
0
0
0
0
0
0
0
0
0
0
0
0
0
0
0
0
0
0
0
0
0
0
0
0
0
0
0
0
0
0
0
0
0
0
0
0
0
0
0
0
0
0
0
0
0
0
0
0
0
0
0
0
0
0
0
0
0
0
0
0
0
0
0
0
0
0
0
0
0
0
0
0
0
0
0
0
0
0
0
0
0
