0
0
0
0
0
0
0
0
0
0
0
0
0
0
0
0
0
0
0
0
0
0
0
0
0
0
0
0
0
0
0
0
0
0
0
0
0
0
0
0
0
0
0
0
0
0
0
0
0
0
0
0
0
0
0
0
0
0
0
0
0
0
0
0
0
0
0
0
0
0
0
0
0
0
0
0
0
0
0
0
0
0
0
0
0
0
0
0
0
0
0
0
0
0
0
0
0
0
0
0
0
0
0
0
0
0
0.133333
0.192157
0.180392
0.152941
0.145098
0.00784314
0.133333
0.129412
0
0
0
0
0
0
0
0
0
0
0
0
0.478431
0.658824
0.647059
0.619608
0.611765
0.141176
0.67451
0.988235
0.054902
0
0
0
0
0
0
0
0
0
0
0
0
0
0
0
0
0.305882
0.866667
0.388235
0
0
0
0
0
0
0
0
0
0
0
0
0
0
0
0
0.470588
0.776471
0.121569
0
0
0
0
0
0
0
0
0
0
0
0
0
0
0
0
0.196078
0.827451
0.027451
0
0
0
0
0
0
0
0
0
0
0
0
0
0
0
0
0
0.141176
0.796078
0
0
0
0
0
0
0
0
0
0
0
0
0
0
0
0
0
0
0
0.643137
0.258824
0
0
0
0
0
0
0
0
0
0
0
0
0
0
0
0
0
0
0.133333
0.752941
0
0
0
0
0
0
0
0
0
0
0
0
0
0
0
0
0
0
0
0.505882
0.396078
0
0
0
0
0
0
0
0
0
0
0
0
0
0
0
0
0
0
0.196078
0.713726
0
0
0
0
0
0
0
0
0
0
0
0
0
0
0
0
0
0
0.352941
0.67451
0
0
0
0
0
0
0
0
0
0
0
0
0
0
0
0
0.0352941
0.564706
0.792157
0.121569
0
0
0
0
0
0
0
0
0
0
0
0
0
0
0.0745098
0.827451
0.901961
0.501961
0.0117647
0
0
0
0
0
0
0
0
0
0
0
0
0
0
0
0
0.0941176
0.0352941
0
0
0
0
0
0
0
0
0
0
0
0
0
0
0
0
0
0
0
0
0
0
0
0
0
0
0
0
0
0
