0
0
0
0
0
0
0
0
0
0
0
0
0
0
0
0
0
0
0
0
0
0
0
0
0
0
0
0
0
0
0
0
0
0
0
0
0
0
0
0
0
0
0
0
0
0
0
0
0
0
0
0
0
0
0
0
0
0
0
0
0
0
0
0
0
0
0
0
0
0
0
0
0
0
0
0
0
0
0
0
0
0
0
0
0
0
0
0
0
0
0
0
0
0
0
0
0
0
0
0
0
0
0
0
0
0
0
0
0.0627451
0.305882
0.403922
0.341176
0.180392
0
0
0
0
0
0
0
0
0
0
0
0
0
0
0.247059
0.886275
0.411765
0.337255
0.286275
0.552941
0.564706
0
0
0
0
0
0
0
0
0
0
0
0
0
0.0627451
0.121569
0
0
0
0
0.898039
0.0117647
0
0
0
0
0
0
0
0
0
0
0
0
0
0
0
0
0
0.286275
0.764706
0
0
0
0
0
0
0
0
0
0
0
0
0
0
0
0
0
0.309804
0.827451
0.101961
0
0
0
0
0
0
0
0
0
0
0
0
0
0
0
0
0.254902
0.843137
0.101961
0
0
0
0
0
0
0
0
0
0
0
0
0
0
0
0
0
0.611765
0.313726
0
0
0
0
0
0
0
0
0
0
0
0
0
0
0
0
0
0
0.352941
0.631373
0
0
0
0
0
0
0
0
0
0
0
0
0
0
0
0
0
0
0.00392157
0.658824
0.333333
0
0
0
0
0
0
0
0
0
0
0
0
0
0
0
0
0
0
0.0627451
0.654902
0.00392157
0
0
0
0
0
0
0
0
0
0
0
0
0
0.305882
0.603922
0.545098
0.521569
0.623529
0.796078
0.00392157
0
0
0
0
0
0
0
0
0
0
0
0
0
0.12549
0.294118
0.345098
0.321569
0.196078
0.027451
0
0
0
0
0
0
0
0
0
0
0
0
0
0
0
0
0
0
0
0
0
0
0
0
0
0
0
0
0
0
0
0
0
0
0
0
0
0
0
0
0
0
0
0
0
0
0
0
0
0
0
0
0
0
0
0
0
0
0
0
0
0
0
0
0
0
0
