0
0
0
0
0
0
0
0
0
0
0
0
0
0
0
0
0
0
0
0
0
0
0
0
0
0
0
0
0
0
0
0
0
0
0
0
0
0
0
0
0
0
0
0
0
0
0
0
0
0
0
0
0
0
0
0
0
0
0
0
0
0
0
0
0
0
0
0
0
0
0
0
0
0
0
0
0
0
0
0
0
0
0
0
0
0
0
0
0
0
0
0
0
0
0
0
0
0
0
0
0
0
0
0
0
0
0
0
0
0
0
0.0627451
0.388235
0.309804
0
0
0
0
0
0
0
0
0
0
0
0
0
0
0
0.0392157
0.439216
0.596078
0.823529
0.486275
0
0
0
0
0
0
0
0
0
0
0
0
0
0
0.0901961
0.713726
0.368627
0.160784
0.643137
0.0627451
0
0
0
0
0
0
0
0
0
0
0
0
0
0.207843
0.854902
0.329412
0.235294
0.701961
0.0705882
0
0
0
0
0
0
0
0
0
0
0
0
0
0
0.733333
0.235294
0.172549
0.870588
0.160784
0
0
0
0
0
0
0
0
0
0
0
0
0
0
0
0.00392157
0
0.611765
0.623529
0
0
0
0
0
0
0
0
0
0
0
0
0
0
0
0
0
0
0.0901961
0.376471
0.705882
0.607843
0.0235294
0
0
0
0
0
0
0
0
0
0
0
0
0
0
0
0
0
0.0117647
0.678431
0.298039
0
0
0
0
0
0
0
0
0
0
0
0
0
0
0
0
0
0
0.478431
0.411765
0
0
0
0
0
0
0
0
0
0
0
0
0
0
0
0
0
0.00392157
0.752941
0.0862745
0
0
0
0
0
0
0
0
0
0
0
0
0
0
0
0
0.137255
0.678431
0.478431
0
0
0
0
0
0
0
0
0
0
0
0
0
0
0
0.0588235
0.662745
0.87451
0.301961
0
0
0
0
0
0
0
0
0
0
0
0
0
0
0
0
0.0313726
0.32549
0.0313726
0
0
0
0
0
0
0
0
0
0
0
0
0
0
0
0
0
0
0
0
0
0
0
0
0
0
0
0
0
0
0
0
0
0
0
0
0
0
0
0
0
0
0
0
0
0
0
0
0
