0
0
0
0
0
0
0
0
0
0
0
0
0
0
0
0
0
0
0
0
0
0
0
0
0
0
0
0
0
0
0
0
0
0
0
0
0
0
0
0
0
0
0
0
0
0
0
0
0
0
0
0
0
0
0
0
0
0
0
0
0
0
0
0
0
0
0
0
0
0
0
0
0
0
0
0
0
0
0
0
0
0
0
0
0
0
0
0
0
0
0
0
0
0
0
0
0
0
0
0
0
0
0
0
0
0
0
0
0
0
0
0
0
0
0
0
0
0
0
0
0
0
0
0
0
0
0
0
0
0.0352941
0.0352941
0.0117647
0.054902
0.0392157
0.0313726
0
0
0
0
0
0
0
0
0
0
0
0.0392157
0.698039
0.631373
0.654902
0.592157
0.321569
0.752941
0.752941
0.870588
0
0
0
0
0
0
0
0
0
0
0
0.0117647
0.286275
0
0
0
0.12549
0.556863
0.878431
0.388235
0
0
0
0
0
0
0
0
0
0
0
0
0
0
0.00784314
0.568627
0.792157
0.396078
0.00784314
0
0
0
0
0
0
0
0
0
0
0
0
0
0
0
0.290196
0.803922
0.0117647
0
0
0
0
0
0
0
0
0
0
0
0
0
0
0
0
0
0.0431373
0.670588
0.509804
0
0
0
0
0
0
0
0
0
0
0
0
0
0
0
0
0
0
0
0.713726
0.352941
0
0
0
0
0
0
0
0
0
0
0
0
0
0
0
0
0
0
0.0627451
0.627451
0.0313726
0
0
0
0
0
0
0
0
0
0
0
0
0
0
0
0
0
0.0627451
0.854902
0.0666667
0
0
0
0
0
0
0
0
0
0
0
0
0
0
0.00392157
0.72549
0.796078
0.87451
0.545098
0
0
0
0
0
0
0
0
0
0
0
0
0
0
0
0
0.133333
0.0980392
0.0313726
0
0
0
0
0
0
0
0
0
0
0
0
0
0
0
0
0
0
0
0
0
0
0
0
0
0
0
0
0
0
0
0
0
0
0
0
0
0
0
0
0
0
0
0
0
0
0
0
0
0
0
0
0
0
0
0
0
0
0
0
0
0
0
0
0
0
0
0
