0
0
0
0
0
0
0
0
0
0
0
0
0
0
0
0
0
0
0
0
0
0
0
0
0
0
0
0
0
0
0
0
0
0
0
0
0
0
0
0
0
0
0
0
0
0
0
0
0
0
0
0
0
0
0
0
0
0
0
0
0
0
0
0
0
0
0
0
0
0
0
0
0
0
0
0
0
0
0
0
0
0
0
0
0
0
0
0
0
0
0
0
0
0
0
0
0
0
0
0
0
0
0
0
0
0
0
0
0
0
0
0
0
0
0
0
0
0
0
0
0
0
0
0
0
0
0
0
0.223529
0.505882
0.537255
0.545098
0.298039
0
0
0
0
0
0
0
0
0
0
0
0
0
0
0
0.658824
0.376471
0.337255
0.435294
0.745098
0
0
0
0
0
0
0
0
0
0
0
0
0
0
0
0
0
0.00392157
0.545098
0.462745
0
0
0
0
0
0
0
0
0
0
0
0
0
0
0
0
0
0.498039
0.741176
0.0235294
0
0
0
0
0
0
0
0
0
0
0
0
0
0
0
0
0.0431373
0.886275
0.0313726
0
0
0
0
0
0
0
0
0
0
0
0
0
0
0
0
0
0.0392157
0.862745
0.0705882
0
0
0
0
0
0
0
0
0
0
0
0
0
0
0
0
0
0
0.160784
0.823529
0.0588235
0
0
0
0
0
0
0
0
0
0
0
0
0
0
0
0
0
0
0.435294
0.52549
0
0
0
0
0
0
0
0
0
0
0
0
0
0
0
0
0.219608
0.760784
0.847059
0.447059
0
0
0
0
0
0
0
0
0
0
0
0
0
0
0
0
0.0235294
0.160784
0.0980392
0
0
0
0
0
0
0
0
0
0
0
0
0
0
0
0
0
0
0
0
0
0
0
0
0
0
0
0
0
0
0
0
0
0
0
0
0
0
0
0
0
0
0
0
0
0
0
0
0
0
0
0
0
0
0
0
0
0
0
0
0
0
0
0
0
0
0
0
0
0
0
0
0
0
0
0
0
0
0
0
0
0
0
0
0
0
0
0
