0
0
0
0
0
0
0
0
0
0
0
0
0
0
0
0
0
0
0
0
0
0
0
0
0
0
0
0
0
0
0
0
0
0
0
0
0
0
0
0
0
0
0
0
0
0
0
0
0
0
0
0
0
0
0
0
0
0
0
0
0
0
0
0
0
0
0
0
0
0
0
0
0
0
0
0
0
0
0
0
0
0
0
0
0
0
0
0
0
0
0
0
0
0
0
0
0
0
0
0
0
0
0
0
0
0
0
0
0
0
0
0
0
0
0
0
0
0
0
0
0
0
0
0
0
0
0
0.180392
0.670588
0.878431
0.611765
0.443137
0.027451
0
0
0
0
0
0
0
0
0
0
0
0
0
0.0588235
0.894118
0.211765
0.00392157
0.00784314
0.588235
0.462745
0
0
0
0
0
0
0
0
0
0
0
0
0
0.0235294
0.341176
0
0
0
0.145098
0.745098
0
0
0
0
0
0
0
0
0
0
0
0
0
0
0
0
0
0.0117647
0.592157
0.580392
0
0
0
0
0
0
0
0
0
0
0
0
0
0
0
0
0
0.670588
0.603922
0.0196078
0
0
0
0
0
0
0
0
0
0
0
0
0
0
0
0
0
0.494118
0.686275
0.0196078
0
0
0
0
0
0
0
0
0
0
0
0
0
0
0
0
0
0
0.529412
0.498039
0
0
0
0
0
0
0
0
0
0
0
0
0
0
0
0
0
0
0.0431373
0.796078
0.176471
0
0
0
0
0
0
0
0
0
0
0
0
0
0
0
0
0
0
0.4
0.427451
0
0
0
0
0
0
0
0
0
0
0
0
0
0.403922
0.458824
0.301961
0.262745
0.247059
0.670588
0.376471
0
0
0
0
0
0
0
0
0
0
0
0
0
0.341176
0.423529
0.545098
0.596078
0.580392
0.431373
0.0117647
0
0
0
0
0
0
0
0
0
0
0
0
0
0
0
0
0
0
0
0
0
0
0
0
0
0
0
0
0
0
0
0
0
0
0
0
0
0
0
0
0
0
0
0
0
0
0
0
0
0
0
0
0
0
0
0
0
0
0
0
0
0
0
0
0
0
