0
0
0
0
0
0
0
0
0
0
0
0
0
0
0
0
0
0
0
0
0
0
0
0
0
0
0
0
0
0
0
0
0
0
0
0
0
0
0
0
0
0
0
0
0
0
0
0
0
0
0
0
0
0
0
0
0
0
0
0
0
0
0
0
0
0
0
0
0
0
0
0
0
0
0
0
0
0
0
0
0
0
0
0
0
0
0
0
0.141176
0.419608
0.537255
0.533333
0.156863
0
0
0
0
0
0
0
0
0
0
0
0
0
0
0.329412
0.843137
0.494118
0.337255
0.466667
0.72549
0
0
0
0
0
0
0
0
0
0
0
0
0
0
0.760784
0.12549
0
0
0.176471
0.733333
0
0
0
0
0
0
0
0
0
0
0
0
0
0
0.00392157
0
0
0
0.631373
0.462745
0
0
0
0
0
0
0
0
0
0
0
0
0
0
0
0
0
0.427451
0.686275
0.0117647
0
0
0
0
0
0
0
0
0
0
0
0
0
0
0
0
0
0.670588
0.352941
0
0
0
0
0
0
0
0
0
0
0
0
0
0
0
0
0
0
0.160784
0.713726
0.305882
0
0
0
0
0
0
0
0
0
0
0
0
0
0
0
0
0
0
0
0.592157
0.623529
0.0117647
0
0
0
0
0
0
0
0
0
0
0
0
0
0
0
0
0
0.00392157
0.627451
0.388235
0
0
0
0
0
0
0
0
0
0
0
0
0
0
0
0
0
0
0.0745098
0.807843
0
0
0
0
0
0
0
0
0
0
0
0
0
0
0
0
0
0
0.0901961
0.87451
0
0
0
0
0
0
0
0
0
0
0
0
0
0.305882
0.486275
0.470588
0.364706
0.486275
0.839216
0.368627
0
0
0
0
0
0
0
0
0
0
0
0
0
0.258824
0.419608
0.403922
0.298039
0.411765
0.172549
0
0
0
0
0
0
0
0
0
0
0
0
0
0
0
0
0
0
0
0
0
0
0
0
0
0
0
0
0
0
0
0
0
0
0
0
0
0
0
0
0
0
0
0
0
0
0
0
0
0
0
0
0
0
0
0
0
0
0
0
0
0
0
0
0
0
