0
0
0
0
0
0
0
0
0
0
0
0
0
0
0
0
0
0
0
0
0
0
0
0
0
0
0
0
0
0
0
0
0
0
0
0
0
0
0
0
0
0
0
0
0
0
0
0
0
0
0
0
0
0
0
0
0
0
0
0
0
0
0
0
0
0
0
0
0
0
0
0
0
0
0
0
0
0
0
0
0
0
0
0
0
0
0
0
0
0
0
0
0
0
0
0
0
0
0
0
0
0
0
0
0
0
0
0
0.168627
0.631373
0.670588
0.364706
0
0
0
0
0
0
0
0
0
0
0
0
0
0
0
0.0196078
0.901961
0.364706
0.231373
0.709804
0.47451
0
0
0
0
0
0
0
0
0
0
0
0
0
0
0
0.239216
0
0
0.0901961
0.835294
0
0
0
0
0
0
0
0
0
0
0
0
0
0
0
0
0
0
0.235294
0.819608
0
0
0
0
0
0
0
0
0
0
0
0
0
0
0
0
0
0.192157
0.866667
0.176471
0
0
0
0
0
0
0
0
0
0
0
0
0
0
0
0
0.00392157
0.878431
0.203922
0
0
0
0
0
0
0
0
0
0
0
0
0
0
0
0
0
0.00392157
0.811765
0.231373
0
0
0
0
0
0
0
0
0
0
0
0
0
0
0
0
0
0
0.164706
0.827451
0.0588235
0
0
0
0
0
0
0
0
0
0
0
0
0
0
0
0
0
0
0.364706
0.713726
0
0
0
0
0
0
0
0
0
0
0
0
0
0
0.101961
0.0980392
0.00784314
0.00784314
0.101961
0.890196
0
0
0
0
0
0
0
0
0
0
0
0
0
0
0.576471
0.807843
0.866667
0.87451
0.831373
0.447059
0
0
0
0
0
0
0
0
0
0
0
0
0
0
0
0
0
0
0
0
0
0
0
0
0
0
0
0
0
0
0
0
0
0
0
0
0
0
0
0
0
0
0
0
0
0
0
0
0
0
0
0
0
0
0
0
0
0
0
0
0
0
0
0
0
0
0
0
0
0
0
0
0
0
0
0
0
0
0
0
0
0
0
0
0
0
0
