0
0
0
0
0
0
0
0
0
0
0
0
0
0
0
0
0
0
0
0
0
0
0
0
0
0
0
0
0
0
0
0
0
0
0
0
0
0
0
0
0
0
0
0
0
0
0
0
0
0
0
0
0
0
0
0
0
0
0
0
0
0
0
0
0
0
0
0
0
0
0
0
0
0
0
0
0
0
0
0
0
0
0
0
0
0
0
0
0
0
0
0
0
0
0
0
0
0
0
0
0
0
0
0
0
0
0.243137
0.341176
0.2
0.439216
0.305882
0.141176
0.0705882
0
0
0
0
0
0
0
0
0
0
0
0
0
0.341176
0.301961
0.164706
0.372549
0.356863
0.619608
0.576471
0.760784
0.145098
0
0
0
0
0
0
0
0
0
0
0
0
0
0
0
0
0.239216
0.854902
0.431373
0.0117647
0
0
0
0
0
0
0
0
0
0
0
0
0
0
0
0.27451
0.839216
0.172549
0
0
0
0
0
0
0
0
0
0
0
0
0
0
0
0.00392157
0.564706
0.662745
0.00784314
0
0
0
0
0
0
0
0
0
0
0
0
0
0
0
0
0.0862745
0.945098
0.396078
0.0627451
0
0
0
0
0
0
0
0
0
0
0
0
0
0
0
0
0
0.0627451
0.305882
0.635294
0.337255
0
0
0
0
0
0
0
0
0
0
0
0
0
0
0
0
0
0
0.0784314
0.807843
0.247059
0
0
0
0
0
0
0
0
0
0
0
0
0
0
0
0
0
0
0.337255
0.580392
0
0
0
0
0
0
0
0
0
0
0
0
0
0
0
0
0
0
0.345098
0.596078
0
0
0
0
0
0
0
0
0
0
0
0
0
0
0
0
0
0.235294
0.686275
0.160784
0
0
0
0
0
0
0
0
0
0
0
0
0
0
0
0.0745098
0.521569
0.8
0.160784
0
0
0
0
0
0
0
0
0
0
0
0
0
0
0.00392157
0.756863
0.886275
0.462745
0.0431373
0
0
0
0
0
0
0
0
0
0
0
0
0
0
0
0
0.109804
0.0117647
0
0
0
0
0
0
0
0
0
0
0
0
0
0
0
0
0
0
0
0
0
0
0
0
0
0
0
0
0
0
