0
0
0
0
0
0
0
0
0
0
0
0
0
0
0
0
0
0
0
0
0
0
0
0
0
0
0
0
0
0
0
0
0
0
0
0
0
0
0
0
0
0
0
0
0
0
0
0
0
0
0
0
0
0
0
0
0
0
0
0
0
0
0
0
0
0
0
0
0
0
0
0
0
0
0
0
0
0
0
0
0
0
0
0
0
0
0
0
0
0
0
0
0
0
0
0
0
0
0
0
0
0
0
0
0
0
0
0
0
0
0
0
0
0
0
0
0
0
0
0
0
0
0
0
0
0.2
0.572549
0.529412
0.498039
0.309804
0.623529
0.243137
0.341176
0.403922
0.0117647
0
0
0
0
0
0
0
0
0
0
0.2
0.337255
0.133333
0.113725
0.054902
0.156863
0.054902
0.258824
0.972549
0.235294
0
0
0
0
0
0
0
0
0
0
0
0
0
0
0
0
0.313726
0.866667
0.337255
0
0
0
0
0
0
0
0
0
0
0
0
0
0
0
0.0235294
0.639216
0.643137
0.00392157
0
0
0
0
0
0
0
0
0
0
0
0
0
0
0
0
0.560784
0.568627
0.00392157
0
0
0
0
0
0
0
0
0
0
0
0
0
0
0
0
0
0.796078
0.427451
0
0
0
0
0
0
0
0
0
0
0
0
0
0
0
0
0
0
0.0862745
0.694118
0.694118
0.0784314
0
0
0
0
0
0
0
0
0
0
0
0
0
0
0
0
0
0
0.360784
0.819608
0.270588
0
0
0
0
0
0
0
0
0
0
0
0
0
0
0
0
0
0
0.0862745
0.827451
0.176471
0
0
0
0
0
0
0
0
0
0
0
0
0
0
0
0
0
0
0.529412
0.419608
0
0
0
0
0
0
0
0
0
0
0
0
0
0.0862745
0.113725
0.141176
0.203922
0.466667
0.854902
0.12549
0
0
0
0
0
0
0
0
0
0
0
0
0
0.745098
0.713726
0.733333
0.666667
0.513726
0.054902
0
0
0
0
0
0
0
0
0
0
0
0
0
0
0
0
0
0
0
0
0
0
0
0
0
0
0
0
0
0
0
0
0
0
0
0
0
0
0
0
0
0
0
0
0
0
