0
0
0
0
0
0
0
0
0
0
0
0
0
0
0
0
0
0
0
0
0
0
0
0
0
0
0
0
0
0
0
0
0
0
0
0
0
0
0
0
0
0
0
0
0
0
0
0
0
0
0
0
0
0
0
0
0
0
0
0
0
0
0
0
0
0
0
0
0
0
0
0
0
0
0
0
0
0
0
0
0
0
0
0
0
0
0
0
0
0
0
0
0
0
0
0
0
0
0
0
0
0
0
0
0
0
0
0
0
0
0
0
0
0
0
0
0
0
0
0
0
0
0
0
0
0
0
0
0
0
0
0
0
0
0
0
0
0
0
0
0
0
0
0
0
0
0
0
0
0
0
0.0313726
0.12549
0.164706
0.152941
0
0
0
0
0
0
0
0
0
0
0
0
0.588235
0.768627
0.737255
0.776471
0.921569
0.745098
0.721569
0.545098
0
0
0
0
0
0
0
0
0
0
0
0
0.0235294
0.133333
0.137255
0.298039
0.607843
0
0
0
0
0
0
0
0
0
0
0
0
0
0
0
0
0
0
0.101961
0.658824
0
0
0
0
0
0
0
0
0
0
0
0
0
0
0
0
0
0
0.0745098
0.623529
0
0
0
0
0
0
0
0
0
0
0
0
0
0
0
0
0
0
0.0745098
0.611765
0
0
0
0
0
0
0
0
0
0
0
0
0
0
0
0
0
0
0.0784314
0.662745
0
0
0
0
0
0
0
0
0
0
0
0
0
0
0
0
0
0
0.137255
0.737255
0
0
0
0
0
0
0
0
0
0
0
0
0
0
0
0
0
0
0.129412
0.807843
0
0
0
0
0
0
0
0
0
0
0
0
0
0
0
0
0
0
0.0392157
0.498039
0
0
0
0
0
0
0
0
0
0
0
0
0
0
0
0
0
0
0
0
0
0
0
0
0
0
0
0
0
0
0
0
0
0
0
0
0
0
0
0
0
0
0
0
0
0
0
0
0
0
0
0
0
0
0
0
0
0
0
0
0
0
0
0
0
0
0
0
