0
0
0
0
0
0
0
0
0
0
0
0
0
0
0
0
0
0
0
0
0
0
0
0
0
0
0
0
0
0
0
0
0
0
0
0
0
0
0
0
0
0
0
0
0
0
0
0
0
0
0
0
0
0
0
0
0
0
0
0
0
0
0
0
0
0
0
0
0
0
0
0
0
0
0
0
0
0
0
0
0
0
0
0
0
0
0
0
0
0.137255
0.352941
0.0901961
0
0
0
0
0
0
0
0
0
0
0
0
0
0
0
0
0.360784
0.854902
0.721569
0.509804
0
0
0
0
0
0
0
0
0
0
0
0
0
0
0
0.129412
0.831373
0.054902
0.235294
0.631373
0
0
0
0
0
0
0
0
0
0
0
0
0
0
0
0
0.00392157
0
0.054902
0.309804
0
0
0
0
0
0
0
0
0
0
0
0
0
0
0
0
0
0
0.0980392
0.380392
0
0
0
0
0
0
0
0
0
0
0
0
0
0
0
0
0
0
0.12549
0.501961
0
0
0
0
0
0
0
0
0
0
0
0
0
0
0
0
0
0
0.121569
0.337255
0
0
0
0
0
0
0
0
0
0
0
0
0
0
0
0
0
0
0.498039
0.427451
0
0
0
0
0
0
0
0
0
0
0
0
0
0
0
0
0.0235294
0.470588
0.894118
0.0862745
0
0
0
0
0
0
0
0
0
0
0
0
0
0
0
0.0470588
0.894118
0.807843
0.835294
0.443137
0.00392157
0
0.00392157
0
0
0
0
0
0
0
0
0
0
0
0
0.494118
0.643137
0.027451
0.0627451
0.576471
0.835294
0.419608
0.694118
0.254902
0
0
0
0
0
0
0
0
0
0
0
0.00392157
0
0
0
0
0.0862745
0.419608
0.627451
0.141176
0
0
0
0
0
0
0
0
0
0
0
0
0
0
0
0
0
0
0
0
0
0
0
0
0
0
0
0
0
0
0
0
0
0
0
0
0
0
0
0
0
0
0
0
0
0
0
0
0
0
0
0
0
0
0
0
0
0
0
0
0
0
0
0
0
0
0
0
0
0
0
0
0
0
0
0
0
0
0
0
0
0
0
0
