0
0
0
0
0
0
0
0
0
0
0
0
0
0
0
0
0
0
0
0
0
0
0
0
0
0
0
0
0
0
0
0
0
0
0
0
0
0
0
0
0
0
0
0
0
0
0
0
0
0
0
0
0
0
0
0
0
0
0
0
0
0
0
0
0
0
0
0
0
0
0
0
0
0
0
0
0
0
0
0
0
0
0
0
0
0
0
0
0
0
0
0
0
0
0
0
0
0
0
0
0
0
0
0
0
0
0
0
0
0.0117647
0.505882
0.560784
0
0
0
0
0
0
0
0
0
0
0
0
0
0
0
0
0.054902
0.690196
0.639216
0.803922
0
0
0
0
0
0
0
0
0
0
0
0
0
0
0
0
0.8
0.356863
0.0705882
0.803922
0
0
0
0
0
0
0
0
0
0
0
0
0
0
0
0
0.431373
0
0.0666667
0.792157
0
0
0
0
0
0
0
0
0
0
0
0
0
0
0
0
0
0
0.0666667
0.792157
0
0
0
0
0
0
0
0
0
0
0
0
0
0
0
0
0
0
0.0705882
0.764706
0
0
0
0
0
0
0
0
0
0
0
0
0
0
0
0
0
0
0.364706
0.635294
0
0
0
0
0
0
0
0
0
0
0
0
0
0
0
0
0.0431373
0.737255
0.968627
0.819608
0.6
0.027451
0
0
0
0
0
0
0
0
0
0
0
0
0
0
0.592157
0.937255
0.588235
0
0.541176
0.662745
0.172549
0
0
0
0
0
0
0
0
0
0
0
0
0
0.737255
0.631373
0.0313726
0
0.00784314
0.458824
0.423529
0
0
0
0
0
0
0
0
0
0
0
0
0
0.0352941
0
0
0
0
0
0
0
0
0
0
0
0
0
0
0
0
0
0
0
0
0
0
0
0
0
0
0
0
0
0
0
0
0
0
0
0
0
0
0
0
0
0
0
0
0
0
0
0
0
0
0
0
0
0
0
0
0
0
0
0
0
0
0
0
0
0
0
0
0
0
0
0
0
0
0
0
0
0
0
0
0
0
0
0
0
0
0
0
0
0
0
