0
0
0
0
0
0
0
0
0
0
0
0
0
0
0
0
0
0
0
0
0
0
0
0
0
0
0
0
0
0
0
0
0
0
0
0
0
0
0
0
0
0
0
0
0
0
0
0
0
0
0
0
0
0
0
0
0
0
0
0
0
0
0
0
0
0
0
0
0
0
0
0
0
0
0
0
0
0
0
0
0
0
0
0
0
0
0
0
0
0
0
0
0
0
0
0
0
0
0
0
0
0
0
0
0
0
0
0
0.0117647
0.505882
0.823529
0.756863
0.270588
0
0
0
0
0
0
0
0
0
0
0
0
0
0
0
0.109804
0.533333
0.105882
0.203922
0.796078
0
0
0
0
0
0
0
0
0
0
0
0
0
0
0
0
0
0
0.0117647
0.878431
0
0
0
0
0
0
0
0
0
0
0
0
0
0
0
0
0
0
0.00392157
0.67451
0
0
0
0
0
0
0
0
0
0
0
0
0
0
0
0
0
0
0.0784314
0.580392
0
0
0
0
0
0
0
0
0
0
0
0
0
0
0
0
0
0
0.360784
0.298039
0
0
0
0
0
0
0
0
0
0
0
0
0
0
0
0
0
0.360784
0.466667
0
0
0
0
0
0
0
0
0
0
0
0
0
0
0
0
0.223529
0.67451
0.988235
0.305882
0
0
0
0
0
0
0
0
0
0
0
0
0
0
0
0.219608
0.956863
0.847059
0.333333
0.839216
0.129412
0
0
0
0
0
0
0
0
0
0
0
0
0
0
0.0392157
0.203922
0.0666667
0
0.301961
0.898039
0.776471
0
0
0
0
0
0
0
0
0
0
0
0
0
0
0
0
0
0
0.0392157
0.0235294
0
0
0
0
0
0
0
0
0
0
0
0
0
0
0
0
0
0
0
0
0
0
0
0
0
0
0
0
0
0
0
0
0
0
0
0
0
0
0
0
0
0
0
0
0
0
0
0
0
0
0
0
0
0
0
0
0
0
0
0
0
0
0
0
0
0
0
0
0
0
0
0
0
0
0
0
0
0
0
0
0
0
0
0
0
0
