0
0
0
0
0
0
0
0
0
0
0
0
0
0
0
0
0
0
0
0
0
0
0
0
0
0
0
0
0
0
0
0
0
0
0
0
0
0
0
0
0
0
0
0
0
0
0
0
0
0.0705882
0.0980392
0
0
0
0
0
0
0
0
0
0
0
0
0
0
0
0
0.486275
0.843137
0.796078
0.866667
0.52549
0.0117647
0
0
0
0
0
0
0
0
0
0
0
0
0
0
0.239216
0.164706
0
0.0235294
0.603922
0.647059
0
0
0
0
0
0
0
0
0
0
0
0
0
0
0
0
0
0
0
0.772549
0.219608
0
0
0
0
0
0
0
0
0
0
0
0
0
0
0
0
0
0
0.537255
0.337255
0
0
0
0
0
0
0
0
0
0
0
0
0
0
0
0
0
0
0.545098
0.345098
0
0
0
0
0
0
0
0
0
0
0
0
0
0
0
0
0
0
0.552941
0.333333
0
0
0
0
0
0
0
0
0
0
0
0
0
0
0
0
0
0
0.627451
0.203922
0
0
0
0
0
0
0
0
0
0
0
0
0
0
0
0
0
0.00392157
0.537255
0
0
0
0
0
0
0
0
0
0
0
0
0
0
0
0
0
0
0.301961
0.301961
0
0
0
0
0
0
0
0
0
0
0
0
0
0
0
0
0
0.0627451
0.537255
0.0627451
0
0
0
0
0
0
0
0
0
0
0
0
0
0.0784314
0.521569
0.541176
0.388235
0.0392157
0.168627
0
0
0
0
0
0
0
0
0
0
0
0
0
0
0.639216
0.513726
0.341176
0.741176
0.909804
0.556863
0.152941
0
0
0
0
0
0
0
0
0
0
0
0
0
0.658824
0.486275
0.619608
0.635294
0.0588235
0.411765
0.835294
0.698039
0.588235
0.533333
0.588235
0.376471
0
0
0
0
0
0
0
0
0.0784314
0.623529
0.380392
0.00392157
0
0
0.0235294
0.227451
0.309804
0.333333
0.341176
0.101961
0
0
0
0
0
0
0
0
0
0
0
0
0
0
0
0
0
0
0
0
0
0
0
0
0
0
0
0
0
0
0
0
0
0
0
0
0
0
0
0
0
0
0
0
0
0
0
0
0
0
0
0
0
0
0
0
0
0
0
0
0
0
