0
0
0
0
0
0
0
0
0
0
0
0
0
0
0
0
0
0
0
0
0
0
0
0
0
0
0
0
0
0
0
0
0
0
0
0
0
0
0
0
0
0
0
0
0
0
0
0
0
0
0
0
0
0
0
0
0
0
0
0
0
0
0
0
0
0
0
0
0.0313726
0.211765
0.2
0
0
0
0
0
0
0
0
0
0
0
0
0
0
0
0
0
0.839216
0.709804
0.788235
0.662745
0.0235294
0
0
0
0
0
0
0
0
0
0
0
0
0
0
0
0.388235
0.0235294
0
0.596078
0.388235
0
0
0
0
0
0
0
0
0
0
0
0
0
0
0
0
0
0
0.345098
0.545098
0
0
0
0
0
0
0
0
0
0
0
0
0
0
0
0
0
0
0.352941
0.541176
0
0
0
0
0
0
0
0
0
0
0
0
0
0
0
0
0
0
0.501961
0.360784
0
0
0
0
0
0
0
0
0
0
0
0
0
0
0
0
0
0.00392157
0.647059
0.00784314
0
0
0
0
0
0
0
0
0
0
0
0
0
0
0
0
0
0.286275
0.356863
0
0
0
0
0
0
0
0
0
0
0
0
0
0
0
0
0.0352941
0.113725
0.827451
0.160784
0
0
0
0
0
0
0
0
0
0
0
0
0
0
0.054902
0.721569
0.811765
0.976471
0.721569
0.00392157
0
0
0
0
0
0
0
0
0
0
0
0
0
0
0.345098
0.760784
0.654902
0.580392
0.627451
0.627451
0.0431373
0
0.137255
0.054902
0
0
0
0
0
0
0
0
0
0
0.0901961
0.611765
0.388235
0.0117647
0.00392157
0.505882
0.858824
0.807843
0.878431
0.243137
0
0
0
0
0
0
0
0
0
0
0
0
0
0
0
0
0.0745098
0.12549
0
0
0
0
0
0
0
0
0
0
0
0
0
0
0
0
0
0
0
0
0
0
0
0
0
0
0
0
0
0
0
0
0
0
0
0
0
0
0
0
0
0
0
0
0
0
0
0
0
0
0
0
0
0
0
0
0
0
0
0
0
0
0
0
0
0
0
0
0
0
0
0
0
0
0
0
0
0
0
0
0
0
0
0
0
0
