0
0
0
0
0
0
0
0
0
0
0
0
0
0
0
0
0
0
0
0
0
0
0
0
0
0
0
0
0
0
0
0
0
0
0
0
0
0
0
0
0
0
0
0
0
0
0
0
0
0
0
0
0
0
0
0
0
0
0
0
0
0
0
0
0
0
0
0
0
0
0
0
0
0
0
0
0
0
0
0
0
0
0
0
0
0
0
0
0
0
0
0
0
0
0
0
0
0
0
0
0
0
0
0
0
0
0
0
0
0
0
0
0
0
0
0
0
0
0
0
0
0
0
0
0
0
0
0
0
0
0
0
0
0
0
0
0
0
0
0
0
0
0
0
0
0
0
0
0
0.0862745
0.447059
0.345098
0.0705882
0
0
0
0
0
0
0
0
0
0
0
0
0
0
0
0.0196078
0.862745
0.498039
0.592157
0.721569
0
0
0
0
0
0
0
0
0
0
0
0
0
0
0
0
0.298039
0
0.168627
0.8
0
0
0
0
0
0
0
0
0
0
0
0
0
0
0
0
0
0.0352941
0.670588
0.458824
0
0
0
0
0
0
0
0
0
0
0
0
0
0
0
0.027451
0.298039
0.8
0.498039
0.00392157
0
0
0
0
0
0
0
0
0
0
0
0
0
0
0
0.607843
0.952941
0.913725
0.721569
0.592157
0.309804
0
0
0
0
0
0
0
0
0
0
0
0
0
0
0
0
0.0117647
0.137255
0.356863
0.564706
0.00392157
0
0
0
0
0
0
0
0
0
0
0
0
0
0
0
0
0
0
0
0
0
0
0
0
0
0
0
0
0
0
0
0
0
0
0
0
0
0
0
0
0
0
0
0
0
0
0
0
0
0
0
0
0
0
0
0
0
0
0
0
0
0
0
0
0
0
0
0
0
0
0
0
0
0
0
0
0
0
0
0
0
0
0
0
0
0
0
0
0
0
0
0
0
0
0
0
0
0
0
0
0
0
0
0
0
0
0
0
0
0
0
0
0
0
0
0
0
0
0
0
0
0
0
0
0
