0
0
0
0
0
0
0
0
0
0
0
0
0
0
0
0
0
0
0
0
0
0
0
0
0
0
0
0
0
0
0
0
0
0
0
0
0
0
0
0
0
0
0
0
0
0
0
0
0
0
0
0
0
0
0
0
0
0
0
0
0
0
0
0
0
0
0
0
0
0
0
0
0
0
0
0
0
0
0
0
0
0
0
0
0
0
0
0
0
0
0
0
0
0
0
0
0
0
0
0
0
0
0
0
0
0
0
0
0
0
0
0
0
0
0
0
0
0
0
0
0
0
0
0
0
0
0
0
0
0
0
0
0
0
0
0
0
0
0
0
0
0
0
0
0
0
0
0
0
0
0.0470588
0.133333
0.00392157
0
0
0
0
0
0
0
0
0
0
0
0
0
0
0
0
0.364706
0.909804
0.8
0.823529
0.0235294
0
0
0
0
0
0
0
0
0
0
0
0
0
0
0
0.0862745
0.0588235
0
0.764706
0.145098
0
0
0
0
0
0
0
0
0
0
0
0
0
0
0
0
0
0.027451
0.843137
0.0588235
0
0
0
0
0
0
0
0
0
0
0
0
0
0
0
0
0
0.556863
0.588235
0
0
0
0
0
0
0
0
0
0
0
0
0
0
0
0
0.247059
0.752941
0.721569
0.0117647
0
0
0
0
0
0
0
0
0
0
0
0
0
0
0
0.00392157
0.905882
0.662745
0.337255
0.360784
0.254902
0
0
0
0
0
0
0
0
0
0
0
0
0
0
0
0.0666667
0.309804
0.537255
0.560784
0.505882
0
0
0
0
0
0
0
0
0
0
0
0
0
0
0
0
0
0
0
0
0
0
0
0
0
0
0
0
0
0
0
0
0
0
0
0
0
0
0
0
0
0
0
0
0
0
0
0
0
0
0
0
0
0
0
0
0
0
0
0
0
0
0
0
0
0
0
0
0
0
0
0
0
0
0
0
0
0
0
0
0
0
0
0
0
0
0
0
0
0
0
0
0
0
0
0
0
0
0
0
0
0
0
0
0
0
