0
0
0
0
0
0
0
0
0
0
0
0
0
0
0
0
0
0
0
0
0
0
0
0
0
0
0
0
0
0
0
0
0
0
0
0
0
0
0
0
0
0
0
0
0
0
0
0
0
0
0
0
0
0
0
0
0
0
0
0
0
0
0
0
0
0
0
0
0
0
0
0
0
0
0
0
0
0
0
0
0
0
0
0
0
0
0
0
0
0
0
0
0
0
0
0
0
0
0
0
0
0
0
0
0
0
0
0
0
0
0
0
0
0
0
0
0
0
0
0
0
0
0
0
0
0
0
0
0
0
0
0
0
0
0
0
0
0
0
0
0
0
0
0
0
0
0
0
0.403922
0.662745
0.745098
0.647059
0.0862745
0
0
0
0
0
0
0
0
0
0
0
0
0
0
0
0.662745
0.152941
0.145098
0.498039
0.588235
0
0
0
0
0
0
0
0
0
0
0
0
0
0
0
0
0
0
0.239216
0.666667
0
0
0
0
0
0
0
0
0
0
0
0
0
0
0
0
0
0
0.596078
0.411765
0
0
0
0
0
0
0
0
0
0
0
0
0
0
0
0
0.00392157
0.513726
0.764706
0.0117647
0
0
0
0
0
0
0
0
0
0
0
0
0
0
0
0.0352941
0.627451
0.647059
0.0470588
0.0117647
0.0117647
0
0
0
0
0
0
0
0
0
0
0
0
0
0
0.376471
0.854902
0.662745
0.756863
0.878431
0.486275
0
0
0
0
0
0
0
0
0
0
0
0
0
0
0
0
0
0
0
0
0
0
0
0
0
0
0
0
0
0
0
0
0
0
0
0
0
0
0
0
0
0
0
0
0
0
0
0
0
0
0
0
0
0
0
0
0
0
0
0
0
0
0
0
0
0
0
0
0
0
0
0
0
0
0
0
0
0
0
0
0
0
0
0
0
0
0
0
0
0
0
0
0
0
0
0
0
0
0
0
0
0
0
0
0
0
0
0
0
0
0
0
0
0
0
0
0
0
0
0
0
0
0
0
0
0
