0
0
0
0
0
0
0
0
0
0
0
0
0
0
0
0
0
0
0
0
0
0
0
0
0
0
0
0
0
0
0
0
0
0
0
0
0
0
0
0
0
0
0
0
0
0
0
0
0
0
0
0
0
0
0
0
0
0
0
0
0
0
0
0
0
0
0
0
0
0
0
0
0
0
0
0
0
0
0
0
0
0
0
0
0
0
0
0
0
0
0
0
0
0
0
0
0
0
0
0
0
0
0
0
0
0
0
0
0
0.0705882
0.329412
0.466667
0.509804
0.101961
0
0
0
0
0
0
0
0
0
0
0
0
0
0
0.286275
0.87451
0.556863
0.411765
0.521569
0.658824
0
0
0
0
0
0
0
0
0
0
0
0
0
0
0.258824
0.305882
0
0
0.0862745
0.803922
0
0
0
0
0
0
0
0
0
0
0
0
0
0
0
0
0
0
0.0588235
0.780392
0
0
0
0
0
0
0
0
0
0
0
0
0
0
0
0
0
0
0.0352941
0.627451
0
0
0
0
0
0
0
0
0
0
0
0
0
0
0
0
0
0
0.129412
0.713726
0
0
0
0
0
0
0
0
0
0
0
0
0
0
0
0
0
0
0.454902
0.392157
0
0
0
0
0
0
0
0
0
0
0
0
0
0
0
0
0
0.192157
0.654902
0
0
0
0
0
0
0
0
0
0
0
0
0
0
0
0
0
0.105882
0.572549
0.0980392
0
0
0
0
0
0
0
0
0
0
0
0
0
0
0
0
0.0745098
0.666667
0.231373
0
0
0
0
0
0
0
0
0
0
0
0
0
0
0
0
0.286275
0.878431
0.286275
0.00392157
0
0
0
0
0
0
0
0
0
0
0
0
0
0
0
0.0352941
0.729412
0.713726
0.72549
0.690196
0.901961
0.890196
0.666667
0
0
0
0
0
0
0
0
0
0
0
0
0
0
0
0
0
0
0.00784314
0.0235294
0
0
0
0
0
0
0
0
0
0
0
0
0
0
0
0
0
0
0
0
0
0
0
0
0
0
0
0
0
0
0
0
0
0
0
0
0
0
0
0
0
0
0
0
0
