0
0
0
0
0
0
0
0
0
0
0
0
0
0
0
0
0
0
0
0
0
0
0
0
0
0
0
0
0
0
0
0
0
0
0
0
0
0
0
0
0
0
0
0
0
0
0
0
0
0
0
0
0
0
0
0
0
0
0
0
0
0
0
0
0
0
0
0
0
0
0
0
0
0
0
0
0
0
0
0
0
0
0
0
0
0
0
0
0
0
0
0
0
0
0
0
0
0
0
0
0
0
0
0
0
0
0
0
0
0
0
0
0
0
0
0
0
0
0
0
0
0
0
0
0
0
0
0
0
0.160784
0.592157
0.733333
0.647059
0.0431373
0
0
0
0
0
0
0
0
0
0
0
0
0
0
0
0.811765
0.407843
0.192157
0.701961
0.270588
0
0
0
0
0
0
0
0
0
0
0
0
0
0
0.00784314
0.862745
0
0
0.611765
0.278431
0
0
0
0
0
0
0
0
0
0
0
0
0
0
0.00784314
0.913725
0.0745098
0
0.690196
0.27451
0
0
0
0
0
0
0
0
0
0
0
0
0
0
0
0.458824
0.713726
0.0784314
0.890196
0.0705882
0
0
0
0
0
0
0
0
0
0
0
0
0
0
0
0.00392157
0.505882
0.819608
0.431373
0
0
0
0
0
0
0
0
0
0
0
0
0
0
0
0
0.00392157
0.6
0.745098
0.662745
0
0
0
0
0
0
0
0
0
0
0
0
0
0
0
0
0.356863
0.705882
0.0117647
0.745098
0.321569
0
0
0
0
0
0
0
0
0
0
0
0
0
0
0
0.478431
0.411765
0
0.227451
0.705882
0
0
0
0
0
0
0
0
0
0
0
0
0
0
0
0.396078
0.639216
0.0784314
0.356863
0.752941
0
0
0
0
0
0
0
0
0
0
0
0
0
0
0
0.0392157
0.635294
0.807843
0.713726
0.227451
0
0
0
0
0
0
0
0
0
0
0
0
0
0
0
0
0
0
0
0
0
0
0
0
0
0
0
0
0
0
0
0
0
0
0
0
0
0
0
0
0
0
0
0
0
0
0
0
0
0
0
0
0
0
0
0
0
0
0
0
0
0
0
0
0
0
