0
0
0
0
0
0
0
0
0
0
0
0
0
0
0
0
0
0
0
0
0
0
0
0
0
0
0
0
0
0
0
0
0
0
0
0
0
0
0
0
0
0
0
0
0
0
0
0
0
0
0
0
0
0
0
0
0
0
0
0
0
0
0
0
0
0
0
0
0
0
0
0
0
0
0
0
0
0
0
0
0
0
0
0
0
0
0
0
0
0
0
0
0
0
0
0
0
0
0
0
0
0
0
0
0
0
0
0
0
0
0
0
0
0
0
0
0
0
0
0
0
0
0
0
0
0
0
0
0
0
0
0
0
0
0
0
0
0
0
0
0
0
0
0
0
0
0
0
0
0.0392157
0.478431
0.670588
0.560784
0.294118
0
0
0
0
0
0
0
0
0
0
0
0
0
0
0.0588235
0.780392
0.521569
0.211765
0.388235
0.827451
0.239216
0
0
0
0
0
0
0
0
0
0
0
0
0
0.572549
0.505882
0
0
0.054902
0.823529
0.192157
0
0
0
0
0
0
0
0
0
0
0
0
0
0.827451
0.219608
0
0.247059
0.886275
0.486275
0
0
0
0
0
0
0
0
0
0
0
0
0
0
0.329412
0.898039
0.639216
0.843137
0.180392
0
0
0
0
0
0
0
0
0
0
0
0
0
0
0
0.568627
0.827451
0.772549
0.552941
0
0
0
0
0
0
0
0
0
0
0
0
0
0
0
0.196078
0.827451
0.0431373
0.027451
0.831373
0.294118
0
0
0
0
0
0
0
0
0
0
0
0
0
0
0.0901961
0.862745
0.376471
0.105882
0.388235
0.666667
0
0
0
0
0
0
0
0
0
0
0
0
0
0
0
0.121569
0.654902
0.780392
0.823529
0.333333
0
0
0
0
0
0
0
0
0
0
0
0
0
0
0
0
0
0
0
0
0
0
0
0
0
0
0
0
0
0
0
0
0
0
0
0
0
0
0
0
0
0
0
0
0
0
0
0
0
0
0
0
0
0
0
0
0
0
0
0
0
0
0
0
0
0
0
0
0
0
0
0
0
0
0
0
0
0
0
0
0
0
0
0
0
0
0
