0
0
0
0
0
0
0
0
0
0
0
0
0
0
0
0
0
0
0
0
0
0
0
0
0
0
0
0
0
0
0
0
0
0
0
0
0
0
0
0
0
0
0
0
0
0
0
0
0
0
0
0
0
0
0
0
0
0
0
0
0
0
0
0
0
0
0
0
0
0.113725
0.360784
0.52549
0.529412
0.286275
0
0
0
0
0
0
0
0
0
0
0
0
0
0
0.294118
0.886275
0.705882
0.698039
0.941176
1
0.713726
0.027451
0
0
0
0
0
0
0
0
0
0
0
0.439216
0.803922
0.145098
0
0
0.0784314
0.72549
1
0.513726
0
0
0
0
0
0
0
0
0
0
0.00784314
0.913725
0.0666667
0
0
0
0
0.0588235
0.894118
0.752941
0
0
0
0
0
0
0
0
0
0
0.00784314
0.905882
0.0588235
0
0
0
0
0
0.654902
0.760784
0
0
0
0
0
0
0
0
0
0
0
0.403922
0.831373
0.160784
0
0
0
0.137255
0.956863
0.721569
0
0
0
0
0
0
0
0
0
0
0
0
0.227451
0.729412
0.462745
0.0901961
0.0117647
0.803922
0.827451
0.427451
0
0
0
0
0
0
0
0
0
0
0
0
0
0.0784314
0.478431
0.866667
0.772549
0.631373
0.0313726
0.00784314
0
0
0
0
0
0
0
0
0
0
0
0
0
0
0.0235294
0.654902
0.956863
0.352941
0
0
0
0
0
0
0
0
0
0
0
0
0
0
0
0.105882
0.780392
0.643137
0.105882
0.898039
0.0313726
0
0
0
0
0
0
0
0
0
0
0
0
0
0.168627
0.803922
0.407843
0
0
0.545098
0.301961
0
0
0
0
0
0
0
0
0
0
0
0
0.270588
0.878431
0.313726
0
0
0
0.403922
0.462745
0
0
0
0
0
0
0
0
0
0
0
0
0.890196
0.176471
0
0
0
0
0.658824
0.294118
0
0
0
0
0
0
0
0
0
0
0
0
0.890196
0.105882
0
0
0.0235294
0.662745
0.666667
0.00392157
0
0
0
0
0
0
0
0
0
0
0
0
0.392157
0.788235
0.262745
0.301961
0.709804
0.572549
0.0313726
0
0
0
0
0
0
0
0
0
0
0
0
0
0
0.360784
0.686275
0.580392
0.309804
0
0
0
0
0
0
0
0
0
0
0
0
0
0
0
0
0
0
0
0
0
0
0
0
0
0
0
0
