0
0
0
0
0
0
0
0
0
0
0
0
0
0
0
0
0
0
0
0
0
0
0
0
0
0
0
0
0
0
0
0
0
0
0
0
0
0
0
0
0
0
0
0
0
0
0
0
0
0
0
0
0
0
0
0
0
0
0
0
0
0
0
0
0
0
0
0
0
0
0
0
0
0
0
0
0
0
0
0
0
0
0
0
0
0
0
0
0
0
0
0
0
0
0
0
0
0
0
0
0
0
0
0
0
0
0
0
0
0
0.0117647
0.0392157
0
0
0
0
0
0
0
0
0
0
0
0
0
0
0
0
0
0
0.427451
0.890196
0.0862745
0
0
0
0
0
0
0
0
0
0
0
0
0
0
0
0.027451
0.654902
0.823529
0.831373
0.545098
0
0
0
0
0
0
0
0
0
0
0
0
0
0
0
0.462745
0.623529
0
0.32549
0.611765
0
0
0
0
0
0
0
0
0
0
0
0
0
0
0.121569
0.878431
0.054902
0.172549
0.858824
0.227451
0
0
0
0
0
0
0
0
0
0
0
0
0
0
0.0901961
0.905882
0.780392
0.721569
0.345098
0
0
0
0
0
0
0
0
0
0
0
0
0
0
0
0
0.466667
0.733333
0.0431373
0.654902
0.560784
0
0
0
0
0
0
0
0
0
0
0
0
0
0
0
0.745098
0.2
0
0.0392157
0.913725
0.0352941
0
0
0
0
0
0
0
0
0
0
0
0
0
0
0.745098
0.160784
0
0
0.819608
0.0862745
0
0
0
0
0
0
0
0
0
0
0
0
0
0
0.603922
0.352941
0
0.0196078
0.776471
0.00392157
0
0
0
0
0
0
0
0
0
0
0
0
0
0
0.164706
0.839216
0.478431
0.745098
0.545098
0
0
0
0
0
0
0
0
0
0
0
0
0
0
0
0
0.192157
0.403922
0.211765
0
0
0
0
0
0
0
0
0
0
0
0
0
0
0
0
0
0
0
0
0
0
0
0
0
0
0
0
0
0
0
0
0
0
0
0
0
0
0
0
0
0
0
0
0
0
0
0
0
0
0
0
0
0
0
0
0
0
0
0
0
0
0
0
0
0
0
0
