0
0
0
0
0
0
0
0
0
0
0
0
0
0
0
0
0
0
0
0
0
0
0
0
0
0
0
0
0
0
0
0
0
0
0
0
0
0
0
0
0
0
0
0
0
0
0
0
0
0
0
0
0
0
0
0
0
0
0
0
0
0
0
0
0
0
0
0
0
0
0
0
0
0
0
0
0
0
0
0
0
0
0
0
0
0
0
0
0.145098
0.403922
0.329412
0.0352941
0
0
0
0
0
0
0
0
0
0
0
0
0
0
0
0.137255
0.870588
0.478431
0.505882
0.858824
0.360784
0
0
0
0
0
0
0
0
0
0
0
0
0
0
0.447059
0.47451
0
0
0.121569
0.886275
0.00784314
0
0
0
0
0
0
0
0
0
0
0
0
0
0.270588
0.639216
0
0
0
0.827451
0.00392157
0
0
0
0
0
0
0
0
0
0
0
0
0
0.00784314
0.658824
0.4
0
0.054902
0.811765
0.00392157
0
0
0
0
0
0
0
0
0
0
0
0
0
0
0.054902
0.678431
0.0352941
0.2
0.376471
0
0
0
0
0
0
0
0
0
0
0
0
0
0
0
0
0
0.309804
0.301961
0
0
0
0
0
0
0
0
0
0
0
0
0
0
0
0
0
0.211765
0.854902
0.835294
0.121569
0
0
0
0
0
0
0
0
0
0
0
0
0
0
0
0.160784
0.839216
0.168627
0.294118
0.737255
0.00784314
0
0
0
0
0
0
0
0
0
0
0
0
0
0.027451
0.819608
0.247059
0
0
0.666667
0.266667
0
0
0
0
0
0
0
0
0
0
0
0
0
0.0862745
0.819608
0
0
0
0.164706
0.729412
0
0
0
0
0
0
0
0
0
0
0
0
0
0.0431373
0.866667
0.690196
0.4
0.411765
0.466667
0.811765
0
0
0
0
0
0
0
0
0
0
0
0
0
0
0.027451
0.278431
0.439216
0.478431
0.470588
0.137255
0
0
0
0
0
0
0
0
0
0
0
0
0
0
0
0
0
0
0
0
0
0
0
0
0
0
0
0
0
0
0
0
0
0
0
0
0
0
0
0
0
0
0
0
0
0
0
0
0
0
0
0
0
0
0
0
0
0
0
0
0
0
0
0
0
0
