0
0
0
0
0
0
0
0
0
0
0
0
0
0
0
0
0
0
0
0
0
0
0
0
0
0
0
0
0
0
0
0
0
0
0
0
0
0
0
0
0
0
0
0
0
0
0
0
0
0
0
0
0
0
0
0
0
0
0
0
0
0
0
0
0
0
0
0
0
0
0
0
0
0
0
0
0
0
0
0
0
0
0
0
0
0
0
0
0
0
0
0
0.494118
0.231373
0
0
0
0
0
0
0
0
0
0
0
0
0
0
0
0
0
0.211765
0.819608
0.105882
0
0
0
0
0
0
0
0
0
0
0
0
0
0
0
0
0
0.52549
0.298039
0
0
0
0
0
0
0
0
0
0
0
0
0
0
0
0
0
0.0352941
0.631373
0
0
0
0
0
0
0
0
0
0
0
0
0
0
0
0
0
0
0.301961
0.341176
0
0
0
0
0
0
0
0
0
0
0
0
0
0
0
0
0
0
0.705882
0.0941176
0
0
0
0
0
0
0
0
0
0
0
0
0
0
0
0
0
0.0705882
0.811765
0
0
0
0
0
0
0
0
0
0
0
0
0
0
0
0
0
0
0.321569
0.564706
0
0
0
0
0
0
0
0
0
0
0
0
0
0
0
0
0
0.227451
0.909804
0.411765
0
0
0
0
0
0
0
0
0
0
0
0
0
0
0
0
0
0.619608
1
0.396078
0.435294
0.121569
0.0196078
0.435294
0
0
0
0
0
0
0
0
0
0
0
0
0
0.431373
0.776471
0.00784314
0.227451
0.878431
0.878431
0.537255
0
0
0
0
0
0
0
0
0
0
0
0
0
0.027451
0.0980392
0
0
0.0117647
0.00784314
0
0
0
0
0
0
0
0
0
0
0
0
0
0
0
0
0
0
0
0
0
0
0
0
0
0
0
0
0
0
0
0
0
0
0
0
0
0
0
0
0
0
0
0
0
0
0
0
0
0
0
0
0
0
0
0
0
0
0
0
0
0
0
0
0
0
0
0
0
0
0
0
0
0
0
0
0
0
0
0
0
0
0
0
0
0
