0
0
0
0
0
0
0
0
0
0
0
0
0
0
0
0
0
0
0
0
0
0
0
0
0
0
0
0
0
0
0
0
0
0
0
0
0
0
0
0
0
0
0
0
0
0
0
0
0
0
0
0
0
0
0
0
0
0
0
0
0
0
0
0
0
0
0
0
0
0
0
0
0
0
0
0
0
0
0
0
0
0
0
0
0
0
0
0
0
0
0
0.00392157
0.360784
0
0
0
0
0
0
0
0
0
0
0
0
0
0
0
0
0
0
0.137255
0.788235
0
0
0
0
0
0
0
0
0
0
0
0
0
0
0
0
0
0
0.266667
0.52549
0
0
0
0
0
0
0
0
0
0
0
0
0
0
0
0
0
0
0.443137
0.345098
0
0
0
0
0
0
0
0
0
0
0
0
0
0
0
0
0
0
0.572549
0.239216
0
0
0
0
0
0
0
0
0
0
0
0
0
0
0
0
0
0
0.741176
0.0392157
0
0
0
0
0
0
0
0
0
0
0
0
0
0
0
0
0
0.243137
0.631373
0
0
0
0
0
0
0
0
0
0
0
0
0
0
0
0
0
0
0.380392
0.278431
0
0
0
0
0
0
0
0
0
0
0
0
0
0
0
0
0
0
0.67451
0.172549
0
0
0
0
0
0
0
0
0
0
0
0
0
0
0
0
0
0.00784314
0.768627
0.505882
0.694118
0.054902
0
0
0
0
0
0
0
0
0
0
0
0
0
0
0
0.247059
0.988235
0.623529
0.47451
0.909804
0.364706
0
0
0
0
0
0
0
0
0
0
0
0
0
0
0.490196
0.533333
0
0
0
0
0
0
0
0
0
0
0
0
0
0
0
0
0
0
0.027451
0.00784314
0
0
0
0
0
0
0
0
0
0
0
0
0
0
0
0
0
0
0
0
0
0
0
0
0
0
0
0
0
0
0
0
0
0
0
0
0
0
0
0
0
0
0
0
0
0
0
0
0
0
0
0
0
0
0
0
0
0
0
0
0
0
0
0
0
0
0
0
0
