0
0
0
0
0
0
0
0
0
0
0
0
0
0
0
0
0
0
0
0
0
0
0
0
0
0
0
0
0
0
0
0
0
0
0
0
0
0
0
0
0
0
0
0
0
0
0
0
0
0
0
0
0
0
0
0
0
0
0
0
0
0
0
0
0
0
0
0
0
0
0
0
0
0
0
0
0
0
0
0
0
0
0
0
0
0
0
0
0
0
0
0.101961
0.486275
0.305882
0.0117647
0
0
0
0
0
0
0
0
0
0
0
0
0
0
0.0117647
0.564706
0.372549
0.447059
0.686275
0.752941
0.027451
0
0
0
0
0
0
0
0
0
0
0
0
0
0.498039
0.635294
0.0705882
0
0
0.580392
0.388235
0
0
0
0
0
0
0
0
0
0
0
0
0.270588
0.596078
0.0431373
0
0
0
0.2
0.729412
0
0
0
0
0
0
0
0
0
0
0
0.164706
0.454902
0.0431373
0
0
0
0
0.105882
0.776471
0
0
0
0
0
0
0
0
0
0
0
0.439216
0.164706
0
0
0
0
0
0.0666667
0.8
0
0
0
0
0
0
0
0
0
0
0.176471
0.709804
0.00392157
0
0
0
0
0
0.0705882
0.803922
0
0
0
0
0
0
0
0
0
0
0.431373
0.172549
0
0
0
0
0
0
0.101961
0.772549
0
0
0
0
0
0
0
0
0
0
0.796078
0.101961
0
0
0
0
0
0
0.345098
0.529412
0
0
0
0
0
0
0
0
0
0
0.756863
0.0980392
0
0
0
0
0
0
0.658824
0.321569
0
0
0
0
0
0
0
0
0
0
0.513726
0.447059
0
0
0
0
0
0.439216
0.643137
0
0
0
0
0
0
0
0
0
0
0
0.0745098
0.878431
0.266667
0
0
0
0.313726
0.807843
0.0470588
0
0
0
0
0
0
0
0
0
0
0
0
0.152941
0.803922
0.890196
0.878431
0.905882
0.72549
0.133333
0
0
0
0
0
0
0
0
0
0
0
0
0
0
0
0.00392157
0.0117647
0.0117647
0
0
0
0
0
0
0
0
0
0
0
0
0
0
0
0
0
0
0
0
0
0
0
0
0
0
0
0
0
0
0
0
0
0
0
0
0
0
0
0
0
0
0
0
0
0
0
0
