0
0
0
0
0
0
0
0
0
0
0
0
0
0
0
0
0
0
0
0
0
0
0
0
0
0
0
0
0
0
0
0
0
0
0
0
0
0
0
0
0
0
0
0
0
0
0
0
0
0
0
0
0
0
0
0
0
0
0
0
0
0
0
0
0
0
0
0
0
0
0
0
0
0
0
0
0
0
0
0
0
0
0
0
0
0
0
0
0
0
0
0
0
0
0
0
0
0
0
0
0
0
0
0
0
0
0
0
0.505882
0.890196
0.878431
0.572549
0.0431373
0
0
0
0
0
0
0
0
0
0
0
0
0
0
0
0.0392157
0.231373
0.435294
0.521569
0.772549
0.0941176
0
0
0
0
0
0
0
0
0
0
0
0
0
0
0.172549
0.862745
0.290196
0
0.4
0.792157
0.0431373
0
0
0
0
0
0
0
0
0
0
0
0
0
0.701961
0.258824
0
0
0
0.490196
0.560784
0
0
0
0
0
0
0
0
0
0
0
0
0.247059
0.733333
0
0
0
0
0.00392157
0.764706
0.054902
0
0
0
0
0
0
0
0
0
0
0
0.470588
0.435294
0
0
0
0
0
0.701961
0.101961
0
0
0
0
0
0
0
0
0
0
0
0.47451
0.407843
0
0
0
0
0
0.760784
0.145098
0
0
0
0
0
0
0
0
0
0
0
0.486275
0.423529
0
0
0
0
0.00784314
0.870588
0.0392157
0
0
0
0
0
0
0
0
0
0
0
0.294118
0.698039
0
0
0
0
0.419608
0.592157
0
0
0
0
0
0
0
0
0
0
0
0
0.00392157
0.8
0.321569
0
0
0.164706
0.862745
0.0588235
0
0
0
0
0
0
0
0
0
0
0
0
0
0.113725
0.819608
0.698039
0.533333
0.862745
0.286275
0
0
0
0
0
0
0
0
0
0
0
0
0
0
0
0.0313726
0.235294
0.333333
0.192157
0
0
0
0
0
0
0
0
0
0
0
0
0
0
0
0
0
0
0
0
0
0
0
0
0
0
0
0
0
0
0
0
0
0
0
0
0
0
0
0
0
0
0
0
0
0
0
0
0
0
0
0
0
0
0
0
0
0
0
0
0
0
0
0
0
0
0
