0
0
0
0
0
0
0
0
0
0
0
0
0
0
0
0
0
0
0
0
0
0
0
0
0
0
0
0
0
0
0
0
0
0
0
0
0
0
0
0
0
0
0
0
0
0
0
0
0
0
0
0
0
0
0
0
0
0
0
0
0
0
0
0
0
0
0
0
0
0
0
0
0
0
0
0
0
0
0
0
0
0
0
0
0
0
0
0
0
0
0
0
0
0
0
0
0
0
0
0
0
0
0
0
0
0
0
0
0
0
0
0
0
0
0
0
0
0
0
0
0
0
0
0
0
0
0
0
0
0
0
0
0
0
0
0
0
0
0
0
0
0
0
0
0
0
0
0
0
0
0.121569
0.643137
0.745098
0.52549
0
0
0
0
0
0
0
0
0
0
0
0
0
0
0
0.0941176
0.839216
0.388235
0.156863
0.878431
0.0588235
0
0
0
0
0
0
0
0
0
0
0
0
0
0.376471
0.831373
0.392157
0
0
0.752941
0.054902
0
0
0
0
0
0
0
0
0
0
0
0
0
0.564706
0.796078
0.00784314
0
0
0.627451
0.0352941
0
0
0
0
0
0
0
0
0
0
0
0
0
0.501961
0.188235
0
0
0
0.792157
0.0117647
0
0
0
0
0
0
0
0
0
0
0
0
0
0.576471
0.243137
0
0
0.223529
0.541176
0
0
0
0
0
0
0
0
0
0
0
0
0
0
0.603922
0.270588
0
0.0117647
0.745098
0.266667
0
0
0
0
0
0
0
0
0
0
0
0
0
0
0.580392
0.466667
0.254902
0.780392
0.560784
0
0
0
0
0
0
0
0
0
0
0
0
0
0
0
0.137255
0.670588
0.639216
0.290196
0
0
0
0
0
0
0
0
0
0
0
0
0
0
0
0
0
0
0
0
0
0
0
0
0
0
0
0
0
0
0
0
0
0
0
0
0
0
0
0
0
0
0
0
0
0
0
0
0
0
0
0
0
0
0
0
0
0
0
0
0
0
0
0
0
0
0
0
0
0
0
0
0
0
0
0
0
0
0
0
0
0
0
0
0
0
0
0
