0
0
0
0
0
0
0
0
0
0
0
0
0
0
0
0
0
0
0
0
0
0
0
0
0
0
0
0
0
0
0
0
0
0
0
0
0
0
0
0
0
0
0
0
0
0
0
0
0
0
0
0
0
0
0
0
0
0
0
0
0
0
0
0
0
0
0
0
0
0
0
0
0
0
0
0
0
0
0
0
0
0
0
0
0
0
0
0
0
0
0
0
0
0
0
0
0
0
0
0
0
0
0
0
0
0
0
0
0
0
0.2
0.478431
0.211765
0
0
0
0
0
0
0
0
0
0
0
0
0
0
0
0.0627451
0.552941
0.164706
0.47451
0.866667
0.270588
0
0
0
0
0
0
0
0
0
0
0
0
0
0
0.211765
0.690196
0
0
0.2
0.831373
0
0
0
0
0
0
0
0
0
0
0
0
0
0
0.211765
0.678431
0
0
0
0.619608
0.0431373
0
0
0
0
0
0
0
0
0
0
0
0
0
0.298039
0.592157
0
0
0
0.741176
0.141176
0
0
0
0
0
0
0
0
0
0
0
0
0
0.305882
0.403922
0
0
0
0.737255
0.137255
0
0
0
0
0
0
0
0
0
0
0
0
0
0.396078
0.462745
0
0
0
0.847059
0.027451
0
0
0
0
0
0
0
0
0
0
0
0
0
0.368627
0.486275
0
0
0.0941176
0.823529
0
0
0
0
0
0
0
0
0
0
0
0
0
0
0.239216
0.639216
0
0
0.537255
0.435294
0
0
0
0
0
0
0
0
0
0
0
0
0
0
0.00392157
0.858824
0.192157
0.203922
0.835294
0.0313726
0
0
0
0
0
0
0
0
0
0
0
0
0
0
0
0.231373
0.835294
0.890196
0.203922
0
0
0
0
0
0
0
0
0
0
0
0
0
0
0
0
0
0.00392157
0.00392157
0
0
0
0
0
0
0
0
0
0
0
0
0
0
0
0
0
0
0
0
0
0
0
0
0
0
0
0
0
0
0
0
0
0
0
0
0
0
0
0
0
0
0
0
0
0
0
0
0
0
0
0
0
0
0
0
0
0
0
0
0
0
0
0
0
0
0
0
