0
0
0
0
0
0
0
0
0
0
0
0
0
0
0
0
0
0
0
0
0
0
0
0
0
0
0
0
0
0
0
0
0
0
0
0
0
0
0
0
0
0
0
0
0
0
0
0
0
0
0.0470588
0.141176
0
0
0
0
0
0
0
0
0
0
0
0
0
0
0
0
0
0.454902
0.823529
0.894118
0.345098
0
0
0
0
0
0
0
0
0
0
0
0
0
0
0
0.0627451
0.545098
0.0627451
0.0901961
0.792157
0.239216
0
0
0
0
0
0
0
0
0
0
0
0
0
0
0.360784
0.301961
0
0
0.227451
0.768627
0
0
0
0
0
0
0
0
0
0
0
0
0
0.0627451
0.596078
0.00392157
0
0
0
0.803922
0.0901961
0
0
0
0
0
0
0
0
0
0
0
0
0.141176
0.313726
0
0
0
0
0.572549
0.266667
0
0
0
0
0
0
0
0
0
0
0
0
0.341176
0.286275
0
0
0
0
0.266667
0.505882
0
0
0
0
0
0
0
0
0
0
0
0
0.537255
0.12549
0
0
0
0
0.164706
0.72549
0
0
0
0
0
0
0
0
0
0
0
0
0.466667
0.121569
0
0
0
0
0.00784314
0.858824
0
0
0
0
0
0
0
0
0
0
0
0
0.537255
0.0745098
0
0
0
0
0.00392157
0.807843
0
0
0
0
0
0
0
0
0
0
0
0
0.490196
0.0588235
0
0
0
0
0.00784314
0.847059
0
0
0
0
0
0
0
0
0
0
0
0
0.537255
0.0666667
0
0
0
0
0.0431373
0.823529
0
0
0
0
0
0
0
0
0
0
0
0
0.631373
0.0862745
0
0
0
0
0.270588
0.592157
0
0
0
0
0
0
0
0
0
0
0
0
0.537255
0.0666667
0
0
0
0
0.678431
0.278431
0
0
0
0
0
0
0
0
0
0
0
0
0.670588
0.203922
0
0
0
0.207843
0.709804
0
0
0
0
0
0
0
0
0
0
0
0
0
0.439216
0.490196
0
0
0.0313726
0.741176
0.235294
0
0
0
0
0
0
0
0
0
0
0
0
0
0.0313726
0.831373
0.196078
0.258824
0.803922
0.427451
0
0
0
0
0
0
0
0
0
0
0
0
0
0
0
0.180392
0.835294
0.686275
0.235294
0
0
0
0
0
0
0
0
