0
0
0
0
0
0
0
0
0
0
0
0
0
0
0
0
0
0
0
0
0
0
0
0
0
0
0
0
0
0
0
0
0
0
0
0
0
0
0
0
0
0
0
0
0
0
0
0
0
0
0
0
0
0
0
0
0
0
0
0
0
0
0
0
0
0
0
0
0
0
0
0
0
0
0
0
0
0
0
0
0
0
0
0
0
0
0
0
0
0
0
0
0
0
0
0
0
0
0
0
0
0
0
0
0
0
0
0
0
0
0.313726
0.827451
0.00392157
0
0
0
0
0
0
0
0
0
0
0
0
0
0
0
0
0.309804
0.819608
0.768627
0.545098
0.00784314
0
0
0
0
0
0
0
0
0
0
0
0
0
0
0.0313726
0.847059
0.12549
0.054902
0.709804
0.392157
0
0
0
0
0
0
0
0
0
0
0
0
0
0
0.411765
0.533333
0
0
0.105882
0.721569
0
0
0
0
0
0
0
0
0
0
0
0
0
0
0.823529
0.0941176
0
0
0.00392157
0.827451
0
0
0
0
0
0
0
0
0
0
0
0
0
0.0313726
0.858824
0
0
0
0
0.768627
0
0
0
0
0
0
0
0
0
0
0
0
0
0.105882
0.729412
0
0
0
0
0.690196
0
0
0
0
0
0
0
0
0
0
0
0
0
0.141176
0.741176
0
0
0
0.00392157
0.580392
0
0
0
0
0
0
0
0
0
0
0
0
0
0.133333
0.733333
0
0
0
0.219608
0.494118
0
0
0
0
0
0
0
0
0
0
0
0
0
0.0980392
0.72549
0
0
0
0.705882
0.223529
0
0
0
0
0
0
0
0
0
0
0
0
0
0.0313726
0.894118
0
0
0.270588
0.752941
0
0
0
0
0
0
0
0
0
0
0
0
0
0
0
0.796078
0.164706
0.243137
0.854902
0.156863
0
0
0
0
0
0
0
0
0
0
0
0
0
0
0
0.294118
0.929412
0.701961
0.152941
0
0
0
0
0
0
0
0
0
0
0
0
0
0
0
0
0
0
0
0
0
0
0
0
0
0
0
0
0
0
0
0
0
0
0
0
0
0
0
0
0
0
0
0
0
0
0
0
