0
0
0
0
0
0
0
0
0
0
0
0
0
0
0
0
0
0
0
0
0
0
0
0
0
0
0
0
0
0
0
0
0
0
0
0
0
0
0
0
0
0
0
0
0
0
0
0
0
0
0
0
0
0
0
0
0
0
0
0
0
0
0
0
0
0
0
0
0
0
0
0
0
0
0
0
0
0
0
0
0
0
0
0
0
0
0
0
0
0
0
0
0
0
0
0
0
0
0
0
0
0
0
0
0
0
0
0
0
0.180392
0.666667
0.698039
0.694118
0.427451
0.00392157
0
0
0
0
0
0
0
0
0
0
0
0
0
0.176471
0.858824
0.321569
0.231373
0.235294
0.741176
0.294118
0
0
0
0
0
0
0
0
0
0
0
0
0
0.701961
0.207843
0
0
0
0.266667
0.635294
0
0
0
0
0
0
0
0
0
0
0
0
0.0196078
0.819608
0.00392157
0
0
0
0.054902
0.607843
0
0
0
0
0
0
0
0
0
0
0
0
0.152941
0.745098
0
0
0
0
0.0588235
0.603922
0
0
0
0
0
0
0
0
0
0
0
0
0.219608
0.686275
0
0
0
0
0.164706
0.498039
0
0
0
0
0
0
0
0
0
0
0
0
0.2
0.733333
0
0
0
0
0.67451
0.301961
0
0
0
0
0
0
0
0
0
0
0
0
0.109804
0.831373
0
0
0
0.454902
0.596078
0.00392157
0
0
0
0
0
0
0
0
0
0
0
0.00392157
0.176471
0.0745098
0
0
0.313726
0.611765
0.0313726
0
0
0
0
0
0
0
0
0
0
0
0
0.054902
0.901961
0.509804
0.431373
0.603922
0.721569
0.00392157
0
0
0
0
0
0
0
0
0
0
0
0
0
0
0.12549
0.407843
0.364706
0.337255
0.00392157
0
0
0
0
0
0
0
0
0
0
0
0
0
0
0
0
0
0
0
0
0
0
0
0
0
0
0
0
0
0
0
0
0
0
0
0
0
0
0
0
0
0
0
0
0
0
0
0
0
0
0
0
0
0
0
0
0
0
0
0
0
0
0
0
0
0
0
0
0
0
0
0
0
0
0
0
0
0
0
0
0
0
0
0
0
0
0
0
