0
0
0
0
0
0
0
0
0
0
0
0
0
0
0
0
0
0
0
0
0
0
0
0
0
0
0
0
0
0
0
0
0
0
0
0
0
0
0
0
0
0
0
0
0
0
0
0.0117647
0.666667
0.176471
0.611765
0.796078
0.733333
0.47451
0
0
0
0
0
0
0
0
0
0
0
0
0
0.490196
0.572549
0.00392157
0.0470588
0.105882
0.188235
0.607843
0.67451
0.0313726
0
0
0
0
0
0
0
0
0
0
0.247059
0.529412
0
0
0
0
0
0
0.431373
0.701961
0.00392157
0
0
0
0
0
0
0
0
0.101961
0.556863
0.0705882
0
0
0
0
0
0
0
0.588235
0.403922
0
0
0
0
0
0
0
0
0.113725
0.219608
0
0
0
0
0
0
0
0
0.0666667
0.768627
0
0
0
0
0
0
0
0.027451
0.811765
0
0
0
0
0
0
0
0
0
0
0.427451
0.32549
0
0
0
0
0
0
0.156863
0.690196
0
0
0
0
0
0
0
0
0
0
0.133333
0.705882
0
0
0
0
0
0
0.247059
0.580392
0
0
0
0
0
0
0
0
0
0
0.0470588
0.729412
0
0
0
0
0
0
0.188235
0.486275
0
0
0
0
0
0
0
0
0
0
0.0352941
0.556863
0
0
0
0
0
0
0.168627
0.454902
0
0
0
0
0
0
0
0
0
0
0.0588235
0.764706
0
0
0
0
0
0
0.12549
0.627451
0
0
0
0
0
0
0
0
0
0
0.0901961
0.623529
0
0
0
0
0
0
0
0.572549
0
0
0
0
0
0
0
0
0
0
0.619608
0.337255
0
0
0
0
0
0
0
0.596078
0.294118
0
0
0
0
0
0
0
0
0.152941
0.831373
0.00392157
0
0
0
0
0
0
0
0.223529
0.713726
0
0
0
0
0
0
0
0.0117647
0.737255
0.258824
0
0
0
0
0
0
0
0
0
0.8
0.239216
0
0
0
0
0
0.0235294
0.623529
0.533333
0
0
0
0
0
0
0
0
0
0
0.152941
0.866667
0.352941
0.0196078
0
0
0.203922
0.796078
0.52549
0.00392157
0
0
0
0
0
0
0
0
0
0
0
0.121569
0.639216
0.796078
0.698039
0.866667
0.733333
0.239216
0
0
0
0
0
0
0
0
0
0
0
0
0
0
0
0
0.00392157
0.00784314
0
0
0
0
0
0
0
0
