0
0
0
0
0
0
0
0
0
0
0
0
0
0
0
0
0
0
0
0
0
0
0
0
0
0
0
0
0
0
0
0
0
0
0
0
0
0
0
0
0
0
0
0
0
0
0
0
0
0
0
0
0
0
0
0
0
0
0
0
0
0
0
0
0
0
0
0
0.105882
0.156863
0
0
0
0
0
0
0
0
0
0
0
0
0
0
0
0
0
0
0.756863
0.345098
0.305882
0.101961
0
0
0
0
0
0
0
0
0
0
0
0
0
0
0
0.270588
0.752941
0.156863
0.670588
0.866667
0.443137
0
0
0
0
0
0
0
0
0
0
0
0
0
0
0.552941
0.109804
0
0
0.0588235
0.764706
0.454902
0
0
0
0
0
0
0
0
0
0
0
0
0.00392157
0.658824
0
0
0
0
0.0627451
0.772549
0.411765
0
0
0
0
0
0
0
0
0
0
0
0.00784314
0.823529
0
0
0
0
0
0.133333
0.788235
0.00392157
0
0
0
0
0
0
0
0
0
0
0.0392157
0.839216
0
0
0
0
0
0
0.827451
0.00392157
0
0
0
0
0
0
0
0
0
0
0.121569
0.772549
0
0
0
0
0
0
0.858824
0.00784314
0
0
0
0
0
0
0
0
0
0
0.0117647
0.878431
0
0
0
0
0
0
0.862745
0.00392157
0
0
0
0
0
0
0
0
0
0
0.00784314
0.87451
0
0
0
0
0
0.133333
0.698039
0
0
0
0
0
0
0
0
0
0
0
0
0.839216
0.0313726
0
0
0
0
0.478431
0.498039
0
0
0
0
0
0
0
0
0
0
0
0
0.6
0.403922
0
0
0
0.207843
0.866667
0.0862745
0
0
0
0
0
0
0
0
0
0
0
0
0.0627451
0.823529
0.278431
0
0.356863
0.831373
0.176471
0
0
0
0
0
0
0
0
0
0
0
0
0
0
0.101961
0.792157
0.854902
0.67451
0.00784314
0
0
0
0
0
0
0
0
0
0
0
0
0
0
0
0
0.0117647
0.0862745
0
0
0
0
0
0
0
0
0
0
0
0
0
0
0
0
0
0
0
0
0
0
0
0
0
0
0
0
0
0
0
0
0
0
0
0
0
0
0
0
0
0
0
0
0
0
0
0
0
