0
0
0
0
0
0
0
0
0
0
0
0
0
0
0
0
0
0
0
0
0
0
0
0
0
0
0
0
0
0
0
0
0
0
0
0
0
0
0
0
0
0
0
0
0
0
0
0
0
0
0
0
0
0
0
0
0
0
0
0
0
0
0
0
0
0
0
0
0
0
0
0
0
0
0
0
0
0
0
0
0
0
0
0
0
0
0
0
0
0
0
0
0
0
0
0
0
0
0
0
0
0
0
0
0
0
0
0
0
0
0
0
0
0
0
0
0
0
0
0
0
0
0
0
0
0
0
0
0.231373
0.00784314
0
0.243137
0.294118
0
0
0
0
0
0
0
0
0
0
0
0
0
0
0
0.396078
0.027451
0
0.054902
0.0705882
0
0
0
0
0
0
0
0
0
0
0
0
0
0
0
0
0.105882
0.133333
0
0
0
0
0
0
0
0
0
0
0
0
0
0
0
0
0
0
0.403922
0.470588
0
0
0
0
0
0
0
0
0
0
0
0
0
0
0
0
0
0
0
0.00392157
0
0
0
0
0
0
0
0
0
0
0
0
0
0
0
0
0
0
0.0588235
0.137255
0.211765
0.0117647
0
0
0
0
0
0
0
0
0
0
0
0
0
0
0
0.419608
0.87451
0.694118
0.741176
0.690196
0.0117647
0
0
0
0
0
0
0
0
0
0
0
0
0
0
0.788235
0.0941176
0
0
0.686275
0.360784
0
0
0
0
0
0
0
0
0
0
0
0
0
0
0
0
0
0
0.105882
0.156863
0
0
0
0
0
0
0
0
0
0
0
0
0
0
0
0
0
0
0
0
0
0
0
0
0
0
0
0
0
0
0
0
0
0
0
0
0
0
0
0
0
0
0
0
0
0
0
0
0
0
0
0
0
0
0
0
0
0
0
0
0
0
0
0
0
0
0
0
0
0
0
0
0
0
0
0
0
0
0
0
0
0
0
0
0
0
0
0
0
0
0
0
0
0
0
0
0
0
0
0
0
0
0
0
0
0
