0
0
0
0
0
0
0
0
0
0
0
0
0
0
0
0
0
0
0
0
0
0
0
0
0
0
0
0
0
0
0
0
0
0
0
0
0
0
0
0
0
0
0
0
0
0
0
0
0
0
0
0
0
0
0
0
0
0
0
0
0
0
0
0
0
0
0
0
0
0
0
0
0
0
0
0
0
0
0
0
0
0
0
0
0
0
0
0
0
0
0
0
0
0
0
0
0
0
0
0
0
0
0
0
0
0
0
0
0
0
0
0
0
0
0
0
0
0
0
0
0
0
0
0
0
0
0
0
0
0
0
0
0.00392157
0.0235294
0
0
0
0
0
0
0
0
0
0
0
0
0
0
0
0
0.00392157
0.376471
0.870588
0.862745
0.0352941
0
0
0
0
0
0
0
0
0
0
0
0
0
0
0
0.654902
0.611765
0.0313726
0
0
0
0
0
0
0
0
0
0
0
0
0
0
0
0
0.054902
0.862745
0
0
0
0
0
0
0
0
0
0
0
0
0
0
0
0
0
0
0.145098
0.909804
0.752941
0.831373
0.454902
0
0
0
0
0
0
0
0
0
0
0
0
0
0
0
0.0784314
0.843137
0.164706
0.0980392
0.0352941
0
0
0
0
0
0
0
0
0
0
0
0
0
0
0
0.0627451
0.788235
0
0
0
0
0
0
0
0
0
0
0
0
0
0
0
0
0
0
0.0784314
0.811765
0
0
0
0
0
0
0
0
0
0
0
0
0
0
0
0
0
0
0.0431373
0.823529
0
0
0
0
0
0
0
0
0
0
0
0
0
0
0
0
0
0
0.0117647
0.658824
0
0
0
0
0
0
0
0
0
0
0
0
0
0
0
0
0
0
0
0
0
0
0
0
0
0
0
0
0
0
0
0
0
0
0
0
0
0
0
0
0
0
0
0
0
0
0
0
0
0
0
0
0
0
0
0
0
0
0
0
0
0
0
0
0
0
0
0
0
0
0
0
0
0
0
0
0
0
0
0
0
0
0
0
0
0
0
0
0
