0
0
0
0
0
0
0
0
0
0
0
0
0
0
0
0
0
0
0
0
0
0
0
0
0
0
0
0
0
0
0
0
0
0
0
0
0
0
0
0
0
0
0
0
0
0
0
0
0
0
0
0
0
0
0
0
0
0
0
0
0
0
0
0
0
0
0
0
0
0
0
0
0
0
0
0
0
0
0
0
0
0
0
0
0
0
0
0
0
0
0
0
0
0
0
0
0
0
0
0
0
0
0
0
0
0
0
0
0
0
0
0
0
0
0
0
0
0
0
0
0
0
0
0
0
0
0
0
0
0
0
0
0
0
0
0
0
0
0
0
0
0
0
0
0
0
0
0
0
0
0
0.0941176
0.0901961
0.00392157
0.0117647
0
0
0
0
0
0
0
0
0
0
0
0
0
0
0
0.603922
0.839216
0.678431
0.733333
0.713726
0
0
0
0
0
0
0
0
0
0
0
0
0
0
0.262745
0.713726
0.00392157
0
0
0
0
0
0
0
0
0
0
0
0
0
0
0
0
0
0.298039
0.847059
0.321569
0.572549
0.619608
0
0
0
0
0
0
0
0
0
0
0
0
0
0
0
0.396078
0.72549
0.286275
0.239216
0.176471
0
0
0
0
0
0
0
0
0
0
0
0
0
0
0
0.360784
0.427451
0
0
0
0
0
0
0
0
0
0
0
0
0
0
0
0
0
0
0.4
0.47451
0
0
0
0
0
0
0
0
0
0
0
0
0
0
0
0
0
0
0.298039
0.556863
0
0
0
0
0
0
0
0
0
0
0
0
0
0
0
0
0
0
0.270588
0.670588
0
0
0
0
0
0
0
0
0
0
0
0
0
0
0
0
0
0
0.0117647
0.129412
0
0
0
0
0
0
0
0
0
0
0
0
0
0
0
0
0
0
0
0
0
0
0
0
0
0
0
0
0
0
0
0
0
0
0
0
0
0
0
0
0
0
0
0
0
0
0
0
0
0
0
0
0
0
0
0
0
0
0
0
0
0
0
0
0
0
0
0
0
