0
0
0
0
0
0
0
0
0
0
0
0
0
0
0
0
0
0
0
0
0
0
0
0
0
0
0
0
0
0
0
0
0
0
0
0
0
0
0
0
0
0
0
0
0
0
0
0
0
0
0
0
0
0
0
0
0
0
0
0
0
0
0
0
0
0
0
0
0
0
0
0
0
0
0
0
0
0
0
0
0
0
0
0
0
0
0
0
0
0
0
0
0
0
0
0
0
0
0
0
0
0
0
0
0
0
0
0
0
0
0.368627
0.435294
0
0
0
0
0
0
0
0
0
0
0
0
0
0
0
0
0
0
0.431373
0.498039
0
0
0
0
0
0
0
0
0
0
0
0
0
0
0
0
0
0
0.423529
0.490196
0
0
0
0
0
0
0
0
0
0
0
0
0
0
0
0
0
0
0.419608
0.490196
0
0
0
0
0
0
0
0
0
0
0
0
0
0
0
0
0
0
0.356863
0.545098
0
0
0
0
0
0
0
0
0
0
0
0
0
0
0
0
0
0
0.352941
0.552941
0
0
0
0
0
0
0
0
0
0
0
0
0
0
0
0
0
0
0.345098
0.545098
0
0
0
0
0
0
0
0
0
0
0
0
0
0
0
0
0
0
0.345098
0.545098
0
0
0
0
0
0
0
0
0
0
0
0
0
0
0
0
0
0
0.345098
0.545098
0
0
0
0
0
0
0
0
0
0
0
0
0
0
0
0
0
0
0.352941
0.552941
0
0
0
0
0
0
0
0
0
0
0
0
0
0
0
0
0
0
0.368627
0.568627
0
0
0
0
0
0
0
0
0
0
0
0
0
0
0
0
0
0
0.0862745
0.156863
0
0
0
0
0
0
0
0
0
0
0
0
0
0
0
0
0
0
0
0
0
0
0
0
0
0
0
0
0
0
0
0
0
0
0
0
0
0
0
0
0
0
0
0
0
0
0
0
0
0
0
0
0
0
0
0
0
0
0
0
0
0
0
0
0
0
0
0
