0
0
0
0
0
0
0
0
0
0
0
0
0
0
0
0
0
0
0
0
0
0
0
0
0
0
0
0
0
0
0
0
0
0
0
0
0
0
0
0
0
0
0
0
0
0
0
0
0
0
0
0
0
0
0
0
0
0
0
0
0
0
0
0
0
0
0
0
0
0
0
0
0
0
0
0
0
0
0
0
0
0
0
0
0
0
0
0
0
0
0
0
0
0
0
0
0
0
0
0
0
0
0
0
0
0
0
0
0
0
0.435294
0.329412
0
0
0
0
0
0
0
0
0
0
0
0
0
0
0
0
0
0
0.427451
0.490196
0
0
0
0
0
0
0
0
0
0
0
0
0
0
0
0
0
0
0.313726
0.592157
0
0
0
0
0
0
0
0
0
0
0
0
0
0
0
0
0
0
0.254902
0.588235
0
0
0
0
0
0
0
0
0
0
0
0
0
0
0
0
0
0
0.258824
0.592157
0
0
0
0
0
0
0
0
0
0
0
0
0
0
0
0
0
0
0.235294
0.568627
0
0
0
0
0
0
0
0
0
0
0
0
0
0
0
0
0
0
0.270588
0.603922
0
0
0
0
0
0
0
0
0
0
0
0
0
0
0
0
0
0
0.258824
0.592157
0
0
0
0
0
0
0
0
0
0
0
0
0
0
0
0
0
0
0.258824
0.592157
0
0
0
0
0
0
0
0
0
0
0
0
0
0
0
0
0
0
0.278431
0.611765
0
0
0
0
0
0
0
0
0
0
0
0
0
0
0
0
0
0
0.278431
0.611765
0
0
0
0
0
0
0
0
0
0
0
0
0
0
0
0
0
0
0.270588
0.603922
0
0
0
0
0
0
0
0
0
0
0
0
0
0
0
0
0
0
0.2
0.470588
0
0
0
0
0
0
0
0
0
0
0
0
0
0
0
0
0
0
0
0
0
0
0
0
0
0
0
0
0
0
0
0
0
0
0
0
0
0
0
0
0
0
0
0
0
0
0
0
