0
0
0
0
0
0
0
0
0
0
0
0
0
0
0
0
0
0
0
0
0
0
0
0
0
0
0
0
0
0
0
0
0
0
0
0
0
0
0
0
0
0
0
0
0
0
0
0
0
0
0
0
0
0
0
0
0
0
0
0
0
0
0
0
0
0
0
0
0
0
0
0
0
0
0
0
0
0
0
0
0
0
0
0
0
0
0
0
0
0
0
0
0
0
0
0
0
0
0
0
0
0
0
0
0
0
0
0
0
0
0.137255
0.0431373
0
0
0
0
0
0
0
0
0
0
0
0
0
0
0
0
0
0
0.631373
0.298039
0
0
0
0
0
0
0
0
0
0
0
0
0
0
0
0
0
0
0.619608
0.286275
0
0
0
0
0
0
0
0
0
0
0
0
0
0
0
0
0
0
0.513726
0.2
0
0
0
0
0
0
0
0
0
0
0
0
0
0
0
0
0
0
0.576471
0.309804
0
0
0
0
0
0
0
0
0
0
0
0
0
0
0
0
0
0
0.435294
0.486275
0
0
0
0
0
0
0
0
0
0
0
0
0
0
0
0
0
0
0.392157
0.545098
0
0
0
0
0
0
0
0
0
0
0
0
0
0
0
0
0
0
0.388235
0.588235
0
0
0
0
0
0
0
0
0
0
0
0
0
0
0
0
0
0
0.360784
0.560784
0
0
0
0
0
0
0
0
0
0
0
0
0
0
0
0
0
0
0.356863
0.556863
0
0
0
0
0
0
0
0
0
0
0
0
0
0
0
0
0
0
0.364706
0.564706
0
0
0
0
0
0
0
0
0
0
0
0
0
0
0
0
0
0
0.239216
0.392157
0
0
0
0
0
0
0
0
0
0
0
0
0
0
0
0
0
0
0
0
0
0
0
0
0
0
0
0
0
0
0
0
0
0
0
0
0
0
0
0
0
0
0
0
0
0
0
0
0
0
0
0
0
0
0
0
0
0
0
0
0
0
0
0
0
0
0
0
