0
0
0
0
0
0
0
0
0
0
0
0
0
0
0
0
0
0
0
0
0
0
0
0
0
0
0
0
0
0
0
0
0
0
0
0
0
0
0
0
0
0
0
0
0
0
0
0
0
0
0
0
0
0
0
0
0
0
0
0
0
0
0
0
0
0
0
0
0
0
0
0
0
0
0
0
0
0
0
0
0
0
0
0
0
0
0
0
0
0
0
0
0
0
0
0
0
0
0
0
0
0
0
0
0
0
0
0
0
0
0.172549
0.611765
0
0
0
0
0
0
0
0
0
0
0
0
0
0
0
0
0
0
0.207843
0.67451
0
0
0
0
0
0
0
0
0
0
0
0
0
0
0
0
0
0
0.211765
0.678431
0
0
0
0
0
0
0
0
0
0
0
0
0
0
0
0
0
0
0.192157
0.705882
0
0
0
0
0
0
0
0
0
0
0
0
0
0
0
0
0
0
0.145098
0.745098
0
0
0
0
0
0
0
0
0
0
0
0
0
0
0
0
0
0
0.113725
0.713726
0
0
0
0
0
0
0
0
0
0
0
0
0
0
0
0
0
0
0.105882
0.698039
0
0
0
0
0
0
0
0
0
0
0
0
0
0
0
0
0
0
0.137255
0.737255
0
0
0
0
0
0
0
0
0
0
0
0
0
0
0
0
0
0
0.145098
0.745098
0
0
0
0
0
0
0
0
0
0
0
0
0
0
0
0
0
0
0.145098
0.745098
0
0
0
0
0
0
0
0
0
0
0
0
0
0
0
0
0
0
0.156863
0.756863
0
0
0
0
0
0
0
0
0
0
0
0
0
0
0
0
0
0
0.160784
0.760784
0
0
0
0
0
0
0
0
0
0
0
0
0
0
0
0
0
0
0.0980392
0.572549
0
0
0
0
0
0
0
0
0
0
0
0
0
0
0
0
0
0
0
0
0
0
0
0
0
0
0
0
0
0
0
0
0
0
0
0
0
0
0
0
0
0
0
0
0
0
0
0
