0
0
0
0
0
0
0
0
0
0
0
0
0
0
0
0
0
0
0
0
0
0
0
0
0
0
0
0
0
0
0
0
0
0
0
0
0
0
0
0
0
0
0
0
0
0
0
0
0
0
0
0
0
0
0
0
0
0
0
0
0
0
0
0
0
0
0
0
0
0
0
0
0
0
0
0
0
0
0
0
0
0
0
0
0
0
0
0
0
0
0
0
0
0
0
0
0
0
0
0
0
0
0
0
0
0
0
0
0
0
0.309804
0.368627
0
0
0
0
0
0
0
0
0
0
0
0
0
0
0
0
0
0
0.427451
0.494118
0
0
0
0
0
0
0
0
0
0
0
0
0
0
0
0
0
0
0.411765
0.478431
0
0
0
0
0
0
0
0
0
0
0
0
0
0
0
0
0
0
0.411765
0.478431
0
0
0
0
0
0
0
0
0
0
0
0
0
0
0
0
0
0
0.411765
0.478431
0
0
0
0
0
0
0
0
0
0
0
0
0
0
0
0
0
0
0.423529
0.490196
0
0
0
0
0
0
0
0
0
0
0
0
0
0
0
0
0
0
0.411765
0.478431
0
0
0
0
0
0
0
0
0
0
0
0
0
0
0
0
0
0
0.419608
0.486275
0
0
0
0
0
0
0
0
0
0
0
0
0
0
0
0
0
0
0.423529
0.486275
0
0
0
0
0
0
0
0
0
0
0
0
0
0
0
0
0
0
0.454902
0.443137
0
0
0
0
0
0
0
0
0
0
0
0
0
0
0
0
0
0
0.419608
0.490196
0
0
0
0
0
0
0
0
0
0
0
0
0
0
0
0
0
0
0.396078
0.533333
0
0
0
0
0
0
0
0
0
0
0
0
0
0
0
0
0
0
0
0.00784314
0
0
0
0
0
0
0
0
0
0
0
0
0
0
0
0
0
0
0
0
0
0
0
0
0
0
0
0
0
0
0
0
0
0
0
0
0
0
0
0
0
0
0
0
0
0
0
0
