0
0
0
0
0
0
0
0
0
0
0
0
0
0
0
0
0
0
0
0
0
0
0
0
0
0
0
0
0
0
0
0
0
0
0
0
0
0
0
0
0
0
0
0
0
0
0
0
0
0
0
0
0
0
0
0
0
0
0
0
0
0
0
0
0
0
0
0
0
0
0
0
0
0
0
0
0
0
0
0
0
0
0
0
0
0
0
0
0
0
0
0
0
0
0
0
0
0
0
0
0
0
0
0
0
0
0
0
0
0
0.0235294
0.47451
0
0
0
0
0
0
0
0
0
0
0
0
0
0
0
0
0
0
0.239216
0.705882
0
0
0
0
0
0
0
0
0
0
0
0
0
0
0
0
0
0
0.427451
0.427451
0
0
0
0
0
0
0
0
0
0
0
0
0
0
0
0
0
0
0.486275
0.286275
0
0
0
0
0
0
0
0
0
0
0
0
0
0
0
0
0
0
0.486275
0.286275
0
0
0
0
0
0
0
0
0
0
0
0
0
0
0
0
0
0
0.490196
0.290196
0
0
0
0
0
0
0
0
0
0
0
0
0
0
0
0
0
0
0.513726
0.313726
0
0
0
0
0
0
0
0
0
0
0
0
0
0
0
0
0
0
0.537255
0.337255
0
0
0
0
0
0
0
0
0
0
0
0
0
0
0
0
0
0
0.529412
0.329412
0
0
0
0
0
0
0
0
0
0
0
0
0
0
0
0
0
0
0.537255
0.341176
0
0
0
0
0
0
0
0
0
0
0
0
0
0
0
0
0
0
0.478431
0.411765
0
0
0
0
0
0
0
0
0
0
0
0
0
0
0
0
0
0
0.509804
0.419608
0
0
0
0
0
0
0
0
0
0
0
0
0
0
0
0
0
0
0.427451
0.262745
0
0
0
0
0
0
0
0
0
0
0
0
0
0
0
0
0
0
0
0
0
0
0
0
0
0
0
0
0
0
0
0
0
0
0
0
0
0
0
0
0
0
0
0
0
0
0
0
