0
0
0
0
0
0
0
0
0
0
0
0
0
0
0
0
0
0
0
0
0
0
0
0
0
0
0
0
0
0
0
0
0
0
0
0
0
0
0
0
0
0
0
0
0
0
0
0
0
0
0
0
0
0
0
0
0
0
0
0
0
0
0
0
0
0
0
0
0
0
0
0
0
0
0
0
0
0
0
0
0
0
0
0
0
0
0
0
0
0
0
0
0
0
0
0
0
0
0
0
0
0
0
0
0
0
0
0
0
0
0.0705882
0.00392157
0
0
0
0
0
0
0
0
0
0
0
0
0
0
0
0
0
0
0.686275
0.219608
0
0
0
0
0
0
0
0
0
0
0
0
0
0
0
0
0
0
0.678431
0.211765
0
0
0
0
0
0
0
0
0
0
0
0
0
0
0
0
0
0
0.635294
0.168627
0
0
0
0
0
0
0
0
0
0
0
0
0
0
0
0
0
0
0.647059
0.180392
0
0
0
0
0
0
0
0
0
0
0
0
0
0
0
0
0
0
0.627451
0.160784
0
0
0
0
0
0
0
0
0
0
0
0
0
0
0
0
0
0
0.270588
0.0431373
0
0
0
0
0
0
0
0
0
0
0
0
0
0
0
0
0
0
0.337255
0.0862745
0
0
0
0
0
0
0
0
0
0
0
0
0
0
0
0
0
0
0.470588
0.12549
0
0
0
0
0
0
0
0
0
0
0
0
0
0
0
0
0
0
0.631373
0.235294
0
0
0
0
0
0
0
0
0
0
0
0
0
0
0
0
0
0
0.607843
0.27451
0
0
0
0
0
0
0
0
0
0
0
0
0
0
0
0
0
0
0.627451
0.294118
0
0
0
0
0
0
0
0
0
0
0
0
0
0
0
0
0
0
0.262745
0.101961
0
0
0
0
0
0
0
0
0
0
0
0
0
0
0
0
0
0
0
0
0
0
0
0
0
0
0
0
0
0
0
0
0
0
0
0
0
0
0
0
0
0
0
0
0
0
0
0
