0
0
0
0
0
0
0
0
0
0
0
0
0
0
0
0
0
0
0
0
0
0
0
0
0
0
0
0
0
0
0
0
0
0
0
0
0
0
0
0
0
0
0
0
0
0
0
0
0
0
0
0
0
0
0
0
0
0
0
0
0
0
0
0
0
0
0
0
0
0
0
0
0
0
0
0
0
0
0
0
0
0
0
0
0
0
0
0
0
0
0
0
0
0
0
0
0
0
0
0
0
0
0
0
0
0
0
0
0
0
0.47451
0.203922
0
0
0
0
0
0
0
0
0
0
0
0
0
0
0
0
0
0
0.611765
0.278431
0
0
0
0
0
0
0
0
0
0
0
0
0
0
0
0
0
0
0.6
0.266667
0
0
0
0
0
0
0
0
0
0
0
0
0
0
0
0
0
0
0.6
0.278431
0
0
0
0
0
0
0
0
0
0
0
0
0
0
0
0
0
0
0.388235
0.219608
0
0
0
0
0
0
0
0
0
0
0
0
0
0
0
0
0
0
0.52549
0.32549
0
0
0
0
0
0
0
0
0
0
0
0
0
0
0
0
0
0
0.537255
0.337255
0
0
0
0
0
0
0
0
0
0
0
0
0
0
0
0
0
0
0.541176
0.341176
0
0
0
0
0
0
0
0
0
0
0
0
0
0
0
0
0
0
0.533333
0.333333
0
0
0
0
0
0
0
0
0
0
0
0
0
0
0
0
0
0
0.545098
0.32549
0
0
0
0
0
0
0
0
0
0
0
0
0
0
0
0
0
0
0.588235
0.254902
0
0
0
0
0
0
0
0
0
0
0
0
0
0
0
0
0
0
0.00392157
0
0
0
0
0
0
0
0
0
0
0
0
0
0
0
0
0
0
0
0
0
0
0
0
0
0
0
0
0
0
0
0
0
0
0
0
0
0
0
0
0
0
0
0
0
0
0
0
0
0
0
0
0
0
0
0
0
0
0
0
0
0
0
0
0
0
0
0
0
