0
0
0
0
0
0
0
0
0
0
0
0
0
0
0
0
0
0
0
0
0
0
0
0
0
0
0
0
0
0
0
0
0
0
0
0
0
0
0
0
0
0
0
0
0
0
0
0
0
0
0
0
0
0
0
0
0
0
0
0
0
0
0
0
0
0
0
0
0
0
0
0
0
0
0
0
0
0
0
0
0
0
0
0
0
0
0
0
0
0
0
0.00392157
0
0
0
0
0
0
0
0
0
0
0
0
0
0
0
0
0
0
0.192157
0.658824
0
0
0
0
0
0
0
0
0
0
0
0
0
0
0
0
0
0
0.137255
0.576471
0
0
0
0
0
0
0
0
0
0
0
0
0
0
0
0
0
0
0.109804
0.427451
0
0
0
0
0
0
0
0
0
0
0
0
0
0
0
0
0
0
0.12549
0.501961
0
0
0
0
0
0
0
0
0
0
0
0
0
0
0
0
0
0
0.129412
0.596078
0
0
0
0
0
0
0
0
0
0
0
0
0
0
0
0
0
0
0.121569
0.466667
0
0
0
0
0
0
0
0
0
0
0
0
0
0
0
0
0
0
0.0862745
0.337255
0
0
0
0
0
0
0
0
0
0
0
0
0
0
0
0
0
0
0.0784314
0.4
0
0
0
0
0
0
0
0
0
0
0
0
0
0
0
0
0
0
0.203922
0.670588
0
0
0
0
0
0
0
0
0
0
0
0
0
0
0
0
0
0
0.219608
0.686275
0
0
0
0
0
0
0
0
0
0
0
0
0
0
0
0
0
0
0.219608
0.686275
0
0
0
0
0
0
0
0
0
0
0
0
0
0
0
0
0
0
0.0117647
0.109804
0
0
0
0
0
0
0
0
0
0
0
0
0
0
0
0
0
0
0
0
0
0
0
0
0
0
0
0
0
0
0
0
0
0
0
0
0
0
0
0
0
0
0
0
0
0
0
0
0
0
0
0
0
0
0
0
0
0
0
0
0
0
0
0
0
0
0
0
