0
0
0
0
0
0
0
0
0
0
0
0
0
0
0
0
0
0
0
0
0
0
0
0
0
0
0
0
0
0
0
0
0
0
0
0
0
0
0
0
0
0
0
0
0
0
0
0
0
0
0
0
0
0
0
0
0
0
0
0
0
0
0
0
0
0
0
0
0
0
0
0
0
0
0
0
0
0
0
0
0
0
0
0
0
0
0
0
0
0
0
0
0
0
0
0
0
0
0
0
0
0
0
0
0
0
0
0
0
0
0
0
0
0
0
0
0
0
0
0
0
0
0
0
0
0
0
0
0
0
0
0
0
0
0
0
0
0
0
0
0
0
0
0
0
0
0
0
0
0
0.137255
0.0117647
0
0
0
0
0
0
0
0
0
0
0
0
0
0
0
0
0.0117647
0.588235
0.890196
0.709804
0
0
0
0
0
0
0
0
0
0
0
0
0
0
0
0
0.4
0.72549
0.0901961
0.890196
0
0
0
0
0
0
0
0
0
0
0
0
0
0
0
0
0.537255
0.698039
0.678431
0.972549
0.0196078
0
0
0
0
0
0
0
0
0
0
0
0
0
0
0
0.101961
0.27451
0.341176
0.792157
0.145098
0
0
0
0
0
0
0
0
0
0
0
0
0
0
0
0
0
0
0.737255
0.137255
0
0
0
0
0
0
0
0
0
0
0
0
0
0
0
0
0
0
0.470588
0.133333
0
0
0
0
0
0
0
0
0
0
0
0
0
0
0
0
0
0
0.588235
0.258824
0
0
0
0
0
0
0
0
0
0
0
0
0
0
0
0
0
0
0.513726
0.4
0
0
0
0
0
0
0
0
0
0
0
0
0
0
0
0
0
0
0.2
0.164706
0
0
0
0
0
0
0
0
0
0
0
0
0
0
0
0
0
0
0
0
0
0
0
0
0
0
0
0
0
0
0
0
0
0
0
0
0
0
0
0
0
0
0
0
0
0
0
0
0
0
0
0
0
0
0
0
0
0
0
0
0
0
0
0
0
0
0
