0
0
0
0
0
0
0
0
0
0
0
0
0
0
0
0
0
0
0
0
0
0
0
0
0
0
0
0
0
0
0
0
0
0
0
0
0
0
0
0
0
0
0
0
0
0
0
0
0
0
0
0
0
0
0
0
0
0
0
0
0
0
0
0
0
0
0
0
0
0
0
0
0
0
0
0
0
0
0
0
0
0
0
0
0
0
0
0
0
0
0
0
0
0
0
0
0
0
0
0
0
0
0
0
0
0
0
0
0
0
0
0
0
0
0
0
0
0
0
0
0
0
0
0
0
0
0
0
0.027451
0.392157
0.337255
0
0
0
0
0
0
0
0
0
0
0
0
0
0
0
0
0.0431373
0.741176
0.6
0.572549
0.00392157
0
0
0
0
0
0
0
0
0
0
0
0
0
0
0
0.568627
0.513726
0.054902
0.972549
0.509804
0
0
0
0
0
0
0
0
0
0
0
0
0
0
0
0.752941
0.160784
0
0.698039
0.662745
0
0
0
0
0
0
0
0
0
0
0
0
0
0
0
0.443137
0.6
0.109804
0.678431
0.709804
0
0
0
0
0
0
0
0
0
0
0
0
0
0
0
0
0.498039
0.811765
0.52549
0.760784
0.196078
0
0
0
0
0
0
0
0
0
0
0
0
0
0
0
0
0
0
0.243137
0.737255
0
0
0
0
0
0
0
0
0
0
0
0
0
0
0
0
0
0
0
0.780392
0.145098
0
0
0
0
0
0
0
0
0
0
0
0
0
0
0
0
0
0
0.545098
0.443137
0
0
0
0
0
0
0
0
0
0
0
0
0
0
0
0
0
0
0.164706
0.788235
0
0
0
0
0
0
0
0
0
0
0
0
0
0
0
0
0
0
0.00784314
0.858824
0.00784314
0
0
0
0
0
0
0
0
0
0
0
0
0
0
0
0
0
0
0.00392157
0
0
0
0
0
0
0
0
0
0
0
0
0
0
0
0
0
0
0
0
0
0
0
0
0
0
0
0
0
0
0
0
0
0
0
0
0
0
0
0
0
0
0
0
0
0
