0
0
0
0
0
0
0
0
0
0
0
0
0
0
0
0
0
0
0
0
0
0
0
0
0
0
0
0
0
0
0
0
0
0
0
0
0
0
0
0
0
0
0
0
0
0
0
0
0
0
0
0
0
0
0
0
0
0
0
0
0
0
0
0
0
0
0
0
0
0
0
0
0
0
0
0
0
0
0
0
0
0
0
0
0
0
0
0
0
0
0
0
0
0
0
0
0
0
0
0
0
0
0
0
0
0
0
0
0
0
0
0
0
0
0
0
0
0
0
0
0
0
0
0
0
0
0
0
0
0
0
0
0
0
0
0
0
0
0
0
0
0
0
0
0
0
0
0
0
0
0.4
0.662745
0.670588
0.270588
0
0
0
0
0
0
0
0
0
0
0
0
0
0
0
0.0117647
0.858824
0.47451
0.243137
0.933333
0.0117647
0
0
0
0
0
0
0
0
0
0
0
0
0
0
0
0.309804
0.109804
0
0.898039
0.00392157
0
0
0
0
0
0
0
0
0
0
0
0
0
0
0
0.388235
0.0980392
0.270588
0.756863
0
0
0
0
0
0
0
0
0
0
0
0
0
0
0
0.211765
0.662745
0.835294
0.827451
0.176471
0
0
0
0
0
0
0
0
0
0
0
0
0
0
0
0.443137
0.337255
0.0235294
0
0
0
0
0
0
0
0
0
0
0
0
0
0
0
0
0
0.737255
0.0862745
0
0
0
0
0
0
0
0
0
0
0
0
0
0
0
0
0
0.0862745
0.576471
0
0
0
0
0
0
0
0
0
0
0
0
0
0
0
0
0
0
0.345098
0.494118
0
0
0
0
0
0
0
0
0
0
0
0
0
0
0
0
0
0
0.611765
0.278431
0
0
0
0
0
0
0
0
0
0
0
0
0
0
0
0
0
0
0.0627451
0.0117647
0
0
0
0
0
0
0
0
0
0
0
0
0
0
0
0
0
0
0
0
0
0
0
0
0
0
0
0
0
0
0
0
0
0
0
0
0
0
0
0
0
0
0
0
0
0
0
0
0
0
