0
0
0
0
0
0
0
0
0
0
0
0
0
0
0
0
0
0
0
0
0
0
0
0
0
0
0
0
0
0
0
0
0
0
0
0
0
0
0
0
0
0
0
0
0
0
0
0
0
0
0
0
0
0
0
0
0
0
0
0
0
0
0
0
0
0
0
0
0
0
0
0
0
0
0
0
0
0
0
0
0
0
0
0
0
0
0
0
0
0
0
0
0
0
0
0
0
0
0
0
0
0
0
0
0
0
0
0
0
0
0
0
0
0
0
0
0
0
0
0
0
0
0
0
0
0
0
0
0
0
0
0
0
0
0
0
0
0
0
0
0
0
0
0
0
0
0
0
0
0.00784314
0.203922
0.411765
0.278431
0
0
0
0
0
0
0
0
0
0
0
0
0
0
0
0
0.286275
0.976471
0.611765
0.847059
0.203922
0
0
0
0
0
0
0
0
0
0
0
0
0
0
0
0
0.396078
0.141176
0.654902
0.27451
0
0
0
0
0
0
0
0
0
0
0
0
0
0
0
0
0.333333
0.298039
0.901961
0.0470588
0
0
0
0
0
0
0
0
0
0
0
0
0
0
0
0
0.552941
0.878431
0.239216
0
0
0
0
0
0
0
0
0
0
0
0
0
0
0
0
0
0.552941
0.219608
0
0
0
0
0
0
0
0
0
0
0
0
0
0
0
0
0
0
0.592157
0.258824
0
0
0
0
0
0
0
0
0
0
0
0
0
0
0
0
0
0
0.607843
0.27451
0
0
0
0
0
0
0
0
0
0
0
0
0
0
0
0
0
0
0.607843
0.27451
0
0
0
0
0
0
0
0
0
0
0
0
0
0
0
0
0
0
0.0313726
0.00392157
0
0
0
0
0
0
0
0
0
0
0
0
0
0
0
0
0
0
0
0
0
0
0
0
0
0
0
0
0
0
0
0
0
0
0
0
0
0
0
0
0
0
0
0
0
0
0
0
0
0
0
0
0
0
0
0
0
0
0
0
0
0
0
0
0
0
0
0
