0
0
0
0
0
0
0
0
0
0
0
0
0
0
0
0
0
0
0
0
0
0
0
0
0
0
0
0
0
0
0
0
0
0
0
0
0
0
0
0
0
0
0
0
0
0
0
0
0
0
0
0
0
0
0
0
0
0
0
0
0
0
0
0
0
0
0
0
0
0
0
0
0
0
0
0
0
0
0
0
0
0
0
0
0
0
0
0
0
0
0
0
0
0
0
0
0
0
0
0
0
0
0
0
0
0
0
0
0
0
0
0
0
0
0
0
0
0
0
0
0
0
0
0
0
0
0
0
0
0
0.2
0.592157
0.662745
0.639216
0.776471
0.211765
0
0
0
0
0
0
0
0
0
0
0
0
0
0.380392
0.760784
0.160784
0
0
0.301961
0.776471
0
0
0
0
0
0
0
0
0
0
0
0
0.0117647
0.909804
0.0431373
0
0
0
0.12549
0.819608
0
0
0
0
0
0
0
0
0
0
0
0
0.0117647
0.870588
0
0
0
0.105882
0.705882
0.411765
0
0
0
0
0
0
0
0
0
0
0
0
0.00784314
0.866667
0.337255
0.486275
0.619608
0.431373
0.235294
0
0
0
0
0
0
0
0
0
0
0
0
0
0.00784314
0.862745
0.286275
0.419608
0.168627
0
0
0
0
0
0
0
0
0
0
0
0
0
0
0
0
0.831373
0
0
0
0
0
0
0
0
0
0
0
0
0
0
0
0
0
0
0
0.690196
0.00392157
0
0
0
0
0
0
0
0
0
0
0
0
0
0
0
0
0
0
0.576471
0.164706
0
0
0
0
0
0
0
0
0
0
0
0
0
0
0
0
0
0
0.466667
0.372549
0
0
0
0
0
0
0
0
0
0
0
0
0
0
0
0
0
0
0.380392
0.447059
0
0
0
0
0
0
0
0
0
0
0
0
0
0
0
0
0
0
0.223529
0.266667
0
0
0
0
0
0
0
0
0
0
0
0
0
0
0
0
0
0
0
0
0
0
0
0
0
0
0
0
0
0
0
0
0
0
0
0
0
0
0
0
0
0
0
0
0
0
0
0
0
