0
0
0
0
0
0
0
0
0
0
0
0
0
0
0
0
0
0
0
0
0
0
0
0
0
0
0
0
0
0
0
0
0
0
0
0
0
0
0
0
0
0
0
0
0
0
0
0
0
0
0
0
0
0
0
0
0
0
0
0
0
0
0
0
0
0
0
0
0
0
0
0
0
0
0
0
0
0
0
0
0
0
0
0
0
0
0
0
0
0
0
0
0
0
0
0
0
0
0
0
0
0
0
0
0
0
0
0
0
0
0
0
0
0
0
0
0
0
0
0
0
0
0
0
0
0
0
0
0
0.192157
0.513726
0.341176
0.00392157
0
0
0
0
0
0
0
0
0
0
0
0
0
0
0
0.235294
0.858824
0.411765
0.647059
0.854902
0.176471
0
0
0
0
0
0
0
0
0
0
0
0
0
0
0.690196
0.239216
0
0
0.164706
0.0862745
0
0
0
0
0
0
0
0
0
0
0
0
0
0
0.866667
0.027451
0
0
0
0
0
0
0
0
0
0
0
0
0
0
0
0
0
0
0.764706
0.247059
0
0
0
0
0
0
0
0
0
0
0
0
0
0
0
0
0
0
0.258824
0.960784
0.603922
0.639216
0.490196
0
0
0
0
0
0
0
0
0
0
0
0
0
0
0
0
0.0784314
0
0.0313726
0.890196
0.0784314
0
0
0
0
0
0
0
0
0
0
0
0
0
0
0
0
0
0
0.764706
0.145098
0
0
0
0
0
0
0
0
0
0
0
0
0
0
0
0
0
0
0.827451
0.113725
0
0
0
0
0
0
0
0
0
0
0
0
0
0
0
0.462745
0.670588
0.745098
0.733333
0
0
0
0
0
0
0
0
0
0
0
0
0
0
0
0
0.176471
0.203922
0.211765
0.0117647
0
0
0
0
0
0
0
0
0
0
0
0
0
0
0
0
0
0
0
0
0
0
0
0
0
0
0
0
0
0
0
0
0
0
0
0
0
0
0
0
0
0
0
0
0
0
0
0
0
0
0
0
0
0
0
0
0
0
0
0
0
0
0
0
0
0
0
