0
0
0
0
0
0
0
0
0
0
0
0
0
0
0
0
0
0
0
0
0
0
0
0
0
0
0
0
0
0
0
0
0
0
0
0
0
0
0
0
0
0
0
0
0
0
0
0
0
0
0
0
0
0
0
0
0
0
0
0
0
0
0
0
0
0
0
0
0
0
0
0
0
0
0
0
0
0
0
0
0
0
0
0
0
0
0
0
0
0
0
0
0
0
0
0
0
0
0
0
0
0
0
0
0
0
0
0
0
0
0
0
0
0
0
0
0
0
0
0
0
0
0
0
0
0
0
0
0
0
0
0
0
0
0
0
0
0
0
0
0
0
0
0
0
0
0
0
0.00784314
0.364706
0.533333
0.596078
0.701961
0.811765
0.458824
0
0
0
0
0
0
0
0
0
0
0
0
0
0.560784
0.670588
0.333333
0.219608
0.196078
0.0901961
0.0392157
0
0
0
0
0
0
0
0
0
0
0
0
0
0.670588
0.227451
0
0
0
0
0
0
0
0
0
0
0
0
0
0
0
0
0
0
0.490196
0.486275
0
0
0
0
0
0
0
0
0
0
0
0
0
0
0
0
0
0
0.12549
0.929412
0.737255
0.737255
0.603922
0.0313726
0
0
0
0
0
0
0
0
0
0
0
0
0
0
0
0.113725
0.137255
0.137255
0.666667
0.286275
0
0
0
0
0
0
0
0
0
0
0
0
0
0
0
0
0
0
0.564706
0.333333
0
0
0
0
0
0
0
0
0
0
0
0
0
0
0
0
0.0588235
0.411765
0.843137
0.227451
0
0
0
0
0
0
0
0
0
0
0
0
0
0
0
0
0.372549
0.592157
0.262745
0
0
0
0
0
0
0
0
0
0
0
0
0
0
0
0
0
0
0
0
0
0
0
0
0
0
0
0
0
0
0
0
0
0
0
0
0
0
0
0
0
0
0
0
0
0
0
0
0
0
0
0
0
0
0
0
0
0
0
0
0
0
0
0
0
0
0
0
0
0
0
0
0
0
0
0
0
0
0
0
0
0
0
0
0
0
0
