0
0
0
0
0
0
0
0
0
0
0
0
0
0
0
0
0
0
0
0
0
0
0
0
0
0
0
0
0
0
0
0
0
0
0
0
0
0
0
0
0
0
0
0
0
0
0
0
0
0
0
0
0
0
0
0
0
0
0
0
0
0
0
0
0
0
0
0
0
0
0
0
0
0
0
0
0
0
0
0
0
0
0
0
0
0
0
0
0.00392157
0.00784314
0.00784314
0.00392157
0
0
0
0
0
0
0
0
0
0
0
0
0
0
0
0.192157
0.890196
0.796078
0.87451
0.866667
0.901961
0.909804
0.0745098
0
0
0
0
0
0
0
0
0
0
0
0
0.407843
0.545098
0
0
0
0
0
0
0
0
0
0
0
0
0
0
0
0
0
0
0.345098
0.545098
0
0
0
0
0
0
0
0
0
0
0
0
0
0
0
0
0
0
0.352941
0.552941
0
0
0
0
0
0
0
0
0
0
0
0
0
0
0
0
0
0
0.352941
0.705882
0.345098
0.219608
0
0
0
0
0
0
0
0
0
0
0
0
0
0
0
0
0.364706
0.870588
0.486275
0.701961
0.788235
0.419608
0.0117647
0
0
0
0
0
0
0
0
0
0
0
0
0
0.588235
0.501961
0
0
0.129412
0.701961
0.494118
0
0
0
0
0
0
0
0
0
0
0
0
0
0.145098
0.0784314
0
0
0
0.0862745
0.905882
0.00784314
0
0
0
0
0
0
0
0
0
0
0
0
0
0
0
0
0
0
0.835294
0.0901961
0
0
0
0
0
0
0
0
0
0
0
0
0
0
0
0
0
0
0.8
0.0666667
0
0
0
0
0
0
0
0
0
0
0
0
0
0
0
0
0
0.0470588
0.878431
0.00392157
0
0
0
0
0
0
0
0
0
0
0
0
0
0
0
0
0.105882
0.592157
0.611765
0
0
0
0
0
0
0
0
0
0
0
0
0
0
0.607843
0.760784
0.772549
0.866667
0.478431
0.0313726
0
0
0
0
0
0
0
0
0
0
0
0
0
0
0.156863
0.160784
0.156863
0.0235294
0
0
0
0
0
0
0
0
0
0
0
0
0
0
0
0
0
0
0
0
0
0
0
0
0
0
0
0
