0
0
0
0
0
0
0
0
0
0
0
0
0
0
0
0
0
0
0
0
0
0
0
0
0
0
0
0
0
0
0
0
0
0
0
0
0
0
0
0
0
0
0
0
0
0
0
0
0
0
0
0
0
0
0
0
0
0
0
0
0
0
0
0
0
0
0
0
0
0
0
0
0
0
0
0
0
0
0
0
0
0
0
0
0
0
0
0
0
0
0
0
0
0
0
0
0
0
0
0
0
0
0
0
0
0
0
0
0
0
0
0
0
0
0
0
0
0
0
0
0
0
0
0
0
0
0
0
0
0
0.00784314
0.00392157
0.00784314
0.0235294
0
0
0
0
0
0
0
0
0
0
0
0
0
0
0.231373
0.811765
0.843137
0.8
0.866667
0.890196
0.329412
0
0
0
0
0
0
0
0
0
0
0
0
0
0.760784
0.227451
0
0
0
0
0
0
0
0
0
0
0
0
0
0
0
0
0
0
0.733333
0.286275
0
0
0
0
0
0
0
0
0
0
0
0
0
0
0
0
0
0
0.266667
0.756863
0
0
0
0
0
0
0
0
0
0
0
0
0
0
0
0
0
0
0.145098
0.972549
0.886275
0.72549
0.0431373
0
0
0
0
0
0
0
0
0
0
0
0
0
0
0
0.0117647
0.152941
0.0196078
0.52549
0.443137
0
0
0
0
0
0
0
0
0
0
0
0
0
0
0
0
0
0
0.12549
0.764706
0
0
0
0
0
0
0
0
0
0
0
0
0
0
0
0
0
0
0.0431373
0.690196
0
0
0
0
0
0
0
0
0
0
0
0
0
0
0
0
0
0
0.239216
0.701961
0
0
0
0
0
0
0
0
0
0
0
0
0
0
0
0
0
0.00392157
0.827451
0.254902
0
0
0
0
0
0
0
0
0
0
0
0
0
0
0
0
0
0
0.305882
0
0
0
0
0
0
0
0
0
0
0
0
0
0
0
0
0
0
0
0
0
0
0
0
0
0
0
0
0
0
0
0
0
0
0
0
0
0
0
0
0
0
0
0
0
0
0
0
