0
0
0
0
0
0
0
0
0
0
0
0
0
0
0
0
0
0
0
0
0
0
0
0
0
0
0
0
0
0
0
0
0
0
0
0
0
0
0
0
0
0
0
0
0
0
0
0
0
0
0
0
0
0
0
0
0
0
0
0
0
0
0
0
0
0
0
0
0
0
0
0
0
0
0
0
0
0
0
0
0
0
0
0
0
0
0
0
0
0
0
0
0
0
0
0
0
0
0
0
0
0
0
0
0
0
0
0
0
0
0
0
0
0
0
0
0
0
0
0
0
0
0
0
0
0
0
0
0
0
0
0
0
0
0
0
0
0
0
0
0
0
0
0
0
0
0
0.0705882
0.611765
0.686275
0.647059
0.513726
0.392157
0.360784
0
0
0
0
0
0
0
0
0
0
0
0
0
0.298039
0.709804
0.219608
0.227451
0.32549
0.345098
0.427451
0
0
0
0
0
0
0
0
0
0
0
0
0
0.2
0.752941
0
0
0
0
0
0
0
0
0
0
0
0
0
0
0
0
0
0
0
0.847059
0.0705882
0
0
0
0
0
0
0
0
0
0
0
0
0
0
0
0
0
0
0.713726
0.631373
0.552941
0.603922
0.435294
0.0431373
0
0
0
0
0
0
0
0
0
0
0
0
0
0
0.298039
0.372549
0.219608
0.270588
0.643137
0.545098
0
0
0
0
0
0
0
0
0
0
0
0
0
0
0
0
0
0
0.301961
0.623529
0
0
0
0
0
0
0
0
0
0
0
0
0
0
0
0
0
0.152941
0.780392
0.329412
0
0
0
0
0
0
0
0
0
0
0
0
0
0
0
0.294118
0.705882
0.862745
0.356863
0
0
0
0
0
0
0
0
0
0
0
0
0
0
0
0
0.294118
0.294118
0.027451
0
0
0
0
0
0
0
0
0
0
0
0
0
0
0
0
0
0
0
0
0
0
0
0
0
0
0
0
0
0
0
0
0
0
0
0
0
0
0
0
0
0
0
0
0
0
0
0
0
0
0
0
0
0
0
0
0
0
0
0
0
0
0
0
0
0
0
0
