0
0
0
0
0
0
0
0
0
0
0
0
0
0
0
0
0
0
0
0
0
0
0
0
0
0
0
0
0
0
0
0
0
0
0
0
0
0
0
0
0
0
0
0
0
0
0
0
0
0
0
0
0
0
0
0
0
0
0
0
0
0
0
0
0
0
0
0
0
0
0
0
0
0
0
0
0
0
0
0
0
0
0
0
0
0
0
0
0
0
0
0
0
0
0
0
0
0
0
0
0
0
0
0
0
0
0
0
0
0
0
0
0
0
0
0
0
0
0
0
0
0
0
0
0
0
0
0
0
0
0
0
0
0
0
0
0
0
0
0
0
0
0
0
0
0
0
0
0
0
0.2
0.309804
0.054902
0
0
0
0
0
0
0
0
0
0
0
0
0
0
0
0
0.356863
0.839216
0.619608
0.87451
0.152941
0
0
0
0
0
0
0
0
0
0
0
0
0
0
0.258824
0.972549
0.329412
0.152941
0.709804
0.313726
0
0
0
0
0
0
0
0
0
0
0
0
0
0
0.721569
0.486275
0.733333
0.752941
0.568627
0.0235294
0
0
0
0
0
0
0
0
0
0
0
0
0
0
0.803922
0.160784
0
0
0
0
0
0
0
0
0
0
0
0
0
0
0
0
0
0
0.305882
0.839216
0.52549
0.133333
0.0431373
0.0313726
0
0
0
0
0
0
0
0
0
0
0
0
0
0
0
0.054902
0.419608
0.764706
0.945098
0.321569
0
0
0
0
0
0
0
0
0
0
0
0
0
0
0
0
0
0
0.623529
0.00392157
0
0
0
0
0
0
0
0
0
0
0
0
0
0
0
0
0
0
0
0
0
0
0
0
0
0
0
0
0
0
0
0
0
0
0
0
0
0
0
0
0
0
0
0
0
0
0
0
0
0
0
0
0
0
0
0
0
0
0
0
0
0
0
0
0
0
0
0
0
0
0
0
0
0
0
0
0
0
0
0
0
0
0
0
0
0
0
0
0
0
0
0
0
0
0
0
0
0
0
0
0
0
0
0
0
0
