0
0
0
0
0
0
0
0
0
0
0
0
0
0
0
0
0
0
0
0
0
0
0
0
0
0
0
0
0
0
0
0
0
0
0
0
0
0
0
0
0
0
0
0
0
0
0
0
0
0
0
0
0
0
0
0
0
0
0
0
0
0
0
0
0
0
0
0
0
0
0
0
0
0
0
0
0
0
0
0
0
0
0
0
0
0
0
0
0
0
0
0
0
0
0
0
0
0
0
0
0
0
0
0
0
0
0
0
0
0
0
0
0
0
0
0
0
0
0
0
0
0
0
0
0
0
0
0
0
0
0
0
0
0
0
0
0
0
0
0
0
0
0
0
0
0
0
0
0
0
0.0235294
0.156863
0.0980392
0
0
0
0
0
0
0
0
0
0
0
0
0
0
0
0.0117647
0.113725
0.843137
0.854902
0.898039
0.67451
0.0235294
0
0
0
0
0
0
0
0
0
0
0
0
0.00784314
0.866667
0.992157
0.847059
0.803922
0.807843
0.811765
0.101961
0
0
0
0
0
0
0
0
0
0
0
0
0
0.145098
0.796078
0
0
0
0
0
0
0
0
0
0
0
0
0
0
0
0
0
0
0.223529
0.690196
0
0
0
0
0
0
0
0
0
0
0
0
0
0
0
0
0
0
0.129412
0.886275
0.0862745
0
0
0
0
0
0
0
0
0
0
0
0
0
0
0
0
0
0
0.396078
0.898039
0.788235
0.705882
0.0705882
0
0
0
0
0
0
0
0
0
0
0
0
0
0
0
0
0.0352941
0.172549
0.192157
0.388235
0.0980392
0
0
0
0
0
0
0
0
0
0
0
0
0
0
0
0
0
0
0.156863
0.027451
0
0
0
0
0
0
0
0
0
0
0
0
0
0
0
0
0
0
0
0
0
0
0
0
0
0
0
0
0
0
0
0
0
0
0
0
0
0
0
0
0
0
0
0
0
0
0
0
0
0
0
0
0
0
0
0
0
0
0
0
0
0
0
0
0
0
0
0
0
0
0
0
0
0
0
0
0
0
0
0
0
0
0
0
0
