0
0
0
0
0
0
0
0
0
0
0
0
0
0
0
0
0
0
0
0
0
0
0
0
0
0
0
0
0
0
0
0
0
0
0
0
0
0
0
0
0
0
0
0
0
0
0
0
0
0
0
0
0
0
0
0
0
0
0
0
0
0
0
0
0
0
0
0
0
0
0
0
0
0
0
0
0
0
0
0
0
0
0
0
0
0
0
0
0
0
0
0
0
0
0
0
0
0
0
0
0
0
0
0
0
0
0
0
0
0
0
0
0
0
0
0
0
0
0
0
0
0
0
0
0
0
0
0
0
0.0588235
0.223529
0.145098
0
0
0
0
0
0
0
0
0
0
0
0
0
0
0
0
0.137255
0.866667
0.698039
0.756863
0.831373
0.156863
0
0
0
0
0
0
0
0
0
0
0
0
0
0.105882
0.768627
0.219608
0
0
0.360784
0.662745
0
0
0
0
0
0
0
0
0
0
0
0
0
0.560784
0.427451
0.388235
0.407843
0.470588
0.8
0.431373
0
0
0
0
0
0
0
0
0
0
0
0
0
0.619608
0.294118
0.498039
0.47451
0.447059
0.176471
0
0
0
0
0
0
0
0
0
0
0
0
0
0
0.596078
0.345098
0
0
0
0
0
0
0
0
0
0
0
0
0
0
0
0
0
0
0.0941176
0.862745
0.329412
0.00392157
0
0
0
0
0
0
0
0
0
0
0
0
0
0
0
0
0
0.109804
0.647059
0.819608
0.309804
0.0431373
0.0862745
0
0
0
0
0
0
0
0
0
0
0
0
0
0
0
0
0.113725
0.352941
0.619608
0.819608
0.00392157
0
0
0
0
0
0
0
0
0
0
0
0
0
0
0
0
0
0
0
0
0
0
0
0
0
0
0
0
0
0
0
0
0
0
0
0
0
0
0
0
0
0
0
0
0
0
0
0
0
0
0
0
0
0
0
0
0
0
0
0
0
0
0
0
0
0
0
0
0
0
0
0
0
0
0
0
0
0
0
0
0
0
0
0
0
0
0
0
0
0
0
0
0
0
0
0
0
0
0
0
0
0
0
0
0
