0
0
0
0
0
0
0
0
0
0
0
0
0
0
0
0
0
0
0
0
0
0
0
0
0
0
0
0
0
0
0
0
0
0
0
0
0
0
0
0
0
0
0
0
0
0
0
0
0
0
0
0
0
0
0
0
0
0
0
0
0
0
0
0
0
0
0
0
0
0
0
0
0
0
0
0
0
0
0
0
0
0
0
0
0
0
0
0
0
0
0
0
0
0
0
0
0
0
0
0
0
0
0
0
0
0
0
0
0
0
0
0
0
0
0
0
0
0
0
0
0
0
0
0
0
0
0
0
0
0
0
0
0
0
0
0
0
0
0
0
0
0
0
0
0
0
0
0
0
0
0.141176
0.494118
0.247059
0
0
0
0
0
0
0
0
0
0
0
0
0
0
0
0
0.133333
0.772549
0.498039
0.905882
0.0627451
0
0
0
0
0
0
0
0
0
0
0
0
0
0
0.0352941
0.780392
0.2
0.0431373
0.898039
0.0431373
0
0
0
0
0
0
0
0
0
0
0
0
0
0
0.443137
0.576471
0.121569
0.745098
0.47451
0
0
0
0
0
0
0
0
0
0
0
0
0
0
0
0.737255
0.803922
0.807843
0.376471
0
0
0
0
0
0
0
0
0
0
0
0
0
0
0
0
0.756863
0.423529
0.0117647
0
0
0
0
0
0
0
0
0
0
0
0
0
0
0
0
0
0.568627
0.6
0.0627451
0
0
0
0
0
0
0
0
0
0
0
0
0
0
0
0
0
0.0235294
0.454902
0.713726
0.52549
0.4
0.0784314
0
0
0
0
0
0
0
0
0
0
0
0
0
0
0
0
0
0.258824
0.564706
0.219608
0
0
0
0
0
0
0
0
0
0
0
0
0
0
0
0
0
0
0
0
0
0
0
0
0
0
0
0
0
0
0
0
0
0
0
0
0
0
0
0
0
0
0
0
0
0
0
0
0
0
0
0
0
0
0
0
0
0
0
0
0
0
0
0
0
0
0
0
0
0
0
0
0
0
0
0
0
0
0
0
0
0
0
0
0
0
