0
0
0
0
0
0
0
0
0
0
0
0
0
0
0
0
0
0
0
0
0
0
0
0
0
0
0
0
0
0
0
0
0
0
0
0
0
0
0
0
0
0
0
0
0
0
0
0
0
0
0
0
0
0
0
0
0
0
0
0
0
0
0
0
0
0
0
0
0
0
0
0
0
0
0
0
0
0
0
0
0
0
0
0
0
0
0
0
0
0
0
0
0
0
0
0
0
0
0
0
0
0
0
0
0
0
0
0
0
0
0
0
0
0
0
0
0
0
0
0
0
0
0
0
0
0
0
0
0
0
0
0
0
0
0
0
0
0
0
0
0
0
0
0
0
0
0
0
0
0
0
0
0
0
0
0
0
0
0
0
0
0
0
0
0
0
0
0.0666667
0.513726
0.866667
0.886275
0.27451
0
0
0.447059
0.176471
0
0
0
0
0
0
0
0
0
0
0
0.470588
0.611765
0.0196078
0.564706
0.92549
0.666667
0.00784314
0.0313726
0.00392157
0
0
0
0
0
0
0
0
0
0
0
0.0235294
0.0117647
0
0.572549
0.266667
0.223529
0.00784314
0
0
0
0
0
0
0
0
0
0
0
0
0
0
0
0
0.419608
0.168627
0
0
0
0
0
0
0
0
0
0
0
0
0
0
0
0
0
0
0.478431
0.180392
0
0
0
0
0
0
0
0
0
0
0
0
0
0
0
0
0
0
0.505882
0.211765
0
0
0
0
0
0
0
0
0
0
0
0
0
0
0
0
0
0
0.572549
0.239216
0
0
0
0
0
0
0
0
0
0
0
0
0
0
0
0
0
0
0.611765
0.333333
0
0
0
0
0
0
0
0
0
0
0
0
0
0
0
0
0
0
0.0666667
0.0235294
0
0
0
0
0
0
0
0
0
0
0
0
0
0
0
0
0
0
0
0
0
0
0
0
0
0
0
0
0
0
0
0
0
0
0
0
0
0
0
0
0
0
0
0
0
0
0
0
0
0
0
0
0
0
0
0
0
0
0
0
0
0
0
0
0
0
0
0
