0
0
0
0
0
0
0
0
0
0
0
0
0
0
0
0
0
0
0
0
0
0
0
0
0
0
0
0
0
0
0
0
0
0
0
0
0
0
0
0
0
0
0
0
0
0
0
0
0
0
0
0
0
0
0
0
0
0
0
0
0
0
0
0
0
0
0
0
0
0
0
0
0
0
0
0
0
0
0
0
0
0
0
0
0
0
0
0
0
0
0
0
0
0
0
0
0
0
0
0
0
0
0
0
0
0
0
0
0
0
0
0
0
0
0
0
0
0
0
0
0
0
0
0
0
0
0
0
0
0
0
0
0
0
0
0
0
0
0
0
0
0
0
0
0
0
0
0
0
0
0.192157
0.298039
0.0392157
0
0
0
0
0
0
0
0
0
0
0
0
0
0
0
0
0.156863
0.854902
0.564706
0.827451
0.0588235
0
0
0
0
0
0
0
0
0
0
0
0
0
0
0.0117647
0.756863
0.105882
0
0.643137
0.772549
0
0
0
0
0
0
0
0
0
0
0
0
0
0
0.254902
0.635294
0
0
0.803922
0.945098
0
0
0
0
0
0
0
0
0
0
0
0
0
0
0.478431
0.419608
0
0
0.878431
0.862745
0
0
0
0
0
0
0
0
0
0
0
0
0
0
0.431373
0.690196
0.207843
0.203922
0.933333
0.560784
0
0
0
0
0
0
0
0
0
0
0
0
0
0
0.0117647
0.47451
0.67451
0.670588
0.780392
0.0313726
0
0
0
0
0
0
0
0
0
0
0
0
0
0
0
0
0
0
0.823529
0
0
0
0
0
0
0
0
0
0
0
0
0
0
0
0
0
0
0
0.901961
0.027451
0
0
0
0
0
0
0
0
0
0
0
0
0
0
0
0
0
0
0.490196
0.109804
0
0
0
0
0
0
0
0
0
0
0
0
0
0
0
0
0
0
0
0
0
0
0
0
0
0
0
0
0
0
0
0
0
0
0
0
0
0
0
0
0
0
0
0
0
0
0
0
0
0
0
0
0
0
0
0
0
0
0
0
0
0
0
0
0
0
