0
0
0
0
0
0
0
0
0
0
0
0
0
0
0
0
0
0
0
0
0
0
0
0
0
0
0
0
0
0
0
0
0
0
0
0
0
0
0
0
0
0
0
0
0
0
0
0
0
0
0
0
0
0
0
0
0
0
0
0
0
0
0
0
0
0
0
0
0
0
0
0
0
0
0
0
0
0
0
0
0
0
0
0
0
0
0
0
0
0
0
0
0
0
0
0
0
0
0
0
0
0
0
0
0
0
0
0
0
0
0
0
0
0
0
0
0
0
0
0
0
0
0
0
0
0
0
0
0
0.141176
0.435294
0.156863
0
0
0
0
0
0
0
0
0
0
0
0
0
0
0
0
0.101961
0.839216
0.490196
0.796078
0.192157
0
0
0
0
0
0
0
0
0
0
0
0
0
0
0
0.509804
0.376471
0
0.133333
0.678431
0.0313726
0
0
0
0
0
0
0
0
0
0
0
0
0
0
0.6
0.266667
0
0.0352941
0.941176
0.207843
0
0
0
0
0
0
0
0
0
0
0
0
0
0
0.211765
0.662745
0.0980392
0.203922
0.929412
0.0941176
0
0
0
0
0
0
0
0
0
0
0
0
0
0
0
0.462745
0.8
0.670588
0.760784
0
0
0
0
0
0
0
0
0
0
0
0
0
0
0
0
0
0
0
0.592157
0
0
0
0
0
0
0
0
0
0
0
0
0
0
0
0
0
0
0
0.72549
0
0
0
0
0
0
0
0
0
0
0
0
0
0
0
0
0
0
0
0.666667
0.00392157
0
0
0
0
0
0
0
0
0
0
0
0
0
0
0
0
0
0
0.729412
0.0392157
0
0
0
0
0
0
0
0
0
0
0
0
0
0
0
0
0
0
0.788235
0.0627451
0
0
0
0
0
0
0
0
0
0
0
0
0
0
0
0
0
0
0.745098
0.133333
0
0
0
0
0
0
0
0
0
0
0
0
0
0
0
0
0
0
0.345098
0.0862745
0
0
0
0
0
0
0
0
0
0
0
0
0
0
0
0
0
0
0
0
0
0
0
0
0
0
