0
0
0
0
0
0
0
0
0
0
0
0
0
0
0
0
0
0
0
0
0
0
0
0
0
0
0
0
0
0
0
0
0
0
0
0
0
0
0
0
0
0
0
0
0
0
0
0
0
0
0
0
0
0
0
0
0
0
0
0
0
0
0
0
0
0
0
0
0
0
0
0
0
0
0
0
0
0
0
0
0
0
0
0
0
0
0
0
0
0
0
0
0
0
0
0
0
0
0
0
0
0
0
0
0
0
0
0
0
0
0
0
0
0
0
0
0
0
0
0
0
0
0
0
0
0
0
0
0
0.352941
0.733333
0.266667
0
0
0
0
0
0
0
0
0
0
0
0
0
0
0
0
0.407843
0.701961
0.258824
0.866667
0.133333
0
0
0
0
0
0
0
0
0
0
0
0
0
0
0.133333
0.768627
0.0431373
0
0.698039
0.47451
0
0
0
0
0
0
0
0
0
0
0
0
0
0
0.396078
0.470588
0
0
0.560784
0.647059
0
0
0
0
0
0
0
0
0
0
0
0
0
0
0.247059
0.792157
0.262745
0.286275
0.807843
0.447059
0
0
0
0
0
0
0
0
0
0
0
0
0
0
0
0.305882
0.580392
0.572549
0.8
0.207843
0
0
0
0
0
0
0
0
0
0
0
0
0
0
0
0
0
0
0.556863
0.305882
0
0
0
0
0
0
0
0
0
0
0
0
0
0
0
0
0
0
0.529412
0.329412
0
0
0
0
0
0
0
0
0
0
0
0
0
0
0
0
0
0
0.537255
0.337255
0
0
0
0
0
0
0
0
0
0
0
0
0
0
0
0
0
0
0.47451
0.364706
0
0
0
0
0
0
0
0
0
0
0
0
0
0
0
0
0
0
0.0235294
0.0117647
0
0
0
0
0
0
0
0
0
0
0
0
0
0
0
0
0
0
0
0
0
0
0
0
0
0
0
0
0
0
0
0
0
0
0
0
0
0
0
0
0
0
0
0
0
0
0
0
0
0
0
0
0
0
0
0
0
0
0
0
0
0
0
0
0
0
0
