0
0
0
0
0
0
0
0
0
0
0
0
0
0
0
0
0
0
0
0
0
0
0
0
0
0
0
0
0
0
0
0
0
0
0
0
0
0
0
0
0
0
0
0
0
0
0
0
0
0
0
0
0
0
0
0
0
0
0
0
0
0
0
0
0
0
0
0
0
0
0
0
0
0
0
0
0
0
0
0
0
0
0
0
0
0
0
0
0
0
0
0
0
0
0
0
0
0
0
0
0
0
0
0
0
0
0
0
0
0
0
0
0
0
0
0
0
0
0
0
0
0
0
0
0
0
0
0
0
0
0
0
0
0
0
0
0
0
0
0
0
0
0
0
0
0
0
0
0
0.2
0.192157
0.0313726
0.4
0
0
0
0
0
0
0
0
0
0
0
0
0
0
0
0.294118
0.92549
0.878431
0.203922
0.835294
0
0
0
0
0
0
0
0
0
0
0
0
0
0
0
0.894118
0.196078
0.419608
0.803922
0.811765
0
0
0
0
0
0
0
0
0
0
0
0
0
0
0
0.905882
0.8
0.890196
0.858824
0.486275
0
0
0
0
0
0
0
0
0
0
0
0
0
0
0
0.8
0.756863
0.737255
0.647059
0.788235
0
0
0
0
0
0
0
0
0
0
0
0
0
0
0
0.00784314
0.239216
0.262745
0.0627451
0.72549
0
0
0
0
0
0
0
0
0
0
0
0
0
0
0
0
0
0
0.0431373
0.741176
0
0
0
0
0
0
0
0
0
0
0
0
0
0
0
0
0
0
0.0627451
0.807843
0
0
0
0
0
0
0
0
0
0
0
0
0
0
0
0
0
0
0.00392157
0.901961
0.00784314
0
0
0
0
0
0
0
0
0
0
0
0
0
0
0
0
0
0
0.6
0.0117647
0
0
0
0
0
0
0
0
0
0
0
0
0
0
0
0
0
0
0
0
0
0
0
0
0
0
0
0
0
0
0
0
0
0
0
0
0
0
0
0
0
0
0
0
0
0
0
0
0
0
0
0
0
0
0
0
0
0
0
0
0
0
0
0
0
0
