0
0
0
0
0
0
0
0
0
0
0
0
0
0
0
0
0
0
0
0
0
0
0
0
0
0
0
0
0
0
0
0
0
0
0
0
0
0
0
0
0
0
0
0
0
0
0
0
0
0
0
0
0
0
0
0
0
0
0
0
0
0
0
0
0
0
0
0
0
0
0
0
0
0
0
0
0
0
0
0
0
0
0
0
0
0
0
0
0
0
0
0
0
0
0
0
0
0
0
0
0
0
0
0
0
0
0
0
0
0
0
0
0
0
0
0
0
0
0
0
0
0
0
0
0
0
0
0
0
0
0.133333
0.0941176
0.67451
0.027451
0
0
0
0
0
0
0
0
0
0
0
0
0
0
0.176471
0.866667
0.968627
0.756863
1
0.223529
0
0
0
0
0
0
0
0
0
0
0
0
0
0
0.788235
0.780392
0.678431
0.976471
0.843137
0.0431373
0
0
0
0
0
0
0
0
0
0
0
0
0
0.203922
0.733333
0.129412
0.478431
0.752941
0.658824
0
0
0
0
0
0
0
0
0
0
0
0
0
0
0.196078
0.564706
0.0588235
0.396078
0.941176
0.647059
0
0
0
0
0
0
0
0
0
0
0
0
0
0
0.00392157
0.823529
0.862745
0.533333
0.27451
0.635294
0
0
0
0
0
0
0
0
0
0
0
0
0
0
0
0
0
0
0.203922
0.670588
0
0
0
0
0
0
0
0
0
0
0
0
0
0
0
0
0
0
0.192157
0.701961
0
0
0
0
0
0
0
0
0
0
0
0
0
0
0
0
0
0
0.0980392
0.807843
0
0
0
0
0
0
0
0
0
0
0
0
0
0
0
0
0
0
0.0117647
0.878431
0
0
0
0
0
0
0
0
0
0
0
0
0
0
0
0
0
0
0.0431373
0.847059
0
0
0
0
0
0
0
0
0
0
0
0
0
0
0
0
0
0
0
0.00784314
0
0
0
0
0
0
0
0
0
0
0
0
0
0
0
0
0
0
0
0
0
0
0
0
0
0
0
0
0
0
0
0
0
0
0
0
0
0
0
0
0
0
0
0
0
0
0
