0
0
0
0
0
0
0
0
0
0
0
0
0
0
0
0
0
0
0
0
0
0
0
0
0
0
0
0
0
0
0
0
0
0
0
0
0
0
0
0
0
0
0
0
0
0
0
0
0
0
0
0
0
0
0
0
0
0
0
0
0
0
0
0
0
0
0
0
0
0
0
0
0
0
0
0
0
0
0
0
0
0
0
0
0
0
0
0
0
0
0
0
0
0
0
0
0
0
0
0
0
0
0
0
0
0
0
0
0
0
0
0
0
0
0
0
0
0
0
0
0
0
0
0
0
0
0
0
0.141176
0.462745
0.101961
0.188235
0
0
0
0
0
0
0
0
0
0
0
0
0
0
0
0.0588235
0.854902
0.266667
0.262745
0.854902
0.352941
0
0
0
0
0
0
0
0
0
0
0
0
0
0
0.403922
0.580392
0
0
0.192157
0.756863
0
0
0
0
0
0
0
0
0
0
0
0
0
0
0.541176
0.6
0.32549
0.329412
0.611765
0.733333
0
0
0
0
0
0
0
0
0
0
0
0
0
0
0.0745098
0.505882
0.52549
0.529412
0.423529
0.337255
0
0
0
0
0
0
0
0
0
0
0
0
0
0
0
0
0
0
0.101961
0.694118
0
0
0
0
0
0
0
0
0
0
0
0
0
0
0
0
0
0
0.0980392
0.678431
0
0
0
0
0
0
0
0
0
0
0
0
0
0
0
0
0
0
0.0980392
0.698039
0
0
0
0
0
0
0
0
0
0
0
0
0
0
0
0
0
0
0.0784314
0.768627
0
0
0
0
0
0
0
0
0
0
0
0
0
0
0
0
0
0
0
0.811765
0
0
0
0
0
0
0
0
0
0
0
0
0
0
0
0
0
0
0
0.858824
0.00784314
0
0
0
0
0
0
0
0
0
0
0
0
0
0
0
0
0
0
0.796078
0.0666667
0
0
0
0
0
0
0
0
0
0
0
0
0
0
0
0
0
0
0.00392157
0
0
0
0
0
0
0
0
0
0
0
0
0
0
0
0
0
0
0
0
0
0
0
0
0
0
0
