0
0
0
0
0
0
0
0
0
0
0
0
0
0
0
0
0
0
0
0
0
0
0
0
0
0
0
0
0
0
0
0
0
0
0
0
0
0
0
0
0
0
0
0
0
0
0
0
0
0
0
0
0
0
0
0
0
0
0
0
0
0
0
0
0
0
0
0
0
0
0
0
0
0
0
0
0
0
0
0
0
0
0
0
0
0
0
0
0
0
0
0
0
0
0
0
0
0
0
0
0
0
0
0
0
0
0
0
0
0
0
0
0
0
0
0
0
0
0
0
0
0
0
0
0
0
0
0
0
0
0.152941
0.301961
0
0
0
0
0
0
0
0
0
0
0
0
0
0
0
0
0
0.231373
0.862745
0.619608
0.592157
0
0
0
0
0
0
0
0
0
0
0
0
0
0
0
0.0705882
0.858824
0.145098
0.219608
1
0.12549
0
0
0
0
0
0
0
0
0
0
0
0
0
0
0.278431
0.764706
0.0352941
0.109804
0.996078
0.109804
0
0
0
0
0
0
0
0
0
0
0
0
0
0
0.0117647
0.552941
0.8
0.890196
0.952941
0
0
0
0
0
0
0
0
0
0
0
0
0
0
0
0
0
0
0
0.745098
0.192157
0
0
0
0
0
0
0
0
0
0
0
0
0
0
0
0
0
0
0.552941
0.345098
0
0
0
0
0
0
0
0
0
0
0
0
0
0
0
0
0
0
0.545098
0.345098
0
0
0
0
0
0
0
0
0
0
0
0
0
0
0
0
0
0
0.603922
0.32549
0
0
0
0
0
0
0
0
0
0
0
0
0
0
0.611765
0.67451
0.666667
0.788235
0.843137
0.0627451
0
0
0
0
0
0
0
0
0
0
0
0
0
0
0.133333
0.207843
0.2
0.12549
0.0235294
0
0
0
0
0
0
0
0
0
0
0
0
0
0
0
0
0
0
0
0
0
0
0
0
0
0
0
0
0
0
0
0
0
0
0
0
0
0
0
0
0
0
0
0
0
0
0
0
0
0
0
0
0
0
0
0
0
0
0
0
0
0
0
0
0
0
0
