0
0
0
0
0
0
0
0
0
0
0
0
0
0
0
0
0
0
0
0
0
0
0
0
0
0
0
0
0
0
0
0
0
0
0
0
0
0
0
0
0
0
0
0
0
0
0
0
0
0
0
0
0
0
0
0
0
0
0
0
0
0
0
0
0
0
0
0
0
0
0
0
0
0
0
0
0
0
0
0
0
0
0
0
0
0
0
0
0
0
0
0
0
0
0
0
0
0
0
0
0
0
0
0
0
0
0
0
0
0.172549
0.588235
0.619608
0.376471
0
0
0
0
0
0
0
0
0
0
0
0
0
0
0
0.262745
0.854902
0.345098
0.294118
0.756863
0
0
0
0
0
0
0
0
0
0
0
0
0
0
0.054902
0.858824
0.145098
0
0.0470588
0.921569
0
0
0
0
0
0
0
0
0
0
0
0
0
0
0.207843
0.694118
0
0
0.486275
0.92549
0
0
0
0
0
0
0
0
0
0
0
0
0
0
0.0627451
0.862745
0.709804
0.733333
0.678431
0.894118
0.00392157
0
0
0
0
0
0
0
0
0
0
0
0
0
0
0.0352941
0.2
0.219608
0.027451
0.8
0.0666667
0
0
0
0
0
0
0
0
0
0
0
0
0
0
0
0
0
0
0.772549
0.0588235
0
0
0
0
0
0
0
0
0
0
0
0
0
0
0
0
0
0
0.72549
0.0901961
0
0
0
0
0
0
0
0
0
0
0
0
0
0
0
0
0
0
0.588235
0.0745098
0
0
0
0
0
0
0
0
0
0
0
0
0
0
0
0
0
0
0.690196
0.0980392
0
0
0
0
0
0
0
0
0
0
0
0
0
0.337255
0.309804
0.223529
0.145098
0.129412
0.831373
0.133333
0
0
0
0
0
0
0
0
0
0
0
0
0
0.4
0.580392
0.686275
0.745098
0.729412
0.529412
0
0
0
0
0
0
0
0
0
0
0
0
0
0
0
0
0
0
0
0
0
0
0
0
0
0
0
0
0
0
0
0
0
0
0
0
0
0
0
0
0
0
0
0
0
0
0
0
0
0
0
0
0
0
0
0
0
0
0
0
0
0
0
0
0
0
0
