0
0
0
0
0
0
0
0
0
0
0
0
0
0
0
0
0
0
0
0
0
0
0
0
0
0
0
0
0
0
0
0
0
0
0
0
0
0
0
0
0
0
0
0
0
0
0
0
0
0
0
0
0
0
0
0
0
0
0
0
0
0
0
0
0
0
0
0
0
0
0
0
0
0
0
0
0
0
0
0
0
0
0
0
0
0
0
0
0
0
0
0
0
0
0
0
0
0
0
0
0
0
0
0
0
0
0
0
0
0.278431
0.254902
0.0392157
0.6
0.0901961
0
0
0
0
0
0
0
0
0
0
0
0
0
0
0.419608
0.827451
0.301961
0.0117647
0.890196
0.627451
0
0
0
0
0
0
0
0
0
0
0
0
0
0.188235
0.792157
0.0235294
0
0
0.356863
0.811765
0
0
0
0
0
0
0
0
0
0
0
0
0
0.337255
0.635294
0
0
0
0.0745098
0.976471
0.105882
0
0
0
0
0
0
0
0
0
0
0
0
0.0627451
0.768627
0.843137
0.607843
0.603922
0.811765
0.686275
0.380392
0
0
0
0
0
0
0
0
0
0
0
0
0
0
0.0313726
0.192157
0.270588
0.145098
0.164706
0.654902
0
0
0
0
0
0
0
0
0
0
0
0
0
0
0
0
0
0
0.0901961
0.764706
0
0
0
0
0
0
0
0
0
0
0
0
0
0
0
0
0
0
0.0666667
0.8
0
0
0
0
0
0
0
0
0
0
0
0
0
0
0
0
0
0
0.0705882
0.803922
0
0
0
0
0
0
0
0
0
0
0
0
0
0
0
0
0
0
0.0980392
0.756863
0
0
0
0
0
0
0
0
0
0
0
0
0
0
0
0
0
0
0.521569
0.521569
0
0
0
0
0
0
0
0
0
0
0
0
0.309804
0.572549
0.564706
0.576471
0.643137
0.772549
0.701961
0.054902
0
0
0
0
0
0
0
0
0
0
0
0.294118
0.694118
0.341176
0.137255
0.160784
0.211765
0.152941
0
0
0
0
0
0
0
0
0
0
0
0
0
0.0705882
0.054902
0
0
0
0
0
0
0
0
0
0
0
0
0
0
0
0
0
0
0
0
0
0
0
0
0
0
0
0
0
0
0
0
