0
0
0
0
0
0
0
0
0
0
0
0
0
0
0
0
0
0
0
0
0
0
0
0
0
0
0
0
0
0
0
0
0
0
0
0
0
0
0
0
0
0
0
0
0
0
0
0
0
0
0
0
0
0
0
0
0
0
0
0
0
0
0
0
0
0
0
0
0
0
0
0
0
0
0
0
0
0
0
0
0
0
0
0
0
0
0
0
0
0
0
0
0
0
0
0
0
0
0
0
0
0
0
0
0
0
0
0
0
0
0
0
0
0
0
0
0
0
0
0
0
0
0
0
0
0
0
0
0
0.458824
0.913725
0.92549
0.552941
0
0
0
0
0
0
0
0
0
0
0
0
0
0
0
0.270588
0.705882
0.027451
0.333333
0.996078
0.0784314
0
0
0
0
0
0
0
0
0
0
0
0
0
0
0.709804
0.231373
0
0.0235294
0.909804
0.0941176
0
0
0
0
0
0
0
0
0
0
0
0
0
0
0.498039
0.623529
0.431373
0.396078
0.933333
0.121569
0
0
0
0
0
0
0
0
0
0
0
0
0
0
0.0117647
0.290196
0.466667
0.372549
0.807843
0.196078
0
0
0
0
0
0
0
0
0
0
0
0
0
0
0
0
0
0
0.454902
0.454902
0
0
0
0
0
0
0
0
0
0
0
0
0
0
0
0
0
0
0.345098
0.545098
0
0
0
0
0
0
0
0
0
0
0
0
0
0
0
0
0
0
0.423529
0.509804
0
0
0
0
0
0
0
0
0
0
0
0.0745098
0.0117647
0.0117647
0.00392157
0.00392157
0.00784314
0.12549
0.796078
0.156863
0
0
0
0
0
0
0
0
0
0
0
0.690196
0.878431
0.878431
0.756863
0.729412
0.866667
0.776471
0.258824
0
0
0
0
0
0
0
0
0
0
0
0
0
0
0
0
0
0
0
0
0
0
0
0
0
0
0
0
0
0
0
0
0
0
0
0
0
0
0
0
0
0
0
0
0
0
0
0
0
0
0
0
0
0
0
0
0
0
0
0
0
0
0
0
0
0
0
0
0
0
0
0
0
0
0
0
0
0
0
0
0
0
0
0
0
0
0
